Accession,Title,Series Type,Taxonomy,Sample Count,Datasets,Supplementary Types,Supplementary Links,PubMed ID,SRA Accession,Contact,Release Date
GSE113823,"Time-dependent molecular responses differ between gastric bypass and dieting but are conserved across species","Expression profiling by array;Expression profiling by high throughput sequencing","Homo sapiens;Mus musculus",58,,"CEL","ftp://ftp.ncbi.nlm.nih.gov/geo/series/GSE113nnn/GSE113823/suppl",,,"Danny Ben-Zvi","Jul 09, 2018"
GSE116307,"Combined systemic disruption of MET and EGFR signaling causes liver failure in normal mice","Expression profiling by array","Mus musculus",4,,"CEL","ftp://ftp.ncbi.nlm.nih.gov/geo/series/GSE116nnn/GSE116307/suppl",30031724,,"George K Michalopoulos","Jul 09, 2018"
GSE116555,"Human iPSC-EC differentiation","Expression profiling by high throughput sequencing","Homo sapiens",2,,"RDA;TXT;SRA Run Selector","ftp://ftp.ncbi.nlm.nih.gov/geo/series/GSE116nnn/GSE116555/suppl;https://www.ncbi.nlm.nih.gov/Traces/study/?acc=PRJNA479006",29986945,SRP151820,"Lei Tian","Jul 09, 2018"
GSE116720,"Gene expression, epigenetic modification, and chromatin landscape of skin dermal cells in different body positions [4C]","Other","Mus musculus",2,,"BW;SRA Run Selector","ftp://ftp.ncbi.nlm.nih.gov/geo/series/GSE116nnn/GSE116720/suppl;https://www.ncbi.nlm.nih.gov/Traces/study/?acc=PRJNA479995",30122476,SRP152518,"huanwei huang","Jul 09, 2018"
GSE116721,"Gene expression, epigenetic modification, and chromatin landscape of skin dermal cells in different body positions [ChIP-Seq]","Genome binding/occupancy profiling by high throughput sequencing","Mus musculus",24,,"BW;SRA Run Selector","ftp://ftp.ncbi.nlm.nih.gov/geo/series/GSE116nnn/GSE116721/suppl;https://www.ncbi.nlm.nih.gov/Traces/study/?acc=PRJNA479997",30122476,SRP152519,"huanwei huang","Jul 09, 2018"
GSE116722,"Gene expression, epigenetic modification, and chromatin landscape of skin dermal cells in different body positions [RNA-Seq]","Expression profiling by high throughput sequencing","Mus musculus",7,,"TXT;SRA Run Selector","ftp://ftp.ncbi.nlm.nih.gov/geo/series/GSE116nnn/GSE116722/suppl;https://www.ncbi.nlm.nih.gov/Traces/study/?acc=PRJNA479996",30122476,SRP152522,"huanwei huang","Jul 09, 2018"
GSE106203,"H3K9me3 and H3K36me3 ChIP-seq in WT and H3.3 G34R mouse ES cells","Genome binding/occupancy profiling by high throughput sequencing","Mus musculus",4,,"BW;TXT;SRA Run Selector","ftp://ftp.ncbi.nlm.nih.gov/geo/series/GSE106nnn/GSE106203/suppl;https://www.ncbi.nlm.nih.gov/Traces/study/?acc=PRJNA415918",30087349,SRP121629,"Hsiao Phin Joanna Voon","Jul 08, 2018"
GSE106204,"RNA-seq in WT and H3.3 G34R mouse ES cells","Expression profiling by high throughput sequencing","Mus musculus",2,,"BW;TXT;SRA Run Selector","ftp://ftp.ncbi.nlm.nih.gov/geo/series/GSE106nnn/GSE106204/suppl;https://www.ncbi.nlm.nih.gov/Traces/study/?acc=PRJNA415917",30087349,SRP121628,"Hsiao Phin Joanna Voon","Jul 08, 2018"
GSE106205,"The H3.3 G34R glioma-associated mutation alters H3K9me3 and H3K36me3 chromatin modifications","Genome binding/occupancy profiling by high throughput sequencing;Expression profiling by high throughput sequencing","Mus musculus",6,,"BW;TXT","ftp://ftp.ncbi.nlm.nih.gov/geo/series/GSE106nnn/GSE106205/suppl",30087349,,"Hsiao Phin Joanna Voon","Jul 08, 2018"
GSE110435,"Expression profiling in exosomal miRNAs of patients with late-onset acute graft-versus-host disease in Allogeneic Hematopoietic Stem Cell Transplantation","Other","Homo sapiens",18,,"TXT","ftp://ftp.ncbi.nlm.nih.gov/geo/series/GSE110nnn/GSE110435/suppl",,,"Tomohiro Umezu","Jul 08, 2018"
GSE87500,"Changes of misregulated genes in colon tissues after Setd2 disruption","Expression profiling by array","Mus musculus",6,,"IDAT;TXT","ftp://ftp.ncbi.nlm.nih.gov/geo/series/GSE87nnn/GSE87500/suppl",,,"Li Li","Jul 07, 2018"
GSE87501,"ChIP sequencing of  intestinal cells in setd2f/f mice","Genome binding/occupancy profiling by high throughput sequencing","Mus musculus",3,,"BED;SRA Run Selector","ftp://ftp.ncbi.nlm.nih.gov/geo/series/GSE87nnn/GSE87501/suppl;https://www.ncbi.nlm.nih.gov/Traces/study/?acc=PRJNA344933",,SRP090659,"Li Li","Jul 07, 2018"
GSE87502,"ChIP-seq of intestinal cells and expression profiling of colon tissue after Setd2 disruption","Expression profiling by array;Genome binding/occupancy profiling by high throughput sequencing","Mus musculus",9,,"BED;IDAT","ftp://ftp.ncbi.nlm.nih.gov/geo/series/GSE87nnn/GSE87502/suppl",,,"Li Li","Jul 07, 2018"
GSE100753,"miRNA expression profiling in malignant transformation of human bronchial epithelial cells induced by arsenite","Non-coding RNA profiling by array","Homo sapiens;Mus musculus",2,,"GPR","ftp://ftp.ncbi.nlm.nih.gov/geo/series/GSE100nnn/GSE100753/suppl",,,"shiyan Shi Gu","Jul 07, 2018"
GSE100904,"Transcriptional profiling reveals no response of fungal pathogens to the durable, quantitative Lr34 disease resistance gene of wheat","Expression profiling by high throughput sequencing","Blumeria graminis f. sp. hordei;Puccinia triticina",18,,"TXT;SRA Run Selector","ftp://ftp.ncbi.nlm.nih.gov/geo/series/GSE100nnn/GSE100904/suppl;https://www.ncbi.nlm.nih.gov/Traces/study/?acc=PRJNA393407",,SRP111325,"Coraline Rosalie Praz","Jul 07, 2018"
GSE101122,"circRNA expression in breast cancer cell lines","Non-coding RNA profiling by array","Homo sapiens",4,,"TXT","ftp://ftp.ncbi.nlm.nih.gov/geo/series/GSE101nnn/GSE101122/suppl",,,"Jianzhen Xu","Jul 07, 2018"
GSE101123,"circRNA expression in breast cancer and non-tumor breast tissues","Non-coding RNA profiling by array","Homo sapiens",11,,"TXT","ftp://ftp.ncbi.nlm.nih.gov/geo/series/GSE101nnn/GSE101123/suppl",,,"Jianzhen Xu","Jul 07, 2018"
GSE101124,"circRNA expression in breast cancer","Non-coding RNA profiling by array","Homo sapiens",15,,"TXT","ftp://ftp.ncbi.nlm.nih.gov/geo/series/GSE101nnn/GSE101124/suppl",,,"Jianzhen Xu","Jul 07, 2018"
GSE112799,"Small RNA (sRNA) sequencing data from pre-meiotic and meiotic anthers of H. lilioasphodelus (Daylily)","Expression profiling by high throughput sequencing;Non-coding RNA profiling by high throughput sequencing","Hemerocallis lilioasphodelus",26,,"FASTA;TXT;SRA Run Selector","ftp://ftp.ncbi.nlm.nih.gov/geo/series/GSE112nnn/GSE112799/suppl;https://www.ncbi.nlm.nih.gov/Traces/study/?acc=PRJNA449058",30002159,SRP137816,"Blake C. Meyers","Jul 07, 2018"
GSE112800,"Small RNA (sRNA) sequencing data from pre-meiotic and meiotic anthers of Asparagus","Expression profiling by high throughput sequencing;Non-coding RNA profiling by high throughput sequencing","Asparagus officinalis",37,,"FASTA;TXT;SRA Run Selector","ftp://ftp.ncbi.nlm.nih.gov/geo/series/GSE112nnn/GSE112800/suppl;https://www.ncbi.nlm.nih.gov/Traces/study/?acc=PRJNA449052",30002159,SRP137811,"Blake C. Meyers","Jul 07, 2018"
GSE114818,"Cecal transcriptome by Next Generation Sequencing of WT C57Bl/6 mice treated with water (vehicle) or with antibiotics (AIMD) to induce microbiome depletion .","Expression profiling by high throughput sequencing","Mus musculus",15,,"TXT;SRA Run Selector","ftp://ftp.ncbi.nlm.nih.gov/geo/series/GSE114nnn/GSE114818/suppl;https://www.ncbi.nlm.nih.gov/Traces/study/?acc=PRJNA472763",30030441,SRP148784,"Max Chang","Jul 07, 2018"
GSE116705,"Light enhances growth in non-phototropic Actinobacteria (Aurantimicrobium sp. MWH-Mo1)","Expression profiling by high throughput sequencing","Aurantimicrobium sp. MWH-Mo1",8,,"TXT;SRA Run Selector","ftp://ftp.ncbi.nlm.nih.gov/geo/series/GSE116nnn/GSE116705/suppl;https://www.ncbi.nlm.nih.gov/Traces/study/?acc=PRJNA479963",,SRP152496,"Shawn William Polson","Jul 07, 2018"
GSE116706,"Light enhances growth in non-phototropic Actinobacteria (Rhodoluna lacicola strain Ta8)","Expression profiling by high throughput sequencing","Rhodoluna lacicola",8,,"TXT;SRA Run Selector","ftp://ftp.ncbi.nlm.nih.gov/geo/series/GSE116nnn/GSE116706/suppl;https://www.ncbi.nlm.nih.gov/Traces/study/?acc=PRJNA479962",,SRP152499,"Shawn William Polson","Jul 07, 2018"
GSE116709,"Skeletal muscle of Eif6 heterozygous mice","Expression profiling by array","Mus musculus",8,,"TXT","ftp://ftp.ncbi.nlm.nih.gov/geo/series/GSE116nnn/GSE116709/suppl",29117557,,"Kim Clarke","Jul 07, 2018"
GSE116714,"Skeletal muscle of Eif6 heterozygous mice - soleus","Expression profiling by array","Mus musculus",8,,"TXT","ftp://ftp.ncbi.nlm.nih.gov/geo/series/GSE116nnn/GSE116714/suppl",29117557,,"Kim Clarke","Jul 07, 2018"
GSE116715,"mRNA loading on polysomes in skeletal muscle of Eif6 heterozygous mice","Expression profiling by array","Mus musculus",16,,"TXT","ftp://ftp.ncbi.nlm.nih.gov/geo/series/GSE116nnn/GSE116715/suppl",29117557,,"Kim Clarke","Jul 07, 2018"
GSE116718,"Comparison of single cell expression in yound and old mouse aorta endothelial cells","Expression profiling by high throughput sequencing","Mus musculus",2,,"TXT;SRA Run Selector","ftp://ftp.ncbi.nlm.nih.gov/geo/series/GSE116nnn/GSE116718/suppl;https://www.ncbi.nlm.nih.gov/Traces/study/?acc=PRJNA479979",30075129,SRP152511,"Matteo Pellegrini","Jul 07, 2018"
GSE116723,"Gene expression, epigenetic modification, and chromatin landscape of skin dermal cells in different body positions","Other;Genome binding/occupancy profiling by high throughput sequencing;Expression profiling by high throughput sequencing","Mus musculus",33,,"BW","ftp://ftp.ncbi.nlm.nih.gov/geo/series/GSE116nnn/GSE116723/suppl",30122476,,"huanwei huang","Jul 07, 2018"
GSE116727,"Establishment and characterization of CRISPR/Cas9-mediated insertion of FLT3 ITD K562 cell line: Molecular insight of CD52 in leukemia","Expression profiling by array","Homo sapiens",4,,"TXT","ftp://ftp.ncbi.nlm.nih.gov/geo/series/GSE116nnn/GSE116727/suppl",,,"Akinobu Ota","Jul 07, 2018"
GSE116729,"Defining stationary phase transcriptomes of Campylobacter jejuni cell morphotypes","Expression profiling by high throughput sequencing","Campylobacter jejuni",9,,"TXT;SRA Run Selector","ftp://ftp.ncbi.nlm.nih.gov/geo/series/GSE116nnn/GSE116729/suppl;https://www.ncbi.nlm.nih.gov/Traces/study/?acc=PRJNA480004",,SRP152524,"Ian Frank Connerton","Jul 07, 2018"
GSE116735,"Long noncoding RNAs expression profile in rat extra-synaptic and synaptic NMDAR activation neurons","Non-coding RNA profiling by array","Rattus norvegicus",9,,"GPR","ftp://ftp.ncbi.nlm.nih.gov/geo/series/GSE116nnn/GSE116735/suppl",,,"Huang Fang","Jul 07, 2018"
GSE116750,"Genome-wide maps of chromatin state in iBMDM (immortalized bone-marrow-derived macrophages) cells without or with virus infection","Genome binding/occupancy profiling by high throughput sequencing","Mus musculus",4,,"TXT;SRA Run Selector","ftp://ftp.ncbi.nlm.nih.gov/geo/series/GSE116nnn/GSE116750/suppl;https://www.ncbi.nlm.nih.gov/Traces/study/?acc=PRJNA480040",,SRP152569,"lili Cao","Jul 07, 2018"
GSE116755,"Expression data from anthrax lethal toxin treated primary cardiomyocytes from 1-3-day-old neonatal Balb/c mice","Expression profiling by array","Mus musculus",8,,"CEL;CHP","ftp://ftp.ncbi.nlm.nih.gov/geo/series/GSE116nnn/GSE116755/suppl",,,"Lihong Wu","Jul 07, 2018"
GSE86495,"Metabolic signaling directs the reciprocal lineage decisions of αβ and γδ T cells","Expression profiling by array","Mus musculus",19,,"CEL","ftp://ftp.ncbi.nlm.nih.gov/geo/series/GSE86nnn/GSE86495/suppl",29980617,,"Geoffrey Neale","Jul 06, 2018"
GSE89017,"Genome-wide analysis of 8-oxoguanine DNA glycosylase-1 after oxidative stress exposure","Genome binding/occupancy profiling by high throughput sequencing","Homo sapiens",8,,"TDF;SRA Run Selector","ftp://ftp.ncbi.nlm.nih.gov/geo/series/GSE89nnn/GSE89017/suppl;https://www.ncbi.nlm.nih.gov/Traces/study/?acc=PRJNA349805",29940424,SRP091905,"Istvan Boldogh","Jul 06, 2018"
GSE97090,"RNA sequencing of Dorsal Root Ganglia upon axonal injury, in presence or absence of NAC (N-acetyl cysteine), and upon H2O2 nerve treatment","Expression profiling by high throughput sequencing","Mus musculus",18,,"TXT;SRA Run Selector","ftp://ftp.ncbi.nlm.nih.gov/geo/series/GSE97nnn/GSE97090/suppl;https://www.ncbi.nlm.nih.gov/Traces/study/?acc=PRJNA380654",29520084;29434374,SRP102543,"Ilaria Palmisano","Jul 06, 2018"
GSE98321,"Epididymal white adipose tissue expression data from WT and Abhd15-ko mice on normal chow diet at refed state","Expression profiling by array","Mus musculus",8,,"CEL","ftp://ftp.ncbi.nlm.nih.gov/geo/series/GSE98nnn/GSE98321/suppl",29768196,,"Juliane Bogner-Strauss","Jul 06, 2018"
GSE98996,"Transcriptome analysis the citrus rootstocks of Ziyang xiangcheng (Citrus junos Sieb.) and Poncirus trifoliate (Poncirus trifoliata (L.) Raf.) under saline-alkali stress","Expression profiling by high throughput sequencing","Citrus junos;Citrus sinensis;Citrus trifoliata",12,,"TXT;SRA Run Selector","ftp://ftp.ncbi.nlm.nih.gov/geo/series/GSE98nnn/GSE98996/suppl;https://www.ncbi.nlm.nih.gov/Traces/study/?acc=PRJNA386941",,SRP107172,"Juxun Wu","Jul 06, 2018"
GSE106785,"Real-time quantitative PCR analysis of mouse lung epithelial cells 12 (MLE-12)","Expression profiling by RT-PCR","Mus musculus",4,,"TXT","ftp://ftp.ncbi.nlm.nih.gov/geo/series/GSE106nnn/GSE106785/suppl",30442810,,"Istvan Boldogh","Jul 06, 2018"
GSE106953,"Dysregulated circRNAs in plasma from active tuberculosis patients","Non-coding RNA profiling by array","Homo sapiens",6,,"TXT","ftp://ftp.ncbi.nlm.nih.gov/geo/series/GSE106nnn/GSE106953/suppl",29961269,,"zhengjun Yi","Jul 06, 2018"
GSE107918,"Drug sensitivity screening and genomic characterization of 45 HPV-negative head and neck carcinoma cell lines for novel biomarkers of drug efficacy [CGH]","Genome variation profiling by genome tiling array","Homo sapiens",45,,"TXT","ftp://ftp.ncbi.nlm.nih.gov/geo/series/GSE107nnn/GSE107918/suppl",,,"Outi Monni","Jul 06, 2018"
GSE108061,"Drug sensitivity screening and genomic characterization of 45 HPV-negative head and neck carcinoma cell lines for novel biomarkers of drug efficacy [gene expression]","Expression profiling by array","Homo sapiens",45,,"IDAT;TXT;XLSX","ftp://ftp.ncbi.nlm.nih.gov/geo/series/GSE108nnn/GSE108061/suppl",,,"Outi Monni","Jul 06, 2018"
GSE108062,"Drug sensitivity screening and genomic characterization of 45 HPV-negative head and neck carcinoma cell lines for novel biomarkers of drug efficacy","Genome variation profiling by genome tiling array;Expression profiling by array","Homo sapiens",90,,"IDAT;TXT","ftp://ftp.ncbi.nlm.nih.gov/geo/series/GSE108nnn/GSE108062/suppl",29970484,,"Outi Monni","Jul 06, 2018"
GSE109599,"Characterization of the accessible genome in the human malaria parasite Plasmodium falciparum","Genome binding/occupancy profiling by high throughput sequencing","Plasmodium falciparum",17,,"BED;BEDGRAPH;TXT;SRA Run Selector","ftp://ftp.ncbi.nlm.nih.gov/geo/series/GSE109nnn/GSE109599/suppl;https://www.ncbi.nlm.nih.gov/Traces/study/?acc=PRJNA431449",30016465,SRP131244,"Jose Luis Ruiz Rodriguez","Jul 06, 2018"
GSE110588,"Single cell and pooled embryo RNA-seq of of early Ciona embryos","Expression profiling by high throughput sequencing","Ciona intestinalis",105,,"TXT;SRA Run Selector","ftp://ftp.ncbi.nlm.nih.gov/geo/series/GSE110nnn/GSE110588/suppl;https://www.ncbi.nlm.nih.gov/Traces/study/?acc=PRJNA434069",,SRP132849,"Nicholas Treen","Jul 06, 2018"
GSE111643,"CRISPR-SKIP: Programmable Gene Splicing with Single Base Editors [RNA-seq]","Expression profiling by high throughput sequencing","Homo sapiens",16,,"CSV;SRA Run Selector","ftp://ftp.ncbi.nlm.nih.gov/geo/series/GSE111nnn/GSE111643/suppl;https://www.ncbi.nlm.nih.gov/Traces/study/?acc=PRJNA437656",30107853,SRP134380,"Alan Luu","Jul 06, 2018"
GSE111644,"CRISPR-SKIP: Programmable Gene Splicing with Single Base Editors [gDNA]","Other","Homo sapiens",16,,"XLSX;SRA Run Selector","ftp://ftp.ncbi.nlm.nih.gov/geo/series/GSE111nnn/GSE111644/suppl;https://www.ncbi.nlm.nih.gov/Traces/study/?acc=PRJNA437654",30107853,SRP134379,"Alan Luu","Jul 06, 2018"
GSE111645,"CRISPR-SKIP: Programmable Gene Splicing with Single Base Editors [off-targets]","Other","Homo sapiens",3,,"TXT;SRA Run Selector","ftp://ftp.ncbi.nlm.nih.gov/geo/series/GSE111nnn/GSE111645/suppl;https://www.ncbi.nlm.nih.gov/Traces/study/?acc=PRJNA437655",30107853,SRP134378,"Alan Luu","Jul 06, 2018"
GSE111646,"CRISPR-SKIP: Programmable Gene Splicing with Single Base Editors","Expression profiling by high throughput sequencing;Other","Homo sapiens",35,,"TXT","ftp://ftp.ncbi.nlm.nih.gov/geo/series/GSE111nnn/GSE111646/suppl",30107853,,"Alan Luu","Jul 06, 2018"
GSE112622,"LTR retrotransposons transcribed in oocytes drive species-specific and heritable changes in DNA methylation","Expression profiling by high throughput sequencing;Genome binding/occupancy profiling by high throughput sequencing","Mus musculus;Rattus norvegicus",10,,"BW;SRA Run Selector","ftp://ftp.ncbi.nlm.nih.gov/geo/series/GSE112nnn/GSE112622/suppl;https://www.ncbi.nlm.nih.gov/Traces/study/?acc=PRJNA448528",30127397,SRP136995,"Matthew C Lorincz","Jul 06, 2018"
GSE112982,"Metabolic signaling directs the reciprocal lineage decisions of αβ and γδ T cells","Expression profiling by high throughput sequencing","Mus musculus",5,,"MTX;TSV;SRA Run Selector","ftp://ftp.ncbi.nlm.nih.gov/geo/series/GSE112nnn/GSE112982/suppl;https://www.ncbi.nlm.nih.gov/Traces/study/?acc=PRJNA449676",29980617,SRP139554,"Hongbo Chi","Jul 06, 2018"
GSE113764,"Transcriptome of human white and brown adipose tissue biopsies","Expression profiling by high throughput sequencing","Homo sapiens",30,,"TXT;SRA Run Selector","ftp://ftp.ncbi.nlm.nih.gov/geo/series/GSE113nnn/GSE113764/suppl;https://www.ncbi.nlm.nih.gov/Traces/study/?acc=PRJNA453955",29909972,SRP143467,"Tobias Fromme","Jul 06, 2018"
GSE113810,"Compounds released by the biocontrol yeast Hanseniaspora opuntiae protect plants against Corynespora cassiicola and Botrytis cinerea","Expression profiling by high throughput sequencing","Arabidopsis thaliana",2,,"TXT;SRA Run Selector","ftp://ftp.ncbi.nlm.nih.gov/geo/series/GSE113nnn/GSE113810/suppl;https://www.ncbi.nlm.nih.gov/Traces/study/?acc=PRJNA454017",30065716,SRP143522,"Damien Formey","Jul 06, 2018"
GSE114075,"Biogenesis of a young, 22-nt microRNA in Phaseoleae species by precursor-programmed uridylation","Non-coding RNA profiling by high throughput sequencing","Arabidopsis thaliana;Cajanus cajan;Vigna radiata",5,,"TXT;SRA Run Selector","ftp://ftp.ncbi.nlm.nih.gov/geo/series/GSE114nnn/GSE114075/suppl;https://www.ncbi.nlm.nih.gov/Traces/study/?acc=PRJNA464063",30012624,SRP144663,"Blake C. Meyers","Jul 06, 2018"
GSE115172,"Increased lactate secretion by cancer cells sustains non-cell-autonomous adaptive resistance to MET and EGFR targeted therapies.","Expression profiling by high throughput sequencing","Mus musculus",4,,"TXT;SRA Run Selector","ftp://ftp.ncbi.nlm.nih.gov/geo/series/GSE115nnn/GSE115172/suppl;https://www.ncbi.nlm.nih.gov/Traces/study/?acc=PRJNA474003",30174307,SRP149454,"Diego Pasini","Jul 06, 2018"
GSE116625,"Salt-responsive miRNAs and target genes of Salix matsudana Koidz","Non-coding RNA profiling by high throughput sequencing","Salix matsudana",3,,"FASTA;XLSX;SRA Run Selector","ftp://ftp.ncbi.nlm.nih.gov/geo/series/GSE116nnn/GSE116625/suppl;https://www.ncbi.nlm.nih.gov/Traces/study/?acc=PRJNA479684",,SRP152029,"Xiaojiao Han","Jul 06, 2018"
GSE116630,"Dynamic Patterns of Threat-associated Gene Expression in the Amygdala and Blood","Expression profiling by high throughput sequencing","Mus musculus",30,,"TXT;SRA Run Selector","ftp://ftp.ncbi.nlm.nih.gov/geo/series/GSE116nnn/GSE116630/suppl;https://www.ncbi.nlm.nih.gov/Traces/study/?acc=PRJNA479752",,SRP152146,"Adriana Lori","Jul 06, 2018"
GSE116632,"AHR ChIP-seq in lymphoblastoid cell line","Genome binding/occupancy profiling by high throughput sequencing","Homo sapiens",6,,"BED;SRA Run Selector","ftp://ftp.ncbi.nlm.nih.gov/geo/series/GSE116nnn/GSE116632/suppl;https://www.ncbi.nlm.nih.gov/Traces/study/?acc=PRJNA479757",,SRP152200,"Richard Weinshilboum","Jul 06, 2018"
GSE116637,"RNA-seq of eight lymphoblastoid cell lines after AHR ligand treatments","Expression profiling by high throughput sequencing","Homo sapiens",48,,"TXT;SRA Run Selector","ftp://ftp.ncbi.nlm.nih.gov/geo/series/GSE116nnn/GSE116637/suppl;https://www.ncbi.nlm.nih.gov/Traces/study/?acc=PRJNA479764",,SRP152203,"Richard Weinshilboum","Jul 06, 2018"
GSE116638,"Role of AHR in lymphoblastoid cell lines","Genome binding/occupancy profiling by high throughput sequencing;Expression profiling by high throughput sequencing","Homo sapiens",54,,"BED","ftp://ftp.ncbi.nlm.nih.gov/geo/series/GSE116nnn/GSE116638/suppl",,,"Richard Weinshilboum","Jul 06, 2018"
GSE116640,"Segregation of the mammalian germline and soma is policed by Otx2","Expression profiling by array","Mus musculus",21,,"TXT","ftp://ftp.ncbi.nlm.nih.gov/geo/series/GSE116nnn/GSE116640/suppl",30283136,,"Ian Paul Chambers","Jul 06, 2018"
GSE116676,"Microarray expression data from iSOD2 adapted livers","Expression profiling by array","Mus musculus",10,,"CEL;CHP","ftp://ftp.ncbi.nlm.nih.gov/geo/series/GSE116nnn/GSE116676/suppl",,,"Gerald Shadel","Jul 06, 2018"
GSE116686,"Diurnal oscillations in human salivary microRNA and microbial transcription","Other;Non-coding RNA profiling by high throughput sequencing","Homo sapiens",120,,"TXT;SRA Run Selector","ftp://ftp.ncbi.nlm.nih.gov/geo/series/GSE116nnn/GSE116686/suppl;https://www.ncbi.nlm.nih.gov/Traces/study/?acc=PRJNA479866",30020932,SRP152325,"Frank A Middleton","Jul 06, 2018"
GSE116687,"RNA-Sequencing identifies differentially expressed genes in adult male tilapia following low Benzo (a) Pyrene (BaP) exposure","Expression profiling by high throughput sequencing","Oreochromis niloticus",14,,"TXT;SRA Run Selector","ftp://ftp.ncbi.nlm.nih.gov/geo/series/GSE116nnn/GSE116687/suppl;https://www.ncbi.nlm.nih.gov/Traces/study/?acc=PRJNA479868",,SRP152337,"Reyna Cristina Colli-Dula","Jul 06, 2018"
GSE116688,"MTG1-RNA IP","Other","Homo sapiens",4,,"BEDGRAPH;SRA Run Selector","ftp://ftp.ncbi.nlm.nih.gov/geo/series/GSE116nnn/GSE116688/suppl;https://www.ncbi.nlm.nih.gov/Traces/study/?acc=PRJNA479873",,SRP152338,"Antonio Barrientos","Jul 06, 2018"
GSE116690,"Gene expression analysis of E16.5 Stk11-sufficient control and Sk11-/- lungs","Expression profiling by high throughput sequencing","Mus musculus",4,,"TXT;SRA Run Selector","ftp://ftp.ncbi.nlm.nih.gov/geo/series/GSE116nnn/GSE116690/suppl;https://www.ncbi.nlm.nih.gov/Traces/study/?acc=PRJNA479877",,SRP152348,"huanwei huang","Jul 06, 2018"
GSE116701,"Analysis of Wild Type and Leptin-overexpressing Pig PBMC Transcriptomes","Expression profiling by high throughput sequencing","Sus scrofa",6,,"TXT;SRA Run Selector","ftp://ftp.ncbi.nlm.nih.gov/geo/series/GSE116nnn/GSE116701/suppl;https://www.ncbi.nlm.nih.gov/Traces/study/?acc=PRJNA479928",,SRP152379,"junchen chen","Jul 06, 2018"
GSE74982,"Expression data of T follicular helper (Tfh) and memory CD4 T cells from non malignant tonsils (TONS).","Expression profiling by array","Homo sapiens",12,,"CEL","ftp://ftp.ncbi.nlm.nih.gov/geo/series/GSE74nnn/GSE74982/suppl",30087107,,"Patricia Amé-Thomas","Jul 05, 2018"
GSE88941,"Reconstruction of a Global Transcriptional Regulatory Network for Control of Lipid Metabolism in Yeast by Using Chromatin Immunoprecipitation with Lambda Exonuclease Digestion","Genome binding/occupancy profiling by high throughput sequencing","Saccharomyces cerevisiae",40,,"XLSX;SRA Run Selector","ftp://ftp.ncbi.nlm.nih.gov/geo/series/GSE88nnn/GSE88941/suppl;https://www.ncbi.nlm.nih.gov/Traces/study/?acc=PRJNA349158",30073202,SRP091770,"David Bergenholm","Jul 05, 2018"
GSE89918,"miR-222 regulation of the tolerized LPS response","Expression profiling by high throughput sequencing","Mus musculus",6,,"CSV;SRA Run Selector","ftp://ftp.ncbi.nlm.nih.gov/geo/series/GSE89nnn/GSE89918/suppl;https://www.ncbi.nlm.nih.gov/Traces/study/?acc=PRJNA354306",29950719,SRP093619,"Sankar Ghosh","Jul 05, 2018"
GSE92892,"Generation of muscle stem cells from pluripotent stem cells","Expression profiling by high throughput sequencing","Mus musculus",12,,"TXT;SRA Run Selector","ftp://ftp.ncbi.nlm.nih.gov/geo/series/GSE92nnn/GSE92892/suppl;https://www.ncbi.nlm.nih.gov/Traces/study/?acc=PRJNA358733",29979993,SRP095625,"Sunny Sun-Kin Chan","Jul 05, 2018"
GSE97685,"A versatile drug delivery system targeting senescent cells","Expression profiling by high throughput sequencing","Mus musculus",14,,"TXT;SRA Run Selector","ftp://ftp.ncbi.nlm.nih.gov/geo/series/GSE97nnn/GSE97685/suppl;https://www.ncbi.nlm.nih.gov/Traces/study/?acc=PRJNA382665",30012580,SRP103831,"Manuel Serrano","Jul 05, 2018"
GSE99829,"p62 sustains a protumorigenic gene signature in melanoma opposing mRNA-dependent decay [SKMEL_3days]","Expression profiling by array","Homo sapiens",3,,"TXT","ftp://ftp.ncbi.nlm.nih.gov/geo/series/GSE99nnn/GSE99829/suppl",,,"Karras Panagiotis","Jul 05, 2018"
GSE99830,"p62 sustains a protumorigenic gene signature in melanoma opposing mRNA-dependent decay [SKMEL_6days]","Expression profiling by array","Homo sapiens",3,,"TXT","ftp://ftp.ncbi.nlm.nih.gov/geo/series/GSE99nnn/GSE99830/suppl",,,"Karras Panagiotis","Jul 05, 2018"
GSE99831,"p62 sustains a protumorigenic gene signature in melanoma opposing mRNA-dependent decay [UACC62_3days]","Expression profiling by array","Homo sapiens",3,,"TXT","ftp://ftp.ncbi.nlm.nih.gov/geo/series/GSE99nnn/GSE99831/suppl",,,"Karras Panagiotis","Jul 05, 2018"
GSE99832,"p62 sustains a protumorigenic gene signature in melanoma opposing mRNA-dependent decay [UACC62_6days]","Expression profiling by array","Homo sapiens",3,,"TXT","ftp://ftp.ncbi.nlm.nih.gov/geo/series/GSE99nnn/GSE99832/suppl",,,"Karras Panagiotis","Jul 05, 2018"
GSE99833,"p62 sustains a protumorigenic gene signature in melanoma opposing mRNA-dependent decay","Expression profiling by array","Homo sapiens",12,,"TXT","ftp://ftp.ncbi.nlm.nih.gov/geo/series/GSE99nnn/GSE99833/suppl",,,"Karras Panagiotis","Jul 05, 2018"
GSE100811,"Transcriptomics analysis in 3T3L1 preadipocytes with activation of p53 via Nutlin-3a treatment","Expression profiling by high throughput sequencing","Mus musculus",4,,"TXT;SRA Run Selector","ftp://ftp.ncbi.nlm.nih.gov/geo/series/GSE100nnn/GSE100811/suppl;https://www.ncbi.nlm.nih.gov/Traces/study/?acc=PRJNA393137",,SRP111117,"madavan vasudevan","Jul 05, 2018"
GSE100885,"Anti-Tumor Activity of Entrectinib, a Pan-TRK, ROS1 and ALK Inhibitor, in ETV6-NTRK3-Positive Acute Myeloid Leukemia","Expression profiling by high throughput sequencing","Homo sapiens",2,,"TXT;SRA Run Selector","ftp://ftp.ncbi.nlm.nih.gov/geo/series/GSE100nnn/GSE100885/suppl;https://www.ncbi.nlm.nih.gov/Traces/study/?acc=PRJNA393349",,SRP111290,"Ian M Silverman","Jul 05, 2018"
GSE101405,"In vivo metabolic disorders induced by a pesticide cocktail at the Acceptable Daily Intake level","Expression profiling by array","Mus musculus",24,,"TXT","ftp://ftp.ncbi.nlm.nih.gov/geo/series/GSE101nnn/GSE101405/suppl",29950287,,"laurence Gamet-Payrastre","Jul 05, 2018"
GSE101443,"Genome-wide DNA methylation pattern changes in basal-like breast cancer patients","Methylation profiling by array","Homo sapiens",8,,"IDAT","ftp://ftp.ncbi.nlm.nih.gov/geo/series/GSE101nnn/GSE101443/suppl",29938218,,"Martin Bizet","Jul 05, 2018"
GSE101444,"Genome-wide hydroxymethylcytosine pattern changes in basal-like breast cancer patients","Methylation profiling by high throughput sequencing","Homo sapiens",8,,"WIG;SRA Run Selector","ftp://ftp.ncbi.nlm.nih.gov/geo/series/GSE101nnn/GSE101444/suppl;https://www.ncbi.nlm.nih.gov/Traces/study/?acc=PRJNA394247",29938218,SRP111948,"Martin Bizet","Jul 05, 2018"
GSE101445,"Genome-wide methylation and hydroxymethylcytosine pattern changes in basal-like breast cancer patients","Methylation profiling by array;Methylation profiling by high throughput sequencing","Homo sapiens",16,,"IDAT;WIG","ftp://ftp.ncbi.nlm.nih.gov/geo/series/GSE101nnn/GSE101445/suppl",29938218,,"Martin Bizet","Jul 05, 2018"
GSE101987,"BAP1 links epigenetic regulation of ferroptosis to tumor suppression","Genome binding/occupancy profiling by high throughput sequencing","Homo sapiens",6,,"BW;SRA Run Selector","ftp://ftp.ncbi.nlm.nih.gov/geo/series/GSE101nnn/GSE101987/suppl;https://www.ncbi.nlm.nih.gov/Traces/study/?acc=PRJNA396084",30202049,SRP113743,"Jiejun Shi","Jul 05, 2018"
GSE106666,"Repression of Human and Mouse Brain Inflammaging Transcriptome by Broad Gene Body Histone Hyperacetylation (ChIP-seq)","Genome binding/occupancy profiling by high throughput sequencing","Homo sapiens;Mus musculus",45,,"BIGWIG;SRA Run Selector","ftp://ftp.ncbi.nlm.nih.gov/geo/series/GSE106nnn/GSE106666/suppl;https://www.ncbi.nlm.nih.gov/Traces/study/?acc=PRJNA417572",29967166,SRP124600,"Jing-Dong Jackie Han","Jul 05, 2018"
GSE106669,"Repression of Human and Mouse Brain Inflammaging Transcriptome by Broad Gene Body Histone Hyperacetylation (RNA-seq)","Expression profiling by high throughput sequencing","Homo sapiens;Mus musculus",42,,"TXT;SRA Run Selector","ftp://ftp.ncbi.nlm.nih.gov/geo/series/GSE106nnn/GSE106669/suppl;https://www.ncbi.nlm.nih.gov/Traces/study/?acc=PRJNA417573",29967166,SRP124601,"Jing-Dong Jackie Han","Jul 05, 2018"
GSE107613,"Gene expression profile of juvenile R6/1 and N171-82Q brains","Expression profiling by array","Mus musculus",54,,"CEL","ftp://ftp.ncbi.nlm.nih.gov/geo/series/GSE107nnn/GSE107613/suppl",29967375,,"Luis M Valor","Jul 05, 2018"
GSE109199,"Post-transcriptional knockdown of Dnmt1 demonstrates a functional role for insect cytosine methylation","Methylation profiling by high throughput sequencing;Expression profiling by high throughput sequencing","Blattella germanica;Oncopeltus fasciatus",75,,"TSV;TXT;XLSX;SRA Run Selector","ftp://ftp.ncbi.nlm.nih.gov/geo/series/GSE109nnn/GSE109199/suppl;https://www.ncbi.nlm.nih.gov/Traces/study/?acc=PRJNA430099",30616649,SRP130986,"Robert J Schmitz","Jul 05, 2018"
GSE111068,"Early metazoan cell type diversity and the evolution of multicellular gene regulation","Expression profiling by high throughput sequencing;Genome binding/occupancy profiling by high throughput sequencing","Amphimedon queenslandica;Mnemiopsis leidyi;Trichoplax adhaerens",10,,"BW;TXT;SRA Run Selector","ftp://ftp.ncbi.nlm.nih.gov/geo/series/GSE111nnn/GSE111068/suppl;https://www.ncbi.nlm.nih.gov/Traces/study/?acc=PRJNA435744",29942020,SRP133394,"Arnau Sebe-Pedros","Jul 05, 2018"
GSE111818,"NMD-degradome sequencing reveals ribosome-bound  intermediates with 3'-end nontemplated nucleotides","Expression profiling by high throughput sequencing","Homo sapiens",6,,"TXT;SRA Run Selector","ftp://ftp.ncbi.nlm.nih.gov/geo/series/GSE111nnn/GSE111818/suppl;https://www.ncbi.nlm.nih.gov/Traces/study/?acc=PRJNA438276",30275517,SRP135670,"Lynne Maquat","Jul 05, 2018"
GSE112729,"SALL4 Crud ChIP sequencing-WT and RNA-seq of SNU398 cells treated with therapeutic SALL4 peptides","Expression profiling by high throughput sequencing;Genome binding/occupancy profiling by high throughput sequencing","Homo sapiens",7,,"BW;CSV;SRA Run Selector","ftp://ftp.ncbi.nlm.nih.gov/geo/series/GSE112nnn/GSE112729/suppl;https://www.ncbi.nlm.nih.gov/Traces/study/?acc=PRJNA448843",29976840,SRP137651,"Henry Yang","Jul 05, 2018"
GSE114585,"RNASeq study of testis from migratory bird under four seasonal states","Expression profiling by high throughput sequencing","Emberiza melanocephala",4,,"GTF;SRA Run Selector","ftp://ftp.ncbi.nlm.nih.gov/geo/series/GSE114nnn/GSE114585/suppl;https://www.ncbi.nlm.nih.gov/Traces/study/?acc=PRJNA471854",,SRP148139,"AAKANSHA SHARMA","Jul 05, 2018"
GSE114785,"The Transcription Factor ZFfx Regulates Peripheral T Cell Self-renewal and Proliferation","Expression profiling by high throughput sequencing","Mus musculus",4,,"BW;SRA Run Selector","ftp://ftp.ncbi.nlm.nih.gov/geo/series/GSE114nnn/GSE114785/suppl;https://www.ncbi.nlm.nih.gov/Traces/study/?acc=PRJNA472618",30022979,SRP148702,"Alireza Khodadadi-Jamayran","Jul 05, 2018"
GSE114865,"DNA methylation reprogramming after spinal nerve injury [RRBS]","Methylation profiling by high throughput sequencing","Rattus norvegicus",6,,"TXT;SRA Run Selector","ftp://ftp.ncbi.nlm.nih.gov/geo/series/GSE114nnn/GSE114865/suppl;https://www.ncbi.nlm.nih.gov/Traces/study/?acc=PRJNA472956",29875269,SRP148870,"Jaroslav Jelinek","Jul 05, 2018"
GSE116570,"Cotranslational assembly of protein complexes in eukaryotes revealed by ribosome profiling","Expression profiling by high throughput sequencing;Other","Saccharomyces cerevisiae BY4741",68,,"TXT;SRA Run Selector","ftp://ftp.ncbi.nlm.nih.gov/geo/series/GSE116nnn/GSE116570/suppl;https://www.ncbi.nlm.nih.gov/Traces/study/?acc=PRJNA479682",30158700,SRP152018,"Ayala Shiber","Jul 05, 2018"
GSE71294,"Cell type-specific HITS-CLIP reveals differential RNA processing in motor neurons","Expression profiling by high throughput sequencing","Mus musculus",14,,"BED;TXT;SRA Run Selector","ftp://ftp.ncbi.nlm.nih.gov/geo/series/GSE71nnn/GSE71294/suppl;https://www.ncbi.nlm.nih.gov/Traces/study/?acc=PRJNA290852",30111345,SRP061537,"Yuan Yuan","Jul 04, 2018"
GSE84113,"Gene expression in microglia of WT and Trem2(-/-) mice upon treatment with cuprizone, Covi-Ox, or both","Expression profiling by array","Mus musculus",22,,"CEL","ftp://ftp.ncbi.nlm.nih.gov/geo/series/GSE84nnn/GSE84113/suppl",,,"Alexander Predeus","Jul 04, 2018"
GSE84699,"Transcriptome targets of PCBP1 in T cells","Expression profiling by high throughput sequencing","Mus musculus",8,,"TXT;SRA Run Selector","ftp://ftp.ncbi.nlm.nih.gov/geo/series/GSE84nnn/GSE84699/suppl;https://www.ncbi.nlm.nih.gov/Traces/study/?acc=PRJNA330856",29958803,SRP079236,"Xing Chang","Jul 04, 2018"
GSE84700,"Transcriptome targets of PCBP1 in T cells identified with CLIP","Expression profiling by high throughput sequencing","Homo sapiens",4,,"BED;SRA Run Selector","ftp://ftp.ncbi.nlm.nih.gov/geo/series/GSE84nnn/GSE84700/suppl;https://www.ncbi.nlm.nih.gov/Traces/study/?acc=PRJNA330855",29958803,SRP079237,"Xing Chang","Jul 04, 2018"
GSE84702,"Iron-mediated stabilization of PCBP1 post-transcriptionally promotes GM-CSF production during autoimmune pathogenesis","Expression profiling by high throughput sequencing","Homo sapiens;Mus musculus",12,,,,29958803,,"Xing Chang","Jul 04, 2018"
GSE87613,"Transcriptome of normal mammary glands of Sprague-Dawley rats at six stages of development: pre-pubertal, peri-pubertal, pubertal, lactation, adult parous and age-matched nulliparous","Expression profiling by array","Rattus norvegicus",33,,"CEL","ftp://ftp.ncbi.nlm.nih.gov/geo/series/GSE87nnn/GSE87613/suppl",29956080,,"Kalpana Gopalakrishnan","Jul 04, 2018"
GSE100800,"Roles of AtR8 lncRNA in defense responses in Arabidopsis thaliana","Expression profiling by array","Arabidopsis thaliana",6,,"CEL","ftp://ftp.ncbi.nlm.nih.gov/geo/series/GSE100nnn/GSE100800/suppl",,,"Sanjay Kapoor","Jul 04, 2018"
GSE102690,"Eed, a member of the Polycomb group, is required for nephron differentiation and the maintenance of nephron progenitor cells","Expression profiling by high throughput sequencing","Mus musculus",12,,"TXT;SRA Run Selector","ftp://ftp.ncbi.nlm.nih.gov/geo/series/GSE102nnn/GSE102690/suppl;https://www.ncbi.nlm.nih.gov/Traces/study/?acc=PRJNA398390",29945864,SRP115490,"Peter J Park","Jul 04, 2018"
GSE104033,"The dual methyltransferase METTL13 targets N-terminus and Lys55 of eEF1A and regulates codon-specific translation rates","Expression profiling by high throughput sequencing;Other","Homo sapiens",11,,"CSV;SRA Run Selector","ftp://ftp.ncbi.nlm.nih.gov/geo/series/GSE104nnn/GSE104033/suppl;https://www.ncbi.nlm.nih.gov/Traces/study/?acc=PRJNA408071",30143613,SRP118278,"Benedikt Sebastian Nilges","Jul 04, 2018"
GSE106670,"Repression of Human and Mouse Brain Inflammaging Transcriptome by Broad Gene Body Histone Hyperacetylation","Expression profiling by high throughput sequencing;Genome binding/occupancy profiling by high throughput sequencing","Homo sapiens;Mus musculus",87,,,,29967166,,"Jing-Dong Jackie Han","Jul 04, 2018"
GSE108185,"Analysis of genome wide changes in RNA polymerase II occupancy in murine cells during heat shock and recovery","Genome binding/occupancy profiling by high throughput sequencing","Mus musculus",6,,"BEDGRAPH;SRA Run Selector","ftp://ftp.ncbi.nlm.nih.gov/geo/series/GSE108nnn/GSE108185/suppl;https://www.ncbi.nlm.nih.gov/Traces/study/?acc=PRJNA422767",29967245,SRP126933,"Jennifer Kugel","Jul 04, 2018"
GSE109315,"Gene expression analysis of mouse brain regions after chronic social defeat stress (CSDS)","Expression profiling by high throughput sequencing","Mus musculus",88,,"TXT;SRA Run Selector","ftp://ftp.ncbi.nlm.nih.gov/geo/series/GSE109nnn/GSE109315/suppl;https://www.ncbi.nlm.nih.gov/Traces/study/?acc=PRJNA430409",30073192,SRP131084,"Iiris Hovatta","Jul 04, 2018"
GSE109962,"TBP in mitotic bookmarking and reactivation of transcription [ChIP-Seq]","Genome binding/occupancy profiling by high throughput sequencing","Mus musculus",6,,"BED;BW;SRA Run Selector","ftp://ftp.ncbi.nlm.nih.gov/geo/series/GSE109nnn/GSE109962/suppl;https://www.ncbi.nlm.nih.gov/Traces/study/?acc=PRJNA432433",29939130,SRP131919,"Sheila S Teves","Jul 04, 2018"
GSE109963,"Role of TBP in reactivation of transcription following mitosis [RNA-Seq]","Expression profiling by high throughput sequencing","Mus musculus",16,,"BED;BW;TXT;SRA Run Selector","ftp://ftp.ncbi.nlm.nih.gov/geo/series/GSE109nnn/GSE109963/suppl;https://www.ncbi.nlm.nih.gov/Traces/study/?acc=PRJNA432434",29939130,SRP131920,"Sheila S Teves","Jul 04, 2018"
GSE109964,"A stable mode of bookmarking by TBP recruits RNAPolymerase II to mitotic chromosomes","Expression profiling by high throughput sequencing;Genome binding/occupancy profiling by high throughput sequencing","Mus musculus",34,,"BW","ftp://ftp.ncbi.nlm.nih.gov/geo/series/GSE109nnn/GSE109964/suppl",29939130,,"Sheila S Teves","Jul 04, 2018"
GSE115259,"Comprehensive RNA-Seq profiling in PBMCs of ALS patients and healthy controls","Expression profiling by high throughput sequencing","Homo sapiens",11,,"TXT;SRA Run Selector","ftp://ftp.ncbi.nlm.nih.gov/geo/series/GSE115nnn/GSE115259/suppl;https://www.ncbi.nlm.nih.gov/Traces/study/?acc=PRJNA474387",30720798,SRP149638,"Raffaele A Calogero","Jul 04, 2018"
GSE115606,"Pathogenic tau-induced piRNA depletion promotes neuronal death through transposable element dysregulation in neurodegenerative tauopathies","Expression profiling by high throughput sequencing;Non-coding RNA profiling by high throughput sequencing","Drosophila melanogaster",14,,"TXT;SRA Run Selector","ftp://ftp.ncbi.nlm.nih.gov/geo/series/GSE115nnn/GSE115606/suppl;https://www.ncbi.nlm.nih.gov/Traces/study/?acc=PRJNA475562",30038280,SRP150235,"Bess Frost","Jul 04, 2018"
GSE115724,"Role of TBP in chromatin accessibility (ATAC-seq)","Genome binding/occupancy profiling by high throughput sequencing","Mus musculus",12,,"BW;SRA Run Selector","ftp://ftp.ncbi.nlm.nih.gov/geo/series/GSE115nnn/GSE115724/suppl;https://www.ncbi.nlm.nih.gov/Traces/study/?acc=PRJNA475872",29939130,SRP150405,"Sheila S Teves","Jul 04, 2018"
GSE116423,"Chromosomal deletions drove parallel domestication of plant architecture in Asian and African rice","Expression profiling by high throughput sequencing","Oryza sativa Japonica Group",21,,"TXT;SRA Run Selector","ftp://ftp.ncbi.nlm.nih.gov/geo/series/GSE116nnn/GSE116423/suppl;https://www.ncbi.nlm.nih.gov/Traces/study/?acc=PRJNA478448",,SRP151597,"Ma Xin","Jul 04, 2018"
GSE116562,"Expression data from human ovarian cancer cell line","Expression profiling by array","Homo sapiens",6,,"TXT","ftp://ftp.ncbi.nlm.nih.gov/geo/series/GSE116nnn/GSE116562/suppl",,,"ning sheng","Jul 04, 2018"
GSE116563,"LRH-1 Mitigates Intestinal Inflammatory Disease by Maintaining Epithelial Homeostasis and Cell Survival","Expression profiling by high throughput sequencing","Mus musculus",12,,"TXT;SRA Run Selector","ftp://ftp.ncbi.nlm.nih.gov/geo/series/GSE116nnn/GSE116563/suppl;https://www.ncbi.nlm.nih.gov/Traces/study/?acc=PRJNA479409",30305617,SRP151841,"James Bayrer","Jul 04, 2018"
GSE116564,"Programmed Cell Death Ligand 1 (PD-L1) Signaling Regulates Macrophage Proliferation and Activation","Expression profiling by high throughput sequencing","Mus musculus",9,,"TXT;XLSX;SRA Run Selector","ftp://ftp.ncbi.nlm.nih.gov/geo/series/GSE116nnn/GSE116564/suppl;https://www.ncbi.nlm.nih.gov/Traces/study/?acc=PRJNA479408",30012633,SRP151842,"Steven Dow","Jul 04, 2018"
GSE116572,"RNA-seq analysis of  transcriptomes of Noc4L deficient and the Nco4L sufficient Treg cells","Expression profiling by high throughput sequencing","Mus musculus",6,,"TXT;SRA Run Selector","ftp://ftp.ncbi.nlm.nih.gov/geo/series/GSE116nnn/GSE116572/suppl;https://www.ncbi.nlm.nih.gov/Traces/study/?acc=PRJNA479423",,SRP151858,"Xueping Zhu","Jul 04, 2018"
GSE116575,"Overexpression of miR-155 alters the hierarchy of gene master regulators in the adenocarcinomic human alveolar basal epithelial cell line A549","Expression profiling by array","Homo sapiens",4,,"TXT","ftp://ftp.ncbi.nlm.nih.gov/geo/series/GSE116nnn/GSE116575/suppl",,,"Dumitru Andrei Iacobas","Jul 04, 2018"
GSE116579,"Newly identified Aspergillus nidulans PKA targets play a role in carbon-catabolite repression","Expression profiling by high throughput sequencing","Aspergillus nidulans",4,,"TXT;SRA Run Selector","ftp://ftp.ncbi.nlm.nih.gov/geo/series/GSE116nnn/GSE116579/suppl;https://www.ncbi.nlm.nih.gov/Traces/study/?acc=PRJNA479444",,SRP151889,"Liliane Fraga Costa Ribeiro","Jul 04, 2018"
GSE116581,"fruitENCODE: An encyclopedia of DNA elements for fruit ripening","Expression profiling by high throughput sequencing;Genome binding/occupancy profiling by high throughput sequencing;Methylation profiling by high throughput sequencing","Arabidopsis thaliana;Carica papaya;Citrullus lanatus;Cucumis melo;Cucumis sativus;Fragaria vesca;Malus domestica;Musa acuminata AAA Group;Oryza sativa;Prunus persica;Pyrus x bretschneideri;Solanum lycopersicum;Vitis vinifera",282,,"BW;NARROWPEAK;TBI;TXT;SRA Run Selector","ftp://ftp.ncbi.nlm.nih.gov/geo/series/GSE116nnn/GSE116581/suppl;https://www.ncbi.nlm.nih.gov/Traces/study/?acc=PRJNA381300",,SRP102870,"Silin Zhong","Jul 04, 2018"
GSE116582,"Transcriptome analysis of top3A-2 complementation lines in Arabidopsis thaliana","Expression profiling by high throughput sequencing","Arabidopsis thaliana",9,,"XLSX;SRA Run Selector","ftp://ftp.ncbi.nlm.nih.gov/geo/series/GSE116nnn/GSE116582/suppl;https://www.ncbi.nlm.nih.gov/Traces/study/?acc=PRJNA479446",30222730,SRP151891,"Annika Dorn","Jul 04, 2018"
GSE116583,"Alveolar Macrophages after Murine Lung Transplant","Expression profiling by high throughput sequencing","Mus musculus",12,,"TXT;SRA Run Selector","ftp://ftp.ncbi.nlm.nih.gov/geo/series/GSE116nnn/GSE116583/suppl;https://www.ncbi.nlm.nih.gov/Traces/study/?acc=PRJNA450151",,SRP151689,"Stephen Francis Chiu","Jul 04, 2018"
GSE116584,"Expression data from young adult, and post-mortem mouse satellite cells","Expression profiling by array","Mus musculus",7,,"CEL","ftp://ftp.ncbi.nlm.nih.gov/geo/series/GSE116nnn/GSE116584/suppl",30054310,,"Shahragim Tajbakhsh","Jul 04, 2018"
GSE116585,"Expression data from young adult, and aged mouse satellite cells","Expression profiling by array","Mus musculus",12,,"CEL","ftp://ftp.ncbi.nlm.nih.gov/geo/series/GSE116nnn/GSE116585/suppl",30054310,,"Shahragim Tajbakhsh","Jul 04, 2018"
GSE116586,"Expression data from young adult, aged, and post-mortem mouse satellite cells","Expression profiling by array","Mus musculus",19,,"CEL","ftp://ftp.ncbi.nlm.nih.gov/geo/series/GSE116nnn/GSE116586/suppl",30054310,,"Shahragim Tajbakhsh","Jul 04, 2018"
GSE116587,"Swarmer Cell Development of the Bacterium Proteus mirabilis Requires the Conserved Enterobacterial Common Antigen Biosynthesis Gene rffG","Expression profiling by high throughput sequencing","Proteus mirabilis",4,,"XLSX;SRA Run Selector","ftp://ftp.ncbi.nlm.nih.gov/geo/series/GSE116nnn/GSE116587/suppl;https://www.ncbi.nlm.nih.gov/Traces/study/?acc=PRJNA479451",29967121,SRP151901,"Murray Tipping","Jul 04, 2018"
GSE116589,"Identification and validation of circHIPK3 is upregulated in colorectal cancer and characterization of its role in promoting carcinogenesis","Non-coding RNA profiling by high throughput sequencing","Homo sapiens",4,,"TXT;SRA Run Selector","ftp://ftp.ncbi.nlm.nih.gov/geo/series/GSE116nnn/GSE116589/suppl;https://www.ncbi.nlm.nih.gov/Traces/study/?acc=PRJNA479459",,SRP151911,"Ying Wei","Jul 04, 2018"
GSE116594,"Comparison of gene expression pattern between wild-type and RhoE knockout embryo hearts","Expression profiling by array","Mus musculus",6,,"CEL;CHP","ftp://ftp.ncbi.nlm.nih.gov/geo/series/GSE116nnn/GSE116594/suppl",,,"Jiang Chang","Jul 04, 2018"
GSE116613,"TBK1 suppresses RIPK1-driven apoptosis and inflammation during development and in aging","Expression profiling by high throughput sequencing","Mus musculus",18,,"TXT;SRA Run Selector","ftp://ftp.ncbi.nlm.nih.gov/geo/series/GSE116nnn/GSE116613/suppl;https://www.ncbi.nlm.nih.gov/Traces/study/?acc=PRJNA479506",30146158,SRP151942,"Daichao Xu","Jul 04, 2018"
GSE116615,"Comparative Transcriptomics of Limb Regeneration: Identification of Conserved Expression Changes Among Three Species of Ambystoma [microarray]","Expression profiling by array","Ambystoma mexicanum",6,,"CEL","ftp://ftp.ncbi.nlm.nih.gov/geo/series/GSE116nnn/GSE116615/suppl",30092345,,"Varun Bhamidipati Dwaraka","Jul 04, 2018"
GSE116616,"Expression data of whole genome from new diagnostic AML patients (with or without EMI) and healthy volunteers","Expression profiling by array","Homo sapiens",12,,"TXT","ftp://ftp.ncbi.nlm.nih.gov/geo/series/GSE116nnn/GSE116616/suppl",30558617,,"Zhibo Guo","Jul 04, 2018"
GSE116617,"Expression data of circRNA from new diagnostic AML patients (with or without EMI) and healthy volunteers","Non-coding RNA profiling by array","Homo sapiens",12,,"TXT","ftp://ftp.ncbi.nlm.nih.gov/geo/series/GSE116nnn/GSE116617/suppl",30558617,,"Zhibo Guo","Jul 04, 2018"
GSE116618,"Expression data of whole genome and circRNA from new diagnostic AML patients (with or without EMI) and healthy volunteers","Expression profiling by array;Non-coding RNA profiling by array","Homo sapiens",24,,"TXT","ftp://ftp.ncbi.nlm.nih.gov/geo/series/GSE116nnn/GSE116618/suppl",,,"Zhibo Guo","Jul 04, 2018"
GSE86391,"KAP1 facilitates reinstatement of heterochromatin after DNA replication","Genome binding/occupancy profiling by high throughput sequencing","Mus musculus",8,,"BED;SRA Run Selector","ftp://ftp.ncbi.nlm.nih.gov/geo/series/GSE86nnn/GSE86391/suppl;https://www.ncbi.nlm.nih.gov/Traces/study/?acc=PRJNA341671",29955894,SRP084284,"Julien Duc","Jul 03, 2018"
GSE93218,"Generating mesenchymal stem cells in 3D from human embryonic stem cell spheroids","Expression profiling by array","Homo sapiens",8,,"IDAT;TXT","ftp://ftp.ncbi.nlm.nih.gov/geo/series/GSE93nnn/GSE93218/suppl",,,"Renhe Xu","Jul 03, 2018"
GSE95309,"Gene expression analyses in otefin mutant Drosophila ovaries","Expression profiling by array","Drosophila melanogaster",8,,"CEL","ftp://ftp.ncbi.nlm.nih.gov/geo/series/GSE95nnn/GSE95309/suppl",30262885,,"Alexey A Soshnev","Jul 03, 2018"
GSE95704,"Targeting oncogenic β-catenin/CBP activity for the treatment of head and neck squamous cell carcinoma","Expression profiling by array","Homo sapiens",18,,"CEL","ftp://ftp.ncbi.nlm.nih.gov/geo/series/GSE95nnn/GSE95704/suppl",30029671,,"Microarray & Sequencing Core","Jul 03, 2018"
GSE97538,"RNAseq data from FACS-sorted microglia from mouse brain from control mice (uninjected) or LPS-injected mice in the context of A20 knockout","Expression profiling by high throughput sequencing","Mus musculus",19,,"TXT;SRA Run Selector","ftp://ftp.ncbi.nlm.nih.gov/geo/series/GSE97nnn/GSE97538/suppl;https://www.ncbi.nlm.nih.gov/Traces/study/?acc=PRJNA382190",29789522,SRP103751,"Ori Staszewski","Jul 03, 2018"
GSE101300,"Gene dosage effect of CUX1 in a murine model disrupts HSC homeostasis and controls the severity and mortality of MDS.","Expression profiling by high throughput sequencing","Homo sapiens",6,,"TXT;SRA Run Selector","ftp://ftp.ncbi.nlm.nih.gov/geo/series/GSE101nnn/GSE101300/suppl;https://www.ncbi.nlm.nih.gov/Traces/study/?acc=PRJNA393970",29592892,SRP111684,"Megan E. McNerney","Jul 03, 2018"
GSE101310,"Gene expression dynamics during regeneration of Eisenia fetida","Expression profiling by high throughput sequencing","Eisenia fetida",26,,"FASTA;TXT;SRA Run Selector","ftp://ftp.ncbi.nlm.nih.gov/geo/series/GSE101nnn/GSE101310/suppl;https://www.ncbi.nlm.nih.gov/Traces/study/?acc=PRJNA393988",,SRP111702,"Rajesh Gokhale","Jul 03, 2018"
GSE107732,"RNAseq data from FACS-sorted CD45hi cells from mouse brain from control mice (uninjected) or LPS-injected mice in the context of A20 knockout","Expression profiling by high throughput sequencing","Mus musculus",18,,"TXT;SRA Run Selector","ftp://ftp.ncbi.nlm.nih.gov/geo/series/GSE107nnn/GSE107732/suppl;https://www.ncbi.nlm.nih.gov/Traces/study/?acc=PRJNA421235",29789522,SRP126279,"Ori Staszewski","Jul 03, 2018"
GSE107733,"Microglia-expressed A20 regulates synapse formation and inhibits inflammasome-dependent neuroinflammation","Expression profiling by high throughput sequencing","Mus musculus",37,,,,29789522,,"Ori Staszewski","Jul 03, 2018"
GSE108482,"Casein Kinase 2 Mediated Phosphorylation of Spt6 Modulates Histone dynamics and Regulates Spurious Transcription (RNA-Seq)","Expression profiling by high throughput sequencing","Saccharomyces cerevisiae",6,,"TXT;SRA Run Selector","ftp://ftp.ncbi.nlm.nih.gov/geo/series/GSE108nnn/GSE108482/suppl;https://www.ncbi.nlm.nih.gov/Traces/study/?acc=PRJNA427393",29905868,SRP127487,"Amine Nourani","Jul 03, 2018"
GSE108502,"KDM5 histone demethylases repress innate immune response via suppression of STING","Expression profiling by high throughput sequencing","Homo sapiens",6,,"CSV;SRA Run Selector","ftp://ftp.ncbi.nlm.nih.gov/geo/series/GSE108nnn/GSE108502/suppl;https://www.ncbi.nlm.nih.gov/Traces/study/?acc=PRJNA427473",30080846,SRP127521,"Qin Yan","Jul 03, 2018"
GSE109078,"Casein Kinase 2 Mediated Phosphorylation of Spt6 Modulates Histone dynamics and Regulates Spurious Transcription (ChIP-Seq)","Genome binding/occupancy profiling by high throughput sequencing","Saccharomyces cerevisiae",8,,"BW;SRA Run Selector","ftp://ftp.ncbi.nlm.nih.gov/geo/series/GSE109nnn/GSE109078/suppl;https://www.ncbi.nlm.nih.gov/Traces/study/?acc=PRJNA429614",29905868,SRP128894,"Amine Nourani","Jul 03, 2018"
GSE109080,"Casein Kinase 2 Mediated Phosphorylation of Spt6 Modulates Histone dynamics and Regulates Spurious Transcription","Expression profiling by high throughput sequencing;Genome binding/occupancy profiling by high throughput sequencing","Saccharomyces cerevisiae",14,,"BW;TXT","ftp://ftp.ncbi.nlm.nih.gov/geo/series/GSE109nnn/GSE109080/suppl",29905868,,"Amine Nourani","Jul 03, 2018"
GSE111154,"RNA Expression data for early diabetic nephropathy (EDN)","Expression profiling by array","Homo sapiens",8,,"CEL;CHP","ftp://ftp.ncbi.nlm.nih.gov/geo/series/GSE111nnn/GSE111154/suppl",,,"Towia A Libermann","Jul 03, 2018"
GSE111489,"Development and characterization of a clinically relevant model of breast cancer brain metastasis","Expression profiling by array","Mus musculus",17,,"CEL","ftp://ftp.ncbi.nlm.nih.gov/geo/series/GSE111nnn/GSE111489/suppl",29784888,,"Richard P Redvers","Jul 03, 2018"
GSE111572,"Influenza A virus-derived siRNAs increase in the absence of NS1 yet fail to inhibit virus replication","Other;Non-coding RNA profiling by high throughput sequencing","Homo sapiens;Influenza A virus (A/hvPR8/34(H1N1))",13,,"BED;SRA Run Selector","ftp://ftp.ncbi.nlm.nih.gov/geo/series/GSE111nnn/GSE111572/suppl;https://www.ncbi.nlm.nih.gov/Traces/study/?acc=PRJNA437453",29903832,SRP134184,"Bryan R. Cullen","Jul 03, 2018"
GSE112781,"CTCF-Binding Elements Mediate Accessibility of RAG Substrates During Chromatin Scanning [dataset 1]","Other","Mus musculus",7,,"TXT;SRA Run Selector","ftp://ftp.ncbi.nlm.nih.gov/geo/series/GSE112nnn/GSE112781/suppl;https://www.ncbi.nlm.nih.gov/Traces/study/?acc=PRJNA448945",29804837,SRP137770,"Suvi Jain","Jul 03, 2018"
GSE112822,"CTCF-Binding Elements Mediate Accessibility of RAG Substrates During Chromatin Scanning [dataset 2]","Other","Mus musculus",36,,"TXT;SRA Run Selector","ftp://ftp.ncbi.nlm.nih.gov/geo/series/GSE112nnn/GSE112822/suppl;https://www.ncbi.nlm.nih.gov/Traces/study/?acc=PRJNA449088",29804837,SRP137888,"Suvi Jain","Jul 03, 2018"
GSE113022,"CTCF-Binding Elements Mediate Accessibility of RAG Substrates During Chromatin Scanning [dataset 3]","Other","Mus musculus",35,,"BEDGRAPH;SRA Run Selector","ftp://ftp.ncbi.nlm.nih.gov/geo/series/GSE113nnn/GSE113022/suppl;https://www.ncbi.nlm.nih.gov/Traces/study/?acc=PRJNA449768",29804837,SRP139609,"Suvi Jain","Jul 03, 2018"
GSE113023,"CTCF-Binding Elements Mediate Accessibility of RAG Substrates During Chromatin Scanning","Other","Mus musculus",78,,"BEDGRAPH;TXT","ftp://ftp.ncbi.nlm.nih.gov/geo/series/GSE113nnn/GSE113023/suppl",29804837,,"Suvi Jain","Jul 03, 2018"
GSE114535,"Polymerase pausing induced by sequence-specific RNA binding protein drives heterochromatin assembly (ChIP-Seq)","Genome binding/occupancy profiling by high throughput sequencing","Schizosaccharomyces pombe",80,,"BEDGRAPH;CSV;SRA Run Selector","ftp://ftp.ncbi.nlm.nih.gov/geo/series/GSE114nnn/GSE114535/suppl;https://www.ncbi.nlm.nih.gov/Traces/study/?acc=PRJNA471705",29967291,SRP147562,"Hiten Madhani","Jul 03, 2018"
GSE114536,"Polymerase pausing induced by sequence-specific RNA binding protein drives heterochromatin assembly (NET-Seq)","Other","Schizosaccharomyces pombe",6,,"BEDGRAPH;SRA Run Selector","ftp://ftp.ncbi.nlm.nih.gov/geo/series/GSE114nnn/GSE114536/suppl;https://www.ncbi.nlm.nih.gov/Traces/study/?acc=PRJNA471706",29967291,SRP147656,"Hiten Madhani","Jul 03, 2018"
GSE114537,"Polymerase pausing induced by sequence-specific RNA binding protein drives heterochromatin assembly (PAR-CLIP)","Other","Schizosaccharomyces pombe",2,,"BEDGRAPH;CSV;SRA Run Selector","ftp://ftp.ncbi.nlm.nih.gov/geo/series/GSE114nnn/GSE114537/suppl;https://www.ncbi.nlm.nih.gov/Traces/study/?acc=PRJNA471707",29967291,SRP147657,"Hiten Madhani","Jul 03, 2018"
GSE114538,"Polymerase pausing induced by sequence-specific RNA binding protein drives heterochromatin assembly (RNA-Seq)","Expression profiling by high throughput sequencing","Schizosaccharomyces pombe",8,,"CSV;SRA Run Selector","ftp://ftp.ncbi.nlm.nih.gov/geo/series/GSE114nnn/GSE114538/suppl;https://www.ncbi.nlm.nih.gov/Traces/study/?acc=PRJNA471708",29967291,SRP147658,"Hiten Madhani","Jul 03, 2018"
GSE114540,"Polymerase pausing induced by sequence-specific RNA binding protein drives heterochromatin assembly","Expression profiling by high throughput sequencing;Genome binding/occupancy profiling by high throughput sequencing;Other","Schizosaccharomyces pombe",96,,"BEDGRAPH;CSV","ftp://ftp.ncbi.nlm.nih.gov/geo/series/GSE114nnn/GSE114540/suppl",29967291,,"Hiten Madhani","Jul 03, 2018"
GSE114567,"Arid1a restrains Kras-dependent changes in acinar cell identity","Genome binding/occupancy profiling by high throughput sequencing","Mus musculus",7,,"BW;SRA Run Selector","ftp://ftp.ncbi.nlm.nih.gov/geo/series/GSE114nnn/GSE114567/suppl;https://www.ncbi.nlm.nih.gov/Traces/study/?acc=PRJNA471811",30014851,SRP148079,"Richard Koche","Jul 03, 2018"
GSE114576,"Arid1a restrains Kras-dependent changes in acinar cell identity","Expression profiling by high throughput sequencing","Mus musculus",9,,"TXT;SRA Run Selector","ftp://ftp.ncbi.nlm.nih.gov/geo/series/GSE114nnn/GSE114576/suppl;https://www.ncbi.nlm.nih.gov/Traces/study/?acc=PRJNA471826",30014851,SRP148113,"Yu-Jui Ho","Jul 03, 2018"
GSE114673,"Gene expression profiling in Dis3l2-null and wild-type nephron progenitor cells","Expression profiling by high throughput sequencing","Mus musculus",5,,"TXT;SRA Run Selector","ftp://ftp.ncbi.nlm.nih.gov/geo/series/GSE114nnn/GSE114673/suppl;https://www.ncbi.nlm.nih.gov/Traces/study/?acc=PRJNA472143",29950491,SRP148489,"Joshua Mendell","Jul 03, 2018"
GSE116399,"Gene activation precedes DNA demethylation in response to infection in human dendritic cells","Methylation profiling by high throughput sequencing","Homo sapiens",53,,"TXT;SRA Run Selector","ftp://ftp.ncbi.nlm.nih.gov/geo/series/GSE116nnn/GSE116399/suppl;https://www.ncbi.nlm.nih.gov/Traces/study/?acc=PRJNA478385",,SRP151569,"Alain Pacis","Jul 03, 2018"
GSE116405,"Gene activation precedes DNA demethylation in response to infection in human dendritic cells","Expression profiling by high throughput sequencing","Homo sapiens",51,,"TXT;SRA Run Selector","ftp://ftp.ncbi.nlm.nih.gov/geo/series/GSE116nnn/GSE116405/suppl;https://www.ncbi.nlm.nih.gov/Traces/study/?acc=PRJNA478394",,SRP151577,"Alain Pacis","Jul 03, 2018"
GSE116406,"Gene activation precedes DNA demethylation in response to infection in human dendritic cells","Genome binding/occupancy profiling by high throughput sequencing","Homo sapiens",10,,"TXT;SRA Run Selector","ftp://ftp.ncbi.nlm.nih.gov/geo/series/GSE116nnn/GSE116406/suppl;https://www.ncbi.nlm.nih.gov/Traces/study/?acc=PRJNA478412",,SRP151580,"Alain Pacis","Jul 03, 2018"
GSE116411,"Gene activation precedes DNA demethylation in response to infection in human dendritic cells","Genome binding/occupancy profiling by high throughput sequencing","Homo sapiens",2,,"BW;SRA Run Selector","ftp://ftp.ncbi.nlm.nih.gov/geo/series/GSE116nnn/GSE116411/suppl;https://www.ncbi.nlm.nih.gov/Traces/study/?acc=PRJNA478428",,SRP151589,"Alain Pacis","Jul 03, 2018"
GSE116412,"Gene activation precedes DNA demethylation in response to infection in human dendritic cells","Methylation profiling by high throughput sequencing;Expression profiling by high throughput sequencing;Genome binding/occupancy profiling by high throughput sequencing","Homo sapiens",116,,"BW;TXT","ftp://ftp.ncbi.nlm.nih.gov/geo/series/GSE116nnn/GSE116412/suppl",,,"Alain Pacis","Jul 03, 2018"
GSE116484,"Transcriptional alterations in Nucleus Accumbens somatostatin interneurons following exposure to cocaine","Expression profiling by high throughput sequencing","Mus musculus",20,,"XLSX;SRA Run Selector","ftp://ftp.ncbi.nlm.nih.gov/geo/series/GSE116nnn/GSE116484/suppl;https://www.ncbi.nlm.nih.gov/Traces/study/?acc=PRJNA478793",30089879,SRP151726,"Efrain A Ribeiro","Jul 03, 2018"
GSE116487,"Gene expression of Natural Killer cell-primed monocytes and their subsequent derived dendritic cells","Expression profiling by array","Homo sapiens",30,,"CEL;CHP;XLS","ftp://ftp.ncbi.nlm.nih.gov/geo/series/GSE116nnn/GSE116487/suppl",,,"Maria A. Clavijo-Salomon","Jul 03, 2018"
GSE116491,"16S profile of stool from conventional unifected and C.rodentium infected mice","Other","Mus musculus",153,,"TXT;SRA Run Selector","ftp://ftp.ncbi.nlm.nih.gov/geo/series/GSE116nnn/GSE116491/suppl;https://www.ncbi.nlm.nih.gov/Traces/study/?acc=PRJNA478835",,SRP151741,"Patricia K Martin","Jul 03, 2018"
GSE116496,"Transcriptional responses of inbred lines B73, B75 and B96 and resulting F1 lines to herbivory by Tetranychus urticae","Expression profiling by high throughput sequencing","Zea mays",48,,"TSV;SRA Run Selector","ftp://ftp.ncbi.nlm.nih.gov/geo/series/GSE116nnn/GSE116496/suppl;https://www.ncbi.nlm.nih.gov/Traces/study/?acc=PRJNA478866",,SRP151760,"Richard M Clark","Jul 03, 2018"
GSE116497,"Fine-mapping and functional studies highlight potential causal variants for rheumatoid arthritis and type 1 diabetes","Genome binding/occupancy profiling by high throughput sequencing","Homo sapiens",8,,"TXT;SRA Run Selector","ftp://ftp.ncbi.nlm.nih.gov/geo/series/GSE116nnn/GSE116497/suppl;https://www.ncbi.nlm.nih.gov/Traces/study/?acc=PRJNA478845",30224649,SRP151749,"Harm-Jan Westra","Jul 03, 2018"
GSE116499,"mRNA profiles of JMJD3 overexpression NB4 cells","Expression profiling by high throughput sequencing","Homo sapiens",4,,"TXT;SRA Run Selector","ftp://ftp.ncbi.nlm.nih.gov/geo/series/GSE116nnn/GSE116499/suppl;https://www.ncbi.nlm.nih.gov/Traces/study/?acc=PRJNA478849",30135572,SRP151752,"wang yujie","Jul 03, 2018"
GSE116501,"Temporal activation of NR5A2 and RARγ induce functional human naïve pluripotent state via modulating TGFβ pathway","Expression profiling by high throughput sequencing","Homo sapiens",6,,"TXT;SRA Run Selector","ftp://ftp.ncbi.nlm.nih.gov/geo/series/GSE116nnn/GSE116501/suppl;https://www.ncbi.nlm.nih.gov/Traces/study/?acc=PRJNA478855",,SRP151759,"Ali Sharifi-Zarchi","Jul 03, 2018"
GSE116503,"Genome location dictates the transcriptional response to sub-inhibitory concentrations of PolC-inhibitors in Clostridium difficile","Expression profiling by high throughput sequencing","Clostridioides difficile",9,,"XLSX;SRA Run Selector","ftp://ftp.ncbi.nlm.nih.gov/geo/series/GSE116nnn/GSE116503/suppl;https://www.ncbi.nlm.nih.gov/Traces/study/?acc=PRJNA478856",,SRP151755,"Ilse Michelle Boekhoud","Jul 03, 2018"
GSE116504,"Augmented Pla2g4c/Ptgs2/Hpgds Axis in Bronchial Tissues of Experimental Asthma","Expression profiling by array","Mus musculus",8,,"TXT","ftp://ftp.ncbi.nlm.nih.gov/geo/series/GSE116nnn/GSE116504/suppl",30161143,,"Yoshihiko Chiba","Jul 03, 2018"
GSE116505,"BAR-Seq to study history-dependent behavior","Other","Saccharomyces cerevisiae",30,,"CSV;FASTA;PDF;SRA Run Selector","ftp://ftp.ncbi.nlm.nih.gov/geo/series/GSE116nnn/GSE116505/suppl;https://www.ncbi.nlm.nih.gov/Traces/study/?acc=PRJNA478858",30299256,SRP151756,"Abbas Jariani","Jul 03, 2018"
GSE116509,"Gene expression analysis of hepatic stellate cells using Illumina HumanHT-12_V4 beadchip","Expression profiling by array","Homo sapiens",8,,"IDAT","ftp://ftp.ncbi.nlm.nih.gov/geo/series/GSE116nnn/GSE116509/suppl",,,"Ningling Kang","Jul 03, 2018"
GSE116510,"Tuft cells play a suppressive role in pancreatic injury and tumorigenesis [ChIP-seq]","Genome binding/occupancy profiling by high throughput sequencing","Mus musculus",4,,"BED;BIGWIG;SRA Run Selector","ftp://ftp.ncbi.nlm.nih.gov/geo/series/GSE116nnn/GSE116510/suppl;https://www.ncbi.nlm.nih.gov/Traces/study/?acc=PRJNA478911",,SRP151765,"Chi-Yeh Chung","Jul 03, 2018"
GSE116511,"Tuft cells play a suppressive role in pancreatic injury and tumorigenesis [RNA-seq]","Expression profiling by high throughput sequencing","Mus musculus",24,,"XLS;SRA Run Selector","ftp://ftp.ncbi.nlm.nih.gov/geo/series/GSE116nnn/GSE116511/suppl;https://www.ncbi.nlm.nih.gov/Traces/study/?acc=PRJNA478909",,SRP151766,"Chi-Yeh Chung","Jul 03, 2018"
GSE116513,"Expression data for two primary and two recurrent MTB;TAN-derived tumor cell lines","Expression profiling by array","Mus musculus",8,,"CEL","ftp://ftp.ncbi.nlm.nih.gov/geo/series/GSE116nnn/GSE116513/suppl",30148456,,"Nathaniel Wesley Mabe","Jul 03, 2018"
GSE116517,"Transcriptome analysis of the effect of the hsl2 mutation in root tips","Expression profiling by high throughput sequencing","Arabidopsis thaliana",6,,"TXT;SRA Run Selector","ftp://ftp.ncbi.nlm.nih.gov/geo/series/GSE116nnn/GSE116517/suppl;https://www.ncbi.nlm.nih.gov/Traces/study/?acc=PRJNA478919",,SRP151774,"Andreas Kopf","Jul 03, 2018"
GSE116525,"Transcriptional signature of murine tracheal brush cells identified by RNA-Seq","Expression profiling by high throughput sequencing","Mus musculus",18,,"TXT;XLSX;SRA Run Selector","ftp://ftp.ncbi.nlm.nih.gov/geo/series/GSE116nnn/GSE116525/suppl;https://www.ncbi.nlm.nih.gov/Traces/study/?acc=PRJNA478929",,SRP151785,"Lora Bankova","Jul 03, 2018"
GSE116528,"Consensus Molecular Subtype predicts differential vulnerability of colorectal cancer to the survivin suppressant YM155 II","Expression profiling by array","Homo sapiens",12,,"CEL","ftp://ftp.ncbi.nlm.nih.gov/geo/series/GSE116nnn/GSE116528/suppl",,,"Tianzuo Zhan","Jul 03, 2018"
GSE116529,"Consensus Molecular Subtype predicts differential vulnerability of colorectal cancer to the survivin suppressant YM155 I","Expression profiling by array","Homo sapiens",24,,"TXT","ftp://ftp.ncbi.nlm.nih.gov/geo/series/GSE116nnn/GSE116529/suppl",,,"Tianzuo Zhan","Jul 03, 2018"
GSE116531,"Sequencing quantitative analysis of altered expression and Prognostic impact of LncRNAs RVT1 knockdown in glioblastoma cell lines U87","Expression profiling by array","Homo sapiens",6,,"TXT","ftp://ftp.ncbi.nlm.nih.gov/geo/series/GSE116nnn/GSE116531/suppl",,,"chen wanghao","Jul 03, 2018"
GSE116536,"Tuft cells play a suppressive role in pancreatic injury and tumorigenesis","Genome binding/occupancy profiling by high throughput sequencing;Expression profiling by high throughput sequencing","Mus musculus",28,,"BIGWIG","ftp://ftp.ncbi.nlm.nih.gov/geo/series/GSE116nnn/GSE116536/suppl",,,"Chi-Yeh Chung","Jul 03, 2018"
GSE116542,"Expression data of exosomal miRNAs extracted from plasma [Affymetrix miRNA 4.0]","Non-coding RNA profiling by array","Homo sapiens;synthetic construct",19,,"CEL","ftp://ftp.ncbi.nlm.nih.gov/geo/series/GSE116nnn/GSE116542/suppl",,,"Bai Hao","Jul 03, 2018"
GSE116544,"Transcriptional profiling of Mms21 deleted (mms21Δ/Δ) mutant Candida albicans strains","Expression profiling by array","Candida albicans",2,,"TXT","ftp://ftp.ncbi.nlm.nih.gov/geo/series/GSE116nnn/GSE116544/suppl",30530734,,"Yuan Sun","Jul 03, 2018"
GSE116545,"Chromatin remodeling factor BRG1 regulates stemness and chemosensitivity of glioma initiating cells","Expression profiling by array","Homo sapiens",6,,"TXT","ftp://ftp.ncbi.nlm.nih.gov/geo/series/GSE116nnn/GSE116545/suppl",30171737,,"Meiyun Fan","Jul 03, 2018"
GSE116552,"RELMa induced differential gene expression in CD11c+ cells","Expression profiling by array","Mus musculus",12,,"RCC;TXT","ftp://ftp.ncbi.nlm.nih.gov/geo/series/GSE116nnn/GSE116552/suppl",29992625,,"Meera Goh Nair","Jul 03, 2018"
GSE70549,"RNA-Seq matched to ribosome profiling over a zebrafish developmental timecourse","Expression profiling by high throughput sequencing","Danio rerio",8,,"FPKM_TRACKING;SRA Run Selector","ftp://ftp.ncbi.nlm.nih.gov/geo/series/GSE70nnn/GSE70549/suppl;https://www.ncbi.nlm.nih.gov/Traces/study/?acc=PRJNA288987",,SRP060373,"Guo-Liang Chew","Jul 02, 2018"
GSE81943,"Hepatic transcriptome of wildtype and Cugbp1 knockout mouse neonates.","Expression profiling by array","Mus musculus",6,,"TXT","ftp://ftp.ncbi.nlm.nih.gov/geo/series/GSE81nnn/GSE81943/suppl",,,"Rebekah Karns","Jul 02, 2018"
GSE85047,"Gene expression data from primary neuroblastoma tumors","Expression profiling by array","Homo sapiens",283,,"CEL","ftp://ftp.ncbi.nlm.nih.gov/geo/series/GSE85nnn/GSE85047/suppl",29510988,,"Pieter mestdagh","Jul 02, 2018"
GSE85189,"ATRA mediated regulation of chromatin state","Genome binding/occupancy profiling by high throughput sequencing","Homo sapiens",6,,"WIG;SRA Run Selector","ftp://ftp.ncbi.nlm.nih.gov/geo/series/GSE85nnn/GSE85189/suppl;https://www.ncbi.nlm.nih.gov/Traces/study/?acc=PRJNA336517",,SRP080928,"Chun CHANG","Jul 02, 2018"
GSE94834,"H3.3K27M mutant proteins reprogram epigenome by sequestering the PRC2 complex to poised enhancers","Genome binding/occupancy profiling by high throughput sequencing","Homo sapiens;Mus musculus",43,,"BW;SRA Run Selector","ftp://ftp.ncbi.nlm.nih.gov/geo/series/GSE94nnn/GSE94834/suppl;https://www.ncbi.nlm.nih.gov/Traces/study/?acc=PRJNA374553",29932419,SRP099449,"zhiguo zhang","Jul 02, 2018"
GSE100388,"Dietary intake of antioxidant curcumin reduces eIF2 phosphorylation and diacylglycerol and glycerolipid contents in white adipose tissue of obese mice","Expression profiling by array","Mus musculus",15,,"CEL;CHP","ftp://ftp.ncbi.nlm.nih.gov/geo/series/GSE100nnn/GSE100388/suppl",29899429,,"Masuko Kobori","Jul 02, 2018"
GSE101982,"Expression data from LNCaP clonal isolates over-expressing HIST1H1A or Vector Control.","Expression profiling by array","Homo sapiens",8,,"CEL","ftp://ftp.ncbi.nlm.nih.gov/geo/series/GSE101nnn/GSE101982/suppl",29983878,,"Kendra Williams","Jul 02, 2018"
GSE102129,"LiCl treated KG1a cells, irradiated at 4Gy and 8Gy, incubated for 48hr","Expression profiling by array","Homo sapiens",12,,"TXT","ftp://ftp.ncbi.nlm.nih.gov/geo/series/GSE102nnn/GSE102129/suppl",,,"Gangenahalli Ugraiah Gurudutta","Jul 02, 2018"
GSE103224,"Single-Cell Transcriptome Analysis of Lineage Diversity and Microenvironment in High-Grade Glioma","Expression profiling by high throughput sequencing","Homo sapiens",8,,"TXT;SRA Run Selector","ftp://ftp.ncbi.nlm.nih.gov/geo/series/GSE103nnn/GSE103224/suppl;https://www.ncbi.nlm.nih.gov/Traces/study/?acc=PRJNA400576",30041684,SRP116382,"Peter Sims","Jul 02, 2018"
GSE104366,"Consistent inverse correlation between DNA methylation of the first intron and gene expression across tissues and species","Expression profiling by high throughput sequencing;Methylation profiling by high throughput sequencing","Dicentrarchus labrax",16,,"CSV;TXT;SRA Run Selector","ftp://ftp.ncbi.nlm.nih.gov/geo/series/GSE104nnn/GSE104366/suppl;https://www.ncbi.nlm.nih.gov/Traces/study/?acc=PRJNA412454",29958539,SRP119034,"Dafni Anastasiadi","Jul 02, 2018"
GSE104622,"Establishment of adult epidermal organoid cultures from canine hair follicles and interfollicular epidermis","Expression profiling by high throughput sequencing","Canis lupus familiaris",23,,"CSV;SRA Run Selector","ftp://ftp.ncbi.nlm.nih.gov/geo/series/GSE104nnn/GSE104622/suppl;https://www.ncbi.nlm.nih.gov/Traces/study/?acc=PRJNA413319",29963730,SRP119450,"Onur BASAK","Jul 02, 2018"
GSE108669,"LPS and Telmisartan co-treatment of microglial BV2 cells","Expression profiling by array","Mus musculus",12,,"CEL;CHP;TXT","ftp://ftp.ncbi.nlm.nih.gov/geo/series/GSE108nnn/GSE108669/suppl",30105672,,"abdel G Elkahloun","Jul 02, 2018"
GSE108670,"LPS, Telmisartan and GW9662 co-treatment of microglial BV2 cells","Expression profiling by array","Mus musculus",6,,"CEL;CHP;TXT","ftp://ftp.ncbi.nlm.nih.gov/geo/series/GSE108nnn/GSE108670/suppl",30105672,,"abdel G Elkahloun","Jul 02, 2018"
GSE108671,"LPS, Telmisartan and GW9662 treatment of microglial BV2 cells","Expression profiling by array","Mus musculus",18,,"CEL;CHP","ftp://ftp.ncbi.nlm.nih.gov/geo/series/GSE108nnn/GSE108671/suppl",30105672,,"abdel G Elkahloun","Jul 02, 2018"
GSE109224,"Next Generation Sequencing Facilitates Quantitative Analysis of ltmA mutant and wild-type strains Transcriptomes in Mycobacterium smegmatis","Expression profiling by high throughput sequencing","Mycolicibacterium smegmatis",6,,"XLS;SRA Run Selector","ftp://ftp.ncbi.nlm.nih.gov/geo/series/GSE109nnn/GSE109224/suppl;https://www.ncbi.nlm.nih.gov/Traces/study/?acc=PRJNA430196",,SRP130999,"Weihui Li","Jul 02, 2018"
GSE109376,"Cardiac fibroblasts behave differently to isoproterenol-induced injury based on their genetic variability","Expression profiling by high throughput sequencing","Mus musculus",18,,"TXT;SRA Run Selector","ftp://ftp.ncbi.nlm.nih.gov/geo/series/GSE109nnn/GSE109376/suppl;https://www.ncbi.nlm.nih.gov/Traces/study/?acc=PRJNA430709",29950403,SRP131049,"Fides D Lay","Jul 02, 2018"
GSE111248,"A Virus-acquired Host Cytokine Controls Systemic Aging by Antagonizing Apoptosis","Expression profiling by high throughput sequencing","Drosophila melanogaster",8,,"XLSX;SRA Run Selector","ftp://ftp.ncbi.nlm.nih.gov/geo/series/GSE111nnn/GSE111248/suppl;https://www.ncbi.nlm.nih.gov/Traces/study/?acc=PRJNA436344",30036358,SRP133657,"Jason Karpac","Jul 02, 2018"
GSE113326,"Epigenetic reprogramming in hepatic carcinogenesis","Genome binding/occupancy profiling by high throughput sequencing","Mus musculus",10,,"BW;SRA Run Selector","ftp://ftp.ncbi.nlm.nih.gov/geo/series/GSE113nnn/GSE113326/suppl;https://www.ncbi.nlm.nih.gov/Traces/study/?acc=PRJNA450821",29992318,SRP140915,"Alfred Sze-Lok Cheng","Jul 02, 2018"
GSE114410,"DNA topoisomerase and supercoil accumulation across yeast genome","Genome binding/occupancy profiling by genome tiling array","Saccharomyces cerevisiae",46,,"BED;BEDGRAPH;CEL","ftp://ftp.ncbi.nlm.nih.gov/geo/series/GSE114nnn/GSE114410/suppl",,,"Mohamood Adhil Mohammed Iqbal","Jul 02, 2018"
GSE114444,"Effect of chromatin architectural proteins; Top2 and Hmo1 on transcription levels in yeast","Expression profiling by high throughput sequencing","Saccharomyces cerevisiae",5,,"TXT;SRA Run Selector","ftp://ftp.ncbi.nlm.nih.gov/geo/series/GSE114nnn/GSE114444/suppl;https://www.ncbi.nlm.nih.gov/Traces/study/?acc=PRJNA471353",,SRP145747,"Mohamood Adhil Mohammed Iqbal","Jul 02, 2018"
GSE114474,"Expression profiling of clonally derived skeletal progenitors from mouse bone marrow","Expression profiling by high throughput sequencing","Mus musculus",14,,"TXT;SRA Run Selector","ftp://ftp.ncbi.nlm.nih.gov/geo/series/GSE114nnn/GSE114474/suppl;https://www.ncbi.nlm.nih.gov/Traces/study/?acc=PRJNA471510",29937146,SRP146068,"Konstantinos Anastassiadis","Jul 02, 2018"
GSE114475,"Expression profiling of mouse bone marrow skeletal progenitors with osteogenic and adipogenic potential and adipogenic progenitors treated with IFNγ.","Expression profiling by high throughput sequencing","Mus musculus",9,,"TXT;SRA Run Selector","ftp://ftp.ncbi.nlm.nih.gov/geo/series/GSE114nnn/GSE114475/suppl;https://www.ncbi.nlm.nih.gov/Traces/study/?acc=PRJNA471511",29937146,SRP146069,"Konstantinos Anastassiadis","Jul 02, 2018"
GSE114520,"SOX9 is dispensable to initiate epigenetic remodeling and activation of marker genes at the onset of chondrogenesis (ChIP-Seq)","Genome binding/occupancy profiling by high throughput sequencing","Mus musculus",24,,"BED;BIGWIG;SRA Run Selector","ftp://ftp.ncbi.nlm.nih.gov/geo/series/GSE114nnn/GSE114520/suppl;https://www.ncbi.nlm.nih.gov/Traces/study/?acc=PRJNA471677",30021842,SRP147450,"Chia-Feng Liu","Jul 02, 2018"
GSE114521,"SOX9 is dispensable to initiate epigenetic remodeling and activation of marker genes at the onset of chondrogenesis (RNA-Seq)","Expression profiling by high throughput sequencing","Mus musculus",13,,"TXT;SRA Run Selector","ftp://ftp.ncbi.nlm.nih.gov/geo/series/GSE114nnn/GSE114521/suppl;https://www.ncbi.nlm.nih.gov/Traces/study/?acc=PRJNA471676",30021842,SRP147454,"Chia-Feng Liu","Jul 02, 2018"
GSE114522,"SOX9 is dispensable to initiate epigenetic remodeling and activation of marker genes at the onset of chondrogenesis","Expression profiling by high throughput sequencing;Genome binding/occupancy profiling by high throughput sequencing","Mus musculus",37,,"BED;BIGWIG","ftp://ftp.ncbi.nlm.nih.gov/geo/series/GSE114nnn/GSE114522/suppl",30021842,,"Chia-Feng Liu","Jul 02, 2018"
GSE114891,"Human peripheral blood mononuclear cells (PBMC): post- ECP treatment vs. pre-treatment (baseline)","Expression profiling by array","Homo sapiens",22,,"TXT","ftp://ftp.ncbi.nlm.nih.gov/geo/series/GSE114nnn/GSE114891/suppl",,,"Xiao Ni","Jul 02, 2018"
GSE115025,"Transcriptional profile of monocytes in the colon in response to C. rodentium infection","Expression profiling by high throughput sequencing","Mus musculus",8,,"XLSX;SRA Run Selector","ftp://ftp.ncbi.nlm.nih.gov/geo/series/GSE115nnn/GSE115025/suppl;https://www.ncbi.nlm.nih.gov/Traces/study/?acc=PRJNA473531",,SRP149190,"Patricia K Martin","Jul 02, 2018"
GSE116466,"The effect of cellular context on miR-155 mediated gene regulation in four major immune cell types (iCLIP)","Expression profiling by high throughput sequencing","Mus musculus",32,,"BW;SRA Run Selector","ftp://ftp.ncbi.nlm.nih.gov/geo/series/GSE116nnn/GSE116466/suppl;https://www.ncbi.nlm.nih.gov/Traces/study/?acc=PRJNA478598",30224821,SRP151681,"Yuheng Lu","Jul 02, 2018"
GSE116468,"The effect of cellular context on miR-155 mediated gene regulation in four major immune cell types (PolyA-Seq)","Expression profiling by high throughput sequencing","Mus musculus",39,,"BW;SRA Run Selector","ftp://ftp.ncbi.nlm.nih.gov/geo/series/GSE116nnn/GSE116468/suppl;https://www.ncbi.nlm.nih.gov/Traces/study/?acc=PRJNA478602",30224821,SRP151684,"Yuheng Lu","Jul 02, 2018"
GSE116472,"Single-molecule nascent RNA sequencing reveals regulatory domain architecture ant promoters and enhancers","Other;Expression profiling by high throughput sequencing","Homo sapiens;Mus musculus",14,,"BW;RDATA;SRA Run Selector","ftp://ftp.ncbi.nlm.nih.gov/geo/series/GSE116nnn/GSE116472/suppl;https://www.ncbi.nlm.nih.gov/Traces/study/?acc=PRJNA478717",30349116,SRP151707,"Jacob Michael Tome","Jul 02, 2018"
GSE116500,"Spec-seq unveils transcriptional subpopulations of antibody-secreting cells following influenza vaccination","Expression profiling by high throughput sequencing","Homo sapiens",295,,"CSV;SRA Run Selector","ftp://ftp.ncbi.nlm.nih.gov/geo/series/GSE116nnn/GSE116500/suppl;https://www.ncbi.nlm.nih.gov/Traces/study/?acc=PRJNA478850",,SRP151753,"Aly Azeem Khan","Jul 02, 2018"
GSE116561,"The effect of cellular context on miR-155 mediated gene regulation in four major immune cell types","Expression profiling by high throughput sequencing","Mus musculus",95,,"BW;TXT","ftp://ftp.ncbi.nlm.nih.gov/geo/series/GSE116nnn/GSE116561/suppl",30224821,,"Yuheng Lu","Jul 02, 2018"
GSE56113,"Superiority of spatially fractionated over broad beam synchrotron radiotherapy","Expression profiling by array","Rattus norvegicus",115,,"CEL","ftp://ftp.ncbi.nlm.nih.gov/geo/series/GSE56nnn/GSE56113/suppl",,,"Michèle EL ATIFI","Jul 01, 2018"
GSE58646,"Comparison of the transcriptomic profiles of two human glioma cell lines, U87 and Glio6.","Expression profiling by array","Homo sapiens",7,,"CEL","ftp://ftp.ncbi.nlm.nih.gov/geo/series/GSE58nnn/GSE58646/suppl",,,"Michèle EL ATIFI","Jul 01, 2018"
GSE62688,"Transcriptome profiling based study of early gene responses in susceptible and tolerant rat lung tissues during acute hypobaric hypoxia","Expression profiling by high throughput sequencing","Rattus norvegicus",5,,"XLS;SRA Run Selector","ftp://ftp.ncbi.nlm.nih.gov/geo/series/GSE62nnn/GSE62688/suppl;https://www.ncbi.nlm.nih.gov/Traces/study/?acc=PRJNA264803",,SRP049242,"Prakash Chand Sharma","Jul 01, 2018"
GSE70127,"The epigenetic and transcriptional basis of a developmental transition from brown to white adipose tissue","Methylation profiling by high throughput sequencing","Ovis aries",6,,"BED;TSV;SRA Run Selector","ftp://ftp.ncbi.nlm.nih.gov/geo/series/GSE70nnn/GSE70127/suppl;https://www.ncbi.nlm.nih.gov/Traces/study/?acc=PRJNA287692",,SRP059746,"Aaron Statham","Jul 01, 2018"
GSE71479,"MJAY analysis of cerebellar RNA obtained from Srrm3 gene-trapped mice and wild-type mice","Expression profiling by array","Mus musculus",8,,"CEL","ftp://ftp.ncbi.nlm.nih.gov/geo/series/GSE71nnn/GSE71479/suppl",,,"Botond Banfi","Jul 01, 2018"
GSE71480,"MJAY analysis of cortical RNA obtained from Srrm3-Srrm4 double mutant mice and wild-type mice","Expression profiling by array","Mus musculus",8,,"CEL","ftp://ftp.ncbi.nlm.nih.gov/geo/series/GSE71nnn/GSE71480/suppl",,,"Botond Banfi","Jul 01, 2018"
GSE71481,"Overlapping activities of SRRM3 and SRRM4 regulate vital pre-mRNA splicing events for neuromuscular synaptogenesis and neuron-specific gene expression","Expression profiling by array","Mus musculus",16,,"CEL","ftp://ftp.ncbi.nlm.nih.gov/geo/series/GSE71nnn/GSE71481/suppl",,,"Botond Banfi","Jul 01, 2018"
GSE71964,"Chemotherapy modulates intestinal immune gene expression in piglets including surfactant protein-D and DMBT1","Expression profiling by array","Sus scrofa",22,,"TXT","ftp://ftp.ncbi.nlm.nih.gov/geo/series/GSE71nnn/GSE71964/suppl",,,"mads thomassen","Jul 01, 2018"
GSE73123,"Transcriptome deep sequencing to reveal the gene regulation of variegated mutation in Phalaenopsis aphrodite subsp. formosana","Expression profiling by high throughput sequencing","Phalaenopsis aphrodite subsp. formosana",2,,"FA;TXT;SRA Run Selector","ftp://ftp.ncbi.nlm.nih.gov/geo/series/GSE73nnn/GSE73123/suppl;https://www.ncbi.nlm.nih.gov/Traces/study/?acc=PRJNA296085",,SRP063845,"Chi-Chu Tsai","Jul 01, 2018"
GSE79776,"Analysis of HER2 genomic binding in breast cancer cells identifies a global role in direct gene regulation [RNA-Seq]","Expression profiling by high throughput sequencing","Homo sapiens",10,,"CSV;TXT","ftp://ftp.ncbi.nlm.nih.gov/geo/series/GSE79nnn/GSE79776/suppl",,,"Jason Carroll","Jul 01, 2018"
GSE79777,"Analysis of HER2 genomic binding in breast cancer cells identifies a global role in direct gene regulation [ChIP-exo]","Genome binding/occupancy profiling by high throughput sequencing","Homo sapiens",10,,"BED","ftp://ftp.ncbi.nlm.nih.gov/geo/series/GSE79nnn/GSE79777/suppl",,,"Jason Carroll","Jul 01, 2018"
GSE79778,"Analysis of HER2 genomic binding in breast cancer cells identifies a global role in direct gene regulation","Expression profiling by high throughput sequencing;Genome binding/occupancy profiling by high throughput sequencing","Homo sapiens",20,,"BED","ftp://ftp.ncbi.nlm.nih.gov/geo/series/GSE79nnn/GSE79778/suppl",,,"Jason Carroll","Jul 01, 2018"
GSE81928,"Hepatic transcriptome of pediatric hepatoblastoma.","Expression profiling by high throughput sequencing","Homo sapiens",32,,"TXT;SRA Run Selector","ftp://ftp.ncbi.nlm.nih.gov/geo/series/GSE81nnn/GSE81928/suppl;https://www.ncbi.nlm.nih.gov/Traces/study/?acc=PRJNA323460",,SRP075759,"Rebekah Karns","Jul 01, 2018"
GSE83382,"Differential Matrix metalloprotease (MMP) Expression Profiles Found in Aged Gingiva","Expression profiling by high throughput sequencing","Homo sapiens",6,,"TXT;SRA Run Selector","ftp://ftp.ncbi.nlm.nih.gov/geo/series/GSE83nnn/GSE83382/suppl;https://www.ncbi.nlm.nih.gov/Traces/study/?acc=PRJNA325424",,SRP076490,"Tae Hoon Lee","Jul 01, 2018"
GSE83699,"Propargite, an environmental chemical, interacts with GWAS identified diabetes genes to impact human pancreatic β-cell death [propargite treatment]","Expression profiling by high throughput sequencing","Homo sapiens",4,,"XLS;SRA Run Selector","ftp://ftp.ncbi.nlm.nih.gov/geo/series/GSE83nnn/GSE83699/suppl;https://www.ncbi.nlm.nih.gov/Traces/study/?acc=PRJNA326754",30446643,SRP077058,"Shuibing Chen","Jul 01, 2018"
GSE83781,"Propargite, an environmental chemical, interacts with GWAS identified diabetes genes to impact human pancreatic β-cell death [PTPN2 knockout]","Expression profiling by high throughput sequencing","Homo sapiens",4,,"XLS;SRA Run Selector","ftp://ftp.ncbi.nlm.nih.gov/geo/series/GSE83nnn/GSE83781/suppl;https://www.ncbi.nlm.nih.gov/Traces/study/?acc=PRJNA326971",,SRP077320,"Shuibing Chen","Jul 01, 2018"
GSE83782,"Propargite, an environmental chemical, interacts with GWAS identified diabetes genes to impact human pancreatic β-cell death","Expression profiling by high throughput sequencing","Homo sapiens",8,,,,,,"Shuibing Chen","Jul 01, 2018"
GSE84136,"Expression Profile of CHD7-Deficient Murine Long-term Hematopoietic Stem Cells","Expression profiling by array","Mus musculus",8,,"CEL","ftp://ftp.ncbi.nlm.nih.gov/geo/series/GSE84nnn/GSE84136/suppl",,,"Hsuan-Ting Huang","Jul 01, 2018"
GSE86172,"BORIS knockdown in colorectal cancer cells HCT116 and Caco-2","Expression profiling by array","Homo sapiens",4,,"CEL","ftp://ftp.ncbi.nlm.nih.gov/geo/series/GSE86nnn/GSE86172/suppl",,,"Yanmei Zhang","Jul 01, 2018"
GSE87091,"Commensal microbes drive the generation of large numbers of bone marrow plasma cells","Expression profiling by array","Mus musculus",26,,"CEL;TXT","ftp://ftp.ncbi.nlm.nih.gov/geo/series/GSE87nnn/GSE87091/suppl",,,"Joel Wilmore","Jul 01, 2018"
GSE89061,"In utero exposure to therapeutic doses of acetaminophen and ibuprofen accelerates germ cell differentiation in the mouse embryonic testis","Expression profiling by high throughput sequencing","Mus musculus",4,,"TXT;SRA Run Selector","ftp://ftp.ncbi.nlm.nih.gov/geo/series/GSE89nnn/GSE89061/suppl;https://www.ncbi.nlm.nih.gov/Traces/study/?acc=PRJNA350220",29979629,SRP091955,"Brigitte Boizet-Bonhoure","Jul 01, 2018"
GSE90469,"Ribosome profiling experiments of G2019S LRRK2 human dopamine neurons","Expression profiling by high throughput sequencing;Other","Homo sapiens",12,,"TXT;SRA Run Selector","ftp://ftp.ncbi.nlm.nih.gov/geo/series/GSE90nnn/GSE90469/suppl;https://www.ncbi.nlm.nih.gov/Traces/study/?acc=PRJNA354729",,SRP093833,"Jungwoo Wren Kim","Jul 01, 2018"
GSE93577,"Gene expression of L3 parvalbumin neurons in the DLPFC comparing schizophrenia with unaffected subjects","Expression profiling by array","Homo sapiens",141,,"CEL","ftp://ftp.ncbi.nlm.nih.gov/geo/series/GSE93nnn/GSE93577/suppl",,,"David Lewis","Jul 01, 2018"
GSE95634,"Global transcriptome analysis of BJAB cells that are modulated by EBV infection or (and) EBV BART6-3p mimics.","Expression profiling by high throughput sequencing","Homo sapiens",4,,"TXT;SRA Run Selector","ftp://ftp.ncbi.nlm.nih.gov/geo/series/GSE95nnn/GSE95634/suppl;https://www.ncbi.nlm.nih.gov/Traces/study/?acc=PRJNA377734",28877527,SRP101286,"Jian Ma","Jul 01, 2018"
GSE96924,"Cecal mRNA expression in Collaborative Cross Breeding Population","Expression profiling by array","Mus musculus",207,,,,,,"Jason A Bubier","Jul 01, 2018"
GSE97122,"The transcriptome of Oak roots associated with truffles","Expression profiling by high throughput sequencing","Quercus robur",9,,"TXT;SRA Run Selector","ftp://ftp.ncbi.nlm.nih.gov/geo/series/GSE97nnn/GSE97122/suppl;https://www.ncbi.nlm.nih.gov/Traces/study/?acc=PRJNA380755",29915331,SRP102584,"Annegret Kohler","Jul 01, 2018"
GSE98537,"RNA-Seq gives insights into genetic regulation of the drought-stress response in the cassava leaves","Expression profiling by high throughput sequencing","Manihot esculenta",4,,"TXT;SRA Run Selector","ftp://ftp.ncbi.nlm.nih.gov/geo/series/GSE98nnn/GSE98537/suppl;https://www.ncbi.nlm.nih.gov/Traces/study/?acc=PRJNA385393",,SRP106452,"Yan mei zhu","Jul 01, 2018"
GSE98931,"Triple Negative Breast tumors: SPARC Positive Tumors vs SPARC Negative Tumors","Expression profiling by array","Homo sapiens",4,,"TXT","ftp://ftp.ncbi.nlm.nih.gov/geo/series/GSE98nnn/GSE98931/suppl",,,"Ana Carolina Pavanelli","Jul 01, 2018"
GSE99805,"The Nonstop decay and the RNA silencing systems operate cooperatively in plants","Expression profiling by high throughput sequencing","Arabidopsis thaliana;Nicotiana benthamiana",21,,"GTF;TXT;XLSX;SRA Run Selector","ftp://ftp.ncbi.nlm.nih.gov/geo/series/GSE99nnn/GSE99805/suppl;https://www.ncbi.nlm.nih.gov/Traces/study/?acc=PRJNA389675",29672715,SRP108830,"Daniel Silhavy","Jul 01, 2018"
GSE100241,"Mesothelioma cells: Control vs CD26 knockdown","Expression profiling by array","Homo sapiens",2,,"TXT","ftp://ftp.ncbi.nlm.nih.gov/geo/series/GSE100nnn/GSE100241/suppl",,,"Satoshi Kondo","Jul 01, 2018"
GSE100347,"Recognition of histone acetylation by the GAS41 YEATS domain promotes H2A.Z deposition and tumorigenesis of non-small cell lung cancer","Expression profiling by high throughput sequencing;Genome binding/occupancy profiling by high throughput sequencing","Homo sapiens",12,,"BW;TSV;SRA Run Selector","ftp://ftp.ncbi.nlm.nih.gov/geo/series/GSE100nnn/GSE100347/suppl;https://www.ncbi.nlm.nih.gov/Traces/study/?acc=PRJNA391417",29437725,SRP110132,"Jiejun Shi","Jul 01, 2018"
GSE100460,"Gas41 links histone acetylation to H2A.Z deposition and stem cell identity maintenance","Genome binding/occupancy profiling by high throughput sequencing;Expression profiling by high throughput sequencing","Mus musculus",27,,"BW;TSV;SRA Run Selector","ftp://ftp.ncbi.nlm.nih.gov/geo/series/GSE100nnn/GSE100460/suppl;https://www.ncbi.nlm.nih.gov/Traces/study/?acc=PRJNA391896",29900004,SRP110498,"Jiejun Shi","Jul 01, 2018"
GSE100525,"Toxic metal tolerance of Arabidopsis arenosa inoculated with fungal endophyte Mucor sp. Gene expression study","Expression profiling by array","Arabidopsis arenosa;Arabidopsis thaliana",6,,"TXT","ftp://ftp.ncbi.nlm.nih.gov/geo/series/GSE100nnn/GSE100525/suppl",,,"Piotr Rozpądek","Jul 01, 2018"
GSE100598,"Transcriptome analysis of early submergence-responsive genes in deepwater rice","Expression profiling by genome tiling array","Oryza sativa",10,,"PAIR;PROBE","ftp://ftp.ncbi.nlm.nih.gov/geo/series/GSE100nnn/GSE100598/suppl",,,"Yeon-Ki Kim","Jul 01, 2018"
GSE100706,"Identification of genes associated with TGF-beta/Smad3-mediated macrophage-myofibroblast transition (MMT) by single-cell RNA sequencing","Expression profiling by high throughput sequencing","Mus musculus",17,,"TXT;SRA Run Selector","ftp://ftp.ncbi.nlm.nih.gov/geo/series/GSE100nnn/GSE100706/suppl;https://www.ncbi.nlm.nih.gov/Traces/study/?acc=PRJNA392697",29042082,SRP110831,"Hui-Yao Lan","Jul 01, 2018"
GSE100803,"Pre-microRNA-derived sequences in the supraspliceosome","Non-coding RNA profiling by high throughput sequencing","Homo sapiens",7,,"XLSX;SRA Run Selector","ftp://ftp.ncbi.nlm.nih.gov/geo/series/GSE100nnn/GSE100803/suppl;https://www.ncbi.nlm.nih.gov/Traces/study/?acc=PRJNA393124",30203035,SRP111103,"Shelly Mahlab-Aviv","Jul 01, 2018"
GSE100818,"Gene expression profiles of Fir1 (RNAi) animals","Expression profiling by array","Schmidtea mediterranea",8,,"TXT","ftp://ftp.ncbi.nlm.nih.gov/geo/series/GSE100nnn/GSE100818/suppl",,,"Qing Jing","Jul 01, 2018"
GSE100881,"Analysis of RNA-seq libraries for conditional knock-out of transcription factors in adult mouse pancreas","Expression profiling by high throughput sequencing","Mus musculus",60,,"TXT;XLSX;SRA Run Selector","ftp://ftp.ncbi.nlm.nih.gov/geo/series/GSE100nnn/GSE100881/suppl;https://www.ncbi.nlm.nih.gov/Traces/study/?acc=PRJNA393344",,SRP111204,"Galvin Swift","Jul 01, 2018"
GSE100883,"Novel applications of next generation sequencing tools to assess the health of Steller sea lion (Eumetopias jubatus) populations","Expression profiling by high throughput sequencing","Eumetopias jubatus",13,,"FASTA;TXT;SRA Run Selector","ftp://ftp.ncbi.nlm.nih.gov/geo/series/GSE100nnn/GSE100883/suppl;https://www.ncbi.nlm.nih.gov/Traces/study/?acc=PRJNA393348",,SRP111289,"James William MacDonald","Jul 01, 2018"
GSE101336,"RNA-seq in KPC mice treated with a hypomethylating drug (decitabine) and in untreated KPC mice","Expression profiling by high throughput sequencing","Mus musculus",17,,"TXT;SRA Run Selector","ftp://ftp.ncbi.nlm.nih.gov/geo/series/GSE101nnn/GSE101336/suppl;https://www.ncbi.nlm.nih.gov/Traces/study/?acc=PRJNA394004",,SRP111723,"Tamas Gonda","Jul 01, 2018"
GSE101743,"LncRNA NMR knockdown and overexpression in esophageal squamous cell carcinoma cell lines","Expression profiling by high throughput sequencing","Homo sapiens",8,,"TXT;SRA Run Selector","ftp://ftp.ncbi.nlm.nih.gov/geo/series/GSE101nnn/GSE101743/suppl;https://www.ncbi.nlm.nih.gov/Traces/study/?acc=PRJNA395325",,SRP113299,"Yuan Li","Jul 01, 2018"
GSE103174,"Expression data from lung tissue in mild-moderate COPD","Expression profiling by array","Homo sapiens",53,,"CEL;TXT","ftp://ftp.ncbi.nlm.nih.gov/geo/series/GSE103nnn/GSE103174/suppl",,,"Guillaume Noell","Jul 01, 2018"
GSE103620,"Effect of Rosmarinic acid in Pseudomonas aeruginosa PAO1 at expression level","Expression profiling by high throughput sequencing","Pseudomonas aeruginosa PAO1",6,,"RPKM;XLS;SRA Run Selector","ftp://ftp.ncbi.nlm.nih.gov/geo/series/GSE103nnn/GSE103620/suppl;https://www.ncbi.nlm.nih.gov/Traces/study/?acc=PRJNA402082",,SRP117105,"Matilde Fernández","Jul 01, 2018"
GSE103744,"Identification and validation of single sample breast cancer radiosensitivity gene expression predictors [Illumina HT12 v4 data]","Expression profiling by array","Homo sapiens",172,,"CSV;TXT","ftp://ftp.ncbi.nlm.nih.gov/geo/series/GSE103nnn/GSE103744/suppl",29973242,,"Martin Sjöström","Jul 01, 2018"
GSE103745,"Identification and validation of single sample breast cancer radiosensitivity gene expression predictors [Nanostring custom assay data]","Expression profiling by array","Homo sapiens",336,,"CSV","ftp://ftp.ncbi.nlm.nih.gov/geo/series/GSE103nnn/GSE103745/suppl",29973242,,"Martin Sjöström","Jul 01, 2018"
GSE103746,"Identification and validation of single sample breast cancer radiosensitivity gene expression predictors","Expression profiling by array","Homo sapiens",508,,,,29973242,,"Martin Sjöström","Jul 01, 2018"
GSE104726,"A novel evolutionary conserved mechanism of RNA stability regulates synexpression of primordial germ cell-specific genes prior to the sex-determination stage","Expression profiling by array","Oryzias latipes",8,,"TXT","ftp://ftp.ncbi.nlm.nih.gov/geo/series/GSE104nnn/GSE104726/suppl",,,"Aurelie LE CAM","Jul 01, 2018"
GSE105013,"Systemic gain and loss of chromatin architecture throughout zebrafish development [Hi-C]","Other","Danio rerio",10,,"TXT;SRA Run Selector","ftp://ftp.ncbi.nlm.nih.gov/geo/series/GSE105nnn/GSE105013/suppl;https://www.ncbi.nlm.nih.gov/Traces/study/?acc=PRJNA414425",29972771,SRP120014,"Robin H. van der Weide","Jul 01, 2018"
GSE105014,"Systemic gain and loss of chromatin architecture throughout zebrafish development [4C]","Other","Danio rerio",22,,"WIG;SRA Run Selector","ftp://ftp.ncbi.nlm.nih.gov/geo/series/GSE105nnn/GSE105014/suppl;https://www.ncbi.nlm.nih.gov/Traces/study/?acc=PRJNA414424",29972771,SRP120015,"Robin H. van der Weide","Jul 01, 2018"
GSE105015,"Systemic Loss and Gain of Chromatin Architecture throughout Zebrafish Development.","Other","Danio rerio",32,,"WIG","ftp://ftp.ncbi.nlm.nih.gov/geo/series/GSE105nnn/GSE105015/suppl",29972771,,"Robin H. van der Weide","Jul 01, 2018"
GSE105827,"Common lymphoid progenitor derivation of plasmacytoid dendritic cells is mediated by Bcl11a","Expression profiling by high throughput sequencing","Mus musculus",6,,"FPKM_TRACKING;SRA Run Selector","ftp://ftp.ncbi.nlm.nih.gov/geo/series/GSE105nnn/GSE105827/suppl;https://www.ncbi.nlm.nih.gov/Traces/study/?acc=PRJNA415465",,SRP120999,"Joseph D Dekker","Jul 01, 2018"
GSE106699,"RNA sequencing of 13 T-cell acute lymphoblastic leukemia patients (5 TCRAD-MYC translocated T-ALL_8TAL1-LMO2 T-ALL)","Expression profiling by high throughput sequencing","Homo sapiens",13,,"TAB;SRA Run Selector","ftp://ftp.ncbi.nlm.nih.gov/geo/series/GSE106nnn/GSE106699/suppl;https://www.ncbi.nlm.nih.gov/Traces/study/?acc=PRJNA417699",,SRP124651,"Gloria Milani","Jul 01, 2018"
GSE106773,"ArrayCGH on a cohort of pediatric T-ALL cases characterized by TCRAD-MYC translocation","Genome variation profiling by genome tiling array","Homo sapiens",25,,"TXT;XLSX","ftp://ftp.ncbi.nlm.nih.gov/geo/series/GSE106nnn/GSE106773/suppl",,,"Gloria Milani","Jul 01, 2018"
GSE106939,"Genetic characterization and therapeutic targeting of MYC rearranged T-cell acute lymphoblastic leukemia","Genome binding/occupancy profiling by high throughput sequencing","Homo sapiens",2,,"TXT;SRA Run Selector","ftp://ftp.ncbi.nlm.nih.gov/geo/series/GSE106nnn/GSE106939/suppl;https://www.ncbi.nlm.nih.gov/Traces/study/?acc=PRJNA418490",,SRP125050,"Gloria Milani","Jul 01, 2018"
GSE107057,"Differential expression patterns of microRNAs in a mouse model after whole body radiation","Non-coding RNA profiling by array","Mus musculus",81,,"TXT","ftp://ftp.ncbi.nlm.nih.gov/geo/series/GSE107nnn/GSE107057/suppl",29309266,,"Michael Falduto","Jul 01, 2018"
GSE107304,"Increasing miRNA sequencing accuracy using an RNA circularization approach","Non-coding RNA profiling by high throughput sequencing","Homo sapiens;synthetic construct",20,,"CSV;TXT;SRA Run Selector","ftp://ftp.ncbi.nlm.nih.gov/geo/series/GSE107nnn/GSE107304/suppl;https://www.ncbi.nlm.nih.gov/Traces/study/?acc=PRJNA419732",,SRP125586,"Sergio Barberan-Soler","Jul 01, 2018"
GSE107830,"MicroRNA-based prognostic model for early-stage oral cancer patients","Non-coding RNA profiling by high throughput sequencing","Homo sapiens",100,,"CSV;SRA Run Selector","ftp://ftp.ncbi.nlm.nih.gov/geo/series/GSE107nnn/GSE107830/suppl;https://www.ncbi.nlm.nih.gov/Traces/study/?acc=PRJNA421555",,SRP126354,"Angela Yoon","Jul 01, 2018"
GSE107851,"Effects of vitamin D on histone modifications H3K27ac and H3K4me3 in THP-1 cells","Genome binding/occupancy profiling by high throughput sequencing","Homo sapiens",13,,"TDF;SRA Run Selector","ftp://ftp.ncbi.nlm.nih.gov/geo/series/GSE107nnn/GSE107851/suppl;https://www.ncbi.nlm.nih.gov/Traces/study/?acc=PRJNA421715",30018005,SRP126403,"Carsten Carlberg","Jul 01, 2018"
GSE108163,"Uterine microbiome in postpartum dairy cows: Associations with ovarian cyclicity and endometrial transcriptome at five and nine weeks after calving","Expression profiling by high throughput sequencing","Bos taurus",50,,"TXT;SRA Run Selector","ftp://ftp.ncbi.nlm.nih.gov/geo/series/GSE108nnn/GSE108163/suppl;https://www.ncbi.nlm.nih.gov/Traces/study/?acc=PRJNA422614",,SRP126870,"Matthew Lucy","Jul 01, 2018"
GSE108382,"SAKE (Single-cell RNA-Seq Analysis and Klustering Evaluation) Identifies Markers of Resistance to Targeted BRAF Inhibitors in Melanoma Cell Populations [Bulk RNA-Seq]","Expression profiling by high throughput sequencing","Homo sapiens",8,,"TXT;SRA Run Selector","ftp://ftp.ncbi.nlm.nih.gov/geo/series/GSE108nnn/GSE108382/suppl;https://www.ncbi.nlm.nih.gov/Traces/study/?acc=PRJNA427111",30061114,SRP127319,"Molly Hammell","Jul 01, 2018"
GSE108383,"SAKE (Single-cell RNA-Seq Analysis and Klustering Evaluation) Identifies Markers of Resistance to Targeted BRAF Inhibitors in Melanoma Cell Populations [Fluidiam scRNA-Seq]","Expression profiling by high throughput sequencing","Homo sapiens",327,,"TXT;SRA Run Selector","ftp://ftp.ncbi.nlm.nih.gov/geo/series/GSE108nnn/GSE108383/suppl;https://www.ncbi.nlm.nih.gov/Traces/study/?acc=PRJNA427110",30061114,SRP127320,"Molly Hammell","Jul 01, 2018"
GSE108394,"SAKE (Single-cell RNA-Seq Analysis and Klustering Evaluation) Identifies Markers of Resistance to Targeted BRAF Inhibitors in Melanoma Cell Populations [10x]","Expression profiling by high throughput sequencing","Homo sapiens",2,,"MTX;TSV;SRA Run Selector","ftp://ftp.ncbi.nlm.nih.gov/geo/series/GSE108nnn/GSE108394/suppl;https://www.ncbi.nlm.nih.gov/Traces/study/?acc=PRJNA427130",30061114,SRP127328,"Molly Hammell","Jul 01, 2018"
GSE108397,"SAKE (Single-cell RNA-Seq Analysis and Klustering Evaluation) Identifies Markers of Resistance to Targeted BRAF Inhibitors in Melanoma Cell Populations","Expression profiling by high throughput sequencing","Homo sapiens",337,,"MTX;TSV","ftp://ftp.ncbi.nlm.nih.gov/geo/series/GSE108nnn/GSE108397/suppl",30061114,,"Molly Hammell","Jul 01, 2018"
GSE108567,"Adjusting for batch effects in DNA methylation microarray data, a lesson learned","Methylation profiling by genome tiling array","Homo sapiens",59,,"IDAT;TXT","ftp://ftp.ncbi.nlm.nih.gov/geo/series/GSE108nnn/GSE108567/suppl",29616078,,"Wendy Robinson","Jul 01, 2018"
GSE108739,"Skeletal muscle satellite cells, endothelial cells and single muscle fibers","Expression profiling by high throughput sequencing","Mus musculus",8,,"BIGWIG;CSV;TXT;SRA Run Selector","ftp://ftp.ncbi.nlm.nih.gov/geo/series/GSE108nnn/GSE108739/suppl;https://www.ncbi.nlm.nih.gov/Traces/study/?acc=PRJNA428454",30290177,SRP128031,"Mayank Verma","Jul 01, 2018"
GSE108856,"Chromatin binding of NRF1 after exposure to proteasome inhibitor","Genome binding/occupancy profiling by high throughput sequencing","Homo sapiens",4,,"BED;SRA Run Selector","ftp://ftp.ncbi.nlm.nih.gov/geo/series/GSE108nnn/GSE108856/suppl;https://www.ncbi.nlm.nih.gov/Traces/study/?acc=PRJNA428954",29941490,SRP128459,"Hiroki Sekine","Jul 01, 2018"
GSE108906,"RNA-seq analysis of miR-324-5p overexpression upon H5N1 infection in A549 cells","Expression profiling by high throughput sequencing","Homo sapiens",3,,"TXT;SRA Run Selector","ftp://ftp.ncbi.nlm.nih.gov/geo/series/GSE108nnn/GSE108906/suppl;https://www.ncbi.nlm.nih.gov/Traces/study/?acc=PRJNA429109",30045983,SRP128491,"Himanshu Kumar","Jul 01, 2018"
GSE109497,"THOC2  RNAi microarray in A375 cell line","Expression profiling by array","Homo sapiens",2,,"TXT","ftp://ftp.ncbi.nlm.nih.gov/geo/series/GSE109nnn/GSE109497/suppl",,,"Yan Wang","Jul 01, 2018"
GSE109731,"Synergy from Gene Expression and Network Mining (SynGeNet) method predicts genotype-specific synergistic drug combinations in melanoma","Expression profiling by high throughput sequencing","Homo sapiens",12,,"TXT;SRA Run Selector","ftp://ftp.ncbi.nlm.nih.gov/geo/series/GSE109nnn/GSE109731/suppl;https://www.ncbi.nlm.nih.gov/Traces/study/?acc=PRJNA431809",,SRP131524,"Kelly Regan","Jul 01, 2018"
GSE109818,"Changes in gene expression in human skeletal stem cells transduced with constitutively active Gsα correlates with hallmark histopathological changes seen in fibrous dysplastic bone","Expression profiling by array","Homo sapiens",9,,"CEL","ftp://ftp.ncbi.nlm.nih.gov/geo/series/GSE109nnn/GSE109818/suppl",,,"domenico raimondo","Jul 01, 2018"
GSE110295,"Aalysis of replication timing in the RPE1 and HCT116 cell line","Other","Homo sapiens",9,,"BED;SRA Run Selector","ftp://ftp.ncbi.nlm.nih.gov/geo/series/GSE110nnn/GSE110295/suppl;https://www.ncbi.nlm.nih.gov/Traces/study/?acc=PRJNA433397",,SRP132396,"Lora Boteva","Jul 01, 2018"
GSE110645,"Altered gene expression in prefrontal cortex of a Fabry disease mouse model","Expression profiling by array","Mus musculus",8,,"TXT","ftp://ftp.ncbi.nlm.nih.gov/geo/series/GSE110nnn/GSE110645/suppl",,,"Kai K Kummer","Jul 01, 2018"
GSE111080,"RNA-seq analysis of Slc39a8(neo/neo) versus wild-type mice: yolk sac, placenta and fetal liver, kidney, lung, heart and cerebellum","Expression profiling by high throughput sequencing","Mus musculus",40,,"TXT;SRA Run Selector","ftp://ftp.ncbi.nlm.nih.gov/geo/series/GSE111nnn/GSE111080/suppl;https://www.ncbi.nlm.nih.gov/Traces/study/?acc=PRJNA435869",,SRP133436,"Jing Chen","Jul 01, 2018"
GSE111263,"H3K79me3 AND H3K4me3 ChIP Seq","Genome binding/occupancy profiling by high throughput sequencing","Homo sapiens",38,,"NARROWPEAK;SRA Run Selector","ftp://ftp.ncbi.nlm.nih.gov/geo/series/GSE111nnn/GSE111263/suppl;https://www.ncbi.nlm.nih.gov/Traces/study/?acc=PRJNA436370",,SRP133675,"Rafael Valdés Mas","Jul 01, 2018"
GSE111375,"De novo transcriptome assembly and characterization of medicinal plant Lithospermum officinale to discover putative genes involved in specialized metabolites biosynthesis","Expression profiling by high throughput sequencing","Lithospermum officinale",3,,"CSV;FASTA;TXT;SRA Run Selector","ftp://ftp.ncbi.nlm.nih.gov/geo/series/GSE111nnn/GSE111375/suppl;https://www.ncbi.nlm.nih.gov/Traces/study/?acc=PRJNA436733",,SRP133843,"Mami Yamazaki","Jul 01, 2018"
GSE112058,"Gene expression in PANC1 cells treated with Rakicidin","Expression profiling by high throughput sequencing","Homo sapiens",9,,"TAB;SRA Run Selector","ftp://ftp.ncbi.nlm.nih.gov/geo/series/GSE112nnn/GSE112058/suppl;https://www.ncbi.nlm.nih.gov/Traces/study/?acc=PRJNA439193",30122371,SRP136058,"Morten Muhlig Nielsen","Jul 01, 2018"
GSE112204,"Transciptomic analysis of cachectic muscles from metastatic allograft models","Expression profiling by high throughput sequencing","Mus musculus",8,,"XLSX;SRA Run Selector","ftp://ftp.ncbi.nlm.nih.gov/geo/series/GSE112nnn/GSE112204/suppl;https://www.ncbi.nlm.nih.gov/Traces/study/?acc=PRJNA445244",29875463,SRP136244,"Swarnali Acharyya","Jul 01, 2018"
GSE112670,"The m7G tRNA methylome regulates embryonic stem cell self-renewal and differentiation","Expression profiling by high throughput sequencing;Other","Mus musculus",26,,"TXT;SRA Run Selector","ftp://ftp.ncbi.nlm.nih.gov/geo/series/GSE112nnn/GSE112670/suppl;https://www.ncbi.nlm.nih.gov/Traces/study/?acc=PRJNA448690",,SRP137060,"Shuibin Lin","Jul 01, 2018"
GSE112886,"Generation of esophageal organoids from human pluripotent stem cells and their use to study human development","Expression profiling by high throughput sequencing","Homo sapiens",18,,"XLSX","ftp://ftp.ncbi.nlm.nih.gov/geo/series/GSE112nnn/GSE112886/suppl",,,"James Wells","Jul 01, 2018"
GSE113484,"ELF1 expression in prostate cells reduces oncogenic ETS functions and promotes senescence and sensitivity to chemotherapy through distinct gene expression programs [ChIP-seq]","Genome binding/occupancy profiling by high throughput sequencing","Homo sapiens",3,,"BED;XLS;SRA Run Selector","ftp://ftp.ncbi.nlm.nih.gov/geo/series/GSE113nnn/GSE113484/suppl;https://www.ncbi.nlm.nih.gov/Traces/study/?acc=PRJNA451223",,SRP141489,"Peter Hollenhorst","Jul 01, 2018"
GSE113485,"ELF1 expression in prostate cells reduces oncogenic ETS functions and promotes senescence and sensitivity to chemotherapy through distinct gene expression programs [RNA-seq]","Expression profiling by high throughput sequencing","Homo sapiens",9,,"DIFF;GTF;SRA Run Selector","ftp://ftp.ncbi.nlm.nih.gov/geo/series/GSE113nnn/GSE113485/suppl;https://www.ncbi.nlm.nih.gov/Traces/study/?acc=PRJNA451362",,SRP142174,"Peter Hollenhorst","Jul 01, 2018"
GSE113499,"ELF1 expression in prostate cells reduces oncogenic ETS functions and promotes senescence and sensitivity to chemotherapy through distinct gene expression programs","Expression profiling by high throughput sequencing;Genome binding/occupancy profiling by high throughput sequencing","Homo sapiens",12,,"XLS","ftp://ftp.ncbi.nlm.nih.gov/geo/series/GSE113nnn/GSE113499/suppl",30603056,,"Peter Hollenhorst","Jul 01, 2018"
GSE114043,"Plasma Adiponectin Levels are Associated with Circulating Inflammatory Cytokines in Autoantibody Positive First-Degree Relatives of Rheumatoid Arthritis Patients","Protein profiling by protein array","Homo sapiens",257,,"TXT","ftp://ftp.ncbi.nlm.nih.gov/geo/series/GSE114nnn/GSE114043/suppl",,,"Jan M Hughes-Austin","Jul 01, 2018"
GSE114794,"Nutrient deprivation elicits a transcriptional and translational inflammatory response coupled to decreased protein synthesis","Expression profiling by high throughput sequencing","Homo sapiens",57,,"TXT;SRA Run Selector","ftp://ftp.ncbi.nlm.nih.gov/geo/series/GSE114nnn/GSE114794/suppl;https://www.ncbi.nlm.nih.gov/Traces/study/?acc=PRJNA472636",30089253,SRP148767,"Paulo A. Gameiro","Jul 01, 2018"
GSE114809,"Three-dimensional brain-like microenvironments facilitate the direct reprogramming of fibroblasts into therapeutic neurons","Expression profiling by high throughput sequencing","Mus musculus",12,,"TXT;XLSX;SRA Run Selector","ftp://ftp.ncbi.nlm.nih.gov/geo/series/GSE114nnn/GSE114809/suppl;https://www.ncbi.nlm.nih.gov/Traces/study/?acc=PRJNA472725",,SRP148778,"Yoonhee Jin","Jul 01, 2018"
GSE115012,"RNA sequencing analysis of metabolism related genes in MKRN1-null mice tissues.","Expression profiling by high throughput sequencing","Mus musculus",8,,"GTF;SRA Run Selector","ftp://ftp.ncbi.nlm.nih.gov/geo/series/GSE115nnn/GSE115012/suppl;https://www.ncbi.nlm.nih.gov/Traces/study/?acc=PRJNA473516",30143610,SRP149173,"Jae whan Song","Jul 01, 2018"
GSE115233,"sox32 Alleles Generated from Four-guide Cas9 RNP Targeting in G0 Zebrafish Embryos","Other","Danio rerio",6,,"FASTA;SRA Run Selector","ftp://ftp.ncbi.nlm.nih.gov/geo/series/GSE115nnn/GSE115233/suppl;https://www.ncbi.nlm.nih.gov/Traces/study/?acc=PRJNA474217",29974860,SRP149566,"Roland S Wu","Jul 01, 2018"
GSE115263,"RNA-Seq of FACS-sorted cardiomyocytes","Expression profiling by high throughput sequencing","Danio rerio",9,,"TXT;SRA Run Selector","ftp://ftp.ncbi.nlm.nih.gov/geo/series/GSE115nnn/GSE115263/suppl;https://www.ncbi.nlm.nih.gov/Traces/study/?acc=PRJNA474426",29974860,SRP149660,"Roland S Wu","Jul 01, 2018"
GSE115532,"Expression analysis in mouse jejunum enteroids following over-expression of the zinc finger transcription factor PLAGL2","Expression profiling by high throughput sequencing","Mus musculus",6,,"XLSX;SRA Run Selector","ftp://ftp.ncbi.nlm.nih.gov/geo/series/GSE115nnn/GSE115532/suppl;https://www.ncbi.nlm.nih.gov/Traces/study/?acc=PRJNA475278",,SRP150086,"Blair B Madison","Jul 01, 2018"
GSE115729,"The interferon-induced exonuclease, ISG20, exerts antiviral activity through upregulation of type I interferon response proteins","Expression profiling by high throughput sequencing","Mus musculus",6,,"TAR;SRA Run Selector","ftp://ftp.ncbi.nlm.nih.gov/geo/series/GSE115nnn/GSE115729/suppl;https://www.ncbi.nlm.nih.gov/Traces/study/?acc=PRJNA475885",30232164,SRP150412,"William Klimstra","Jul 01, 2018"
GSE115886,"A global map of RNA binding protein occupancy guides functional dissection of post-transcriptional regulation of the T cell transcriptome [Hs]","Expression profiling by high throughput sequencing","Homo sapiens",6,,"BED;BW;SRA Run Selector","ftp://ftp.ncbi.nlm.nih.gov/geo/series/GSE115nnn/GSE115886/suppl;https://www.ncbi.nlm.nih.gov/Traces/study/?acc=PRJNA476360",,SRP150644,"Adam Jacob Litterman","Jul 01, 2018"
GSE115980,"Genetic determinants of co-accessible chromatin regions in activated T cells across humans","Other","Homo sapiens",1,,"HIC","ftp://ftp.ncbi.nlm.nih.gov/geo/series/GSE115nnn/GSE115980/suppl",29988122,,"Aviva P Aiden","Jul 01, 2018"
GSE116369,"Discovering human diabetes-risk gene function with genetics and physiological assays","Expression profiling by high throughput sequencing","Homo sapiens",8,,"TXT;SRA Run Selector","ftp://ftp.ncbi.nlm.nih.gov/geo/series/GSE116nnn/GSE116369/suppl;https://www.ncbi.nlm.nih.gov/Traces/study/?acc=PRJNA478311",,SRP151530,"Heshan Peiris","Jul 01, 2018"
GSE48011,"Mesenchymal stem cells  gene expression on liver after ischemia-reperfusion injury.","Expression profiling by array","Rattus norvegicus",8,,"TXT","ftp://ftp.ncbi.nlm.nih.gov/geo/series/GSE48nnn/GSE48011/suppl",,,"Hoi-Kin Wong","Jun 30, 2018"
GSE70170,"IDENTIFICATION OF A NOVEL GENETIC PROGRAM AT THE INITIATION OF COLON CANCER DEVELOPMENT.","Expression profiling by array","Homo sapiens",7,,"TXT","ftp://ftp.ncbi.nlm.nih.gov/geo/series/GSE70nnn/GSE70170/suppl",,,"Anne Wierinckx","Jun 30, 2018"
GSE70273,"Transcriptome analysis of Gata6-AS depleted XEN cells","Expression profiling by high throughput sequencing","Mus musculus",2,,"TXT;SRA Run Selector","ftp://ftp.ncbi.nlm.nih.gov/geo/series/GSE70nnn/GSE70273/suppl;https://www.ncbi.nlm.nih.gov/Traces/study/?acc=PRJNA288144",,SRP059882,"Mary E Donohoe","Jun 30, 2018"
GSE70411,"De novo transcriptome assembly databases in the butterfly orchid Phalaenopsis equestris","Expression profiling by high throughput sequencing","Phalaenopsis equestris",4,,"FASTA;TXT;SRA Run Selector","ftp://ftp.ncbi.nlm.nih.gov/geo/series/GSE70nnn/GSE70411/suppl;https://www.ncbi.nlm.nih.gov/Traces/study/?acc=PRJNA288388",,SRP059975,"Zhong Jian Liu","Jun 30, 2018"
GSE75004,"Translation elongation mediated quality control of integral membrane protein synthesis","Expression profiling by high throughput sequencing;Other","Saccharomyces cerevisiae",12,,"WIG;XLSX;SRA Run Selector","ftp://ftp.ncbi.nlm.nih.gov/geo/series/GSE75nnn/GSE75004/suppl;https://www.ncbi.nlm.nih.gov/Traces/study/?acc=PRJNA302167",,SRP066187,"Ligia Acosta-Sampson","Jun 30, 2018"
GSE78799,"Regulation of gene expression under extreme desiccation: hijacking of heat shock regulatory system.","Expression profiling by high throughput sequencing","Polypedilum vanderplanki",33,,"GTF;TXT;SRA Run Selector","ftp://ftp.ncbi.nlm.nih.gov/geo/series/GSE78nnn/GSE78799/suppl;https://www.ncbi.nlm.nih.gov/Traces/study/?acc=PRJNA313948",29463761,SRP071016,"Pavel Mazin","Jun 30, 2018"
GSE80690,"Transcriptional profiling of gene expression changes in immune cells of human subjects treated with Varilumab","Expression profiling by array","Homo sapiens",48,,"TXT","ftp://ftp.ncbi.nlm.nih.gov/geo/series/GSE80nnn/GSE80690/suppl",,,"Venky Ramakrishna","Jun 30, 2018"
GSE83457,"Transcriptomic Analysis of Drought Stress Responses in Agropyron mongolicum Keng","Expression profiling by high throughput sequencing","Agropyron mongolicum",3,,"TXT;SRA Run Selector","ftp://ftp.ncbi.nlm.nih.gov/geo/series/GSE83nnn/GSE83457/suppl;https://www.ncbi.nlm.nih.gov/Traces/study/?acc=PRJNA325950",,SRP076683,"Kiran Mysore","Jun 30, 2018"
GSE83464,"Expression data from normal human osteoclast transdifferentiated from immature dendritics in vitro or treated with gamma delta t cell","Expression profiling by array","Homo sapiens",4,,"CEL","ftp://ftp.ncbi.nlm.nih.gov/geo/series/GSE83nnn/GSE83464/suppl",,,"xiaolin zhu","Jun 30, 2018"
GSE83609,"microRNA expression profiling of Drosophila melanogaster peripheral sensory neurons.","Non-coding RNA profiling by array","Drosophila melanogaster",9,,"TXT","ftp://ftp.ncbi.nlm.nih.gov/geo/series/GSE83nnn/GSE83609/suppl",,,"Surajit Bhattacharya","Jun 30, 2018"
GSE83900,"Dysregulation of long non-coding RNA genes during ZIka virus Infection","Expression profiling by high throughput sequencing","Chlorocebus aethiops",14,,"XLSX;SRA Run Selector","ftp://ftp.ncbi.nlm.nih.gov/geo/series/GSE83nnn/GSE83900/suppl;https://www.ncbi.nlm.nih.gov/Traces/study/?acc=PRJNA327350",,SRP077635,"vineela gangalapudi","Jun 30, 2018"
GSE85046,"Transcription start site positioning is not affected by +1 nucleosome depletion","Expression profiling by high throughput sequencing;Other","Schizosaccharomyces pombe",6,,"BW;TXT;SRA Run Selector","ftp://ftp.ncbi.nlm.nih.gov/geo/series/GSE85nnn/GSE85046/suppl;https://www.ncbi.nlm.nih.gov/Traces/study/?acc=PRJNA336018",,SRP080753,"Axel Thieffry","Jun 30, 2018"
GSE87121,"Sorafenib resistance associated gene expression in renal cell carcinoma","Expression profiling by array","Homo sapiens",10,,"CEL","ftp://ftp.ncbi.nlm.nih.gov/geo/series/GSE87nnn/GSE87121/suppl",,,"Linhui Wang","Jun 30, 2018"
GSE96523,"Effect of STMN1 knockdown on prostate cancer cell lines","Expression profiling by array","Homo sapiens",2,,"TXT","ftp://ftp.ncbi.nlm.nih.gov/geo/series/GSE96nnn/GSE96523/suppl",29025958,,"Sooryanarayana Varambally","Jun 30, 2018"
GSE97508,"Expression data from retina and reinoblastoma tumour samples","Expression profiling by array","Homo sapiens",9,,"CEL;CHP","ftp://ftp.ncbi.nlm.nih.gov/geo/series/GSE97nnn/GSE97508/suppl",,,"Sailaja V Elchuri","Jun 30, 2018"
GSE97576,"Folic acid supplementation alters the DNA methylation profile and improves insulin resistance in high-fat-diet-fed mice","Methylation profiling by high throughput sequencing","Mus musculus",3,,"BED;SRA Run Selector","ftp://ftp.ncbi.nlm.nih.gov/geo/series/GSE97nnn/GSE97576/suppl;https://www.ncbi.nlm.nih.gov/Traces/study/?acc=PRJNA382363",29986310,SRP103768,"Wei Li","Jun 30, 2018"
GSE97660,"Expression data from Arabidopsis wild-type, DUF761-1 knock-out mutant and DUF761-1 overexpression strains","Expression profiling by array","Arabidopsis thaliana",4,,"CEL;CHP","ftp://ftp.ncbi.nlm.nih.gov/geo/series/GSE97nnn/GSE97660/suppl",,,"Xiaozhen Huang","Jun 30, 2018"
GSE98019,"Differential gene expression in hair follicle-derived germline stem cells (HFGSCs) and germline stem cells (GSCs) compared with hair follicle (HF) cells.","Expression profiling by array","Mus musculus",6,,"TXT","ftp://ftp.ncbi.nlm.nih.gov/geo/series/GSE98nnn/GSE98019/suppl",,,"Buom-Yong Ryu","Jun 30, 2018"
GSE99224,"Large-scale differences in gene expression, including genes encoding type IV pili-associated proteins, are seen when Clostridium perfringens is grown in liquid or on surfaces","Expression profiling by high throughput sequencing;Non-coding RNA profiling by high throughput sequencing","Clostridium perfringens",12,,"XLSX;SRA Run Selector","ftp://ftp.ncbi.nlm.nih.gov/geo/series/GSE99nnn/GSE99224/suppl;https://www.ncbi.nlm.nih.gov/Traces/study/?acc=PRJNA387594",,SRP107863,"Stephen Melville","Jun 30, 2018"
GSE100017,"miRNAs regulated by HDAC6 in HCC","Non-coding RNA profiling by array","Homo sapiens",6,,"GPR","ftp://ftp.ncbi.nlm.nih.gov/geo/series/GSE100nnn/GSE100017/suppl",,,"JUNGWOO EUN","Jun 30, 2018"
GSE100231,"Paternal cold exposure enhances brown adipose tissue sensitivity in offspring and ameliorates diet induced obesity","Methylation profiling by high throughput sequencing","Mus musculus",12,,"TXT;SRA Run Selector","ftp://ftp.ncbi.nlm.nih.gov/geo/series/GSE100nnn/GSE100231/suppl;https://www.ncbi.nlm.nih.gov/Traces/study/?acc=PRJNA391132",29988127,SRP109785,"Felix Krueger","Jun 30, 2018"
GSE100301,"Genome-wide analysis of galectin-4 mediated gene signature in PCa","Expression profiling by array","Homo sapiens",18,,"TXT","ftp://ftp.ncbi.nlm.nih.gov/geo/series/GSE100nnn/GSE100301/suppl",,,"Chin-Hsien Tsai","Jun 30, 2018"
GSE100328,"KMT2C medaites the estrogen dependence of breast cancer through regulation of ERα enhancer function","Expression profiling by high throughput sequencing;Genome binding/occupancy profiling by high throughput sequencing","Homo sapiens",47,,"BIGWIG;BW;PNG;TXT;SRA Run Selector","ftp://ftp.ncbi.nlm.nih.gov/geo/series/GSE100nnn/GSE100328/suppl;https://www.ncbi.nlm.nih.gov/Traces/study/?acc=PRJNA391343",29755131,SRP110043,"Kinisha Gala","Jun 30, 2018"
GSE100511,"The functions of KDM5A in regulation of p53","Expression profiling by array","Homo sapiens",8,,"CEL","ftp://ftp.ncbi.nlm.nih.gov/geo/series/GSE100nnn/GSE100511/suppl",30388705,,"JUN YANG","Jun 30, 2018"
GSE100594,"Transcription profiling of tomato leaves treated with harpin, chitosan nanoparticles and harpin loaded chitosan nanoparticles against untreated controls","Expression profiling by array","Solanum lycopersicum",20,,"TXT","ftp://ftp.ncbi.nlm.nih.gov/geo/series/GSE100nnn/GSE100594/suppl",,,"Genotypic technology","Jun 30, 2018"
GSE100677,"DNA methylation profiling of promoter DNA associated to the T2D.","Methylation profiling by genome tiling array","Mus musculus",12,,"CEL;XLSX","ftp://ftp.ncbi.nlm.nih.gov/geo/series/GSE100nnn/GSE100677/suppl",,,"Yng-Tay Chen","Jun 30, 2018"
GSE100685,"Dynamic methylome remodeling throughout mammalian fetal development","Expression profiling by high throughput sequencing","Mus musculus",61,,"TSV;SRA Run Selector","ftp://ftp.ncbi.nlm.nih.gov/geo/series/GSE100nnn/GSE100685/suppl;https://www.ncbi.nlm.nih.gov/Traces/study/?acc=PRJNA392666",,SRP110806,"Joseph R Ecker","Jun 30, 2018"
GSE100737,"Transcript levels of genes in the wild type CAI4 as well as the gdt1/gdt1,the pmr1/pmr1 and the gdt1/gdt1 pmr1/pmr1 mutants","Expression profiling by high throughput sequencing","Candida albicans",4,,"XLS;SRA Run Selector","ftp://ftp.ncbi.nlm.nih.gov/geo/series/GSE100nnn/GSE100737/suppl;https://www.ncbi.nlm.nih.gov/Traces/study/?acc=PRJNA392892",29954393,SRP110977,"Linghuo Jiang","Jun 30, 2018"
GSE100937,"Global analysis of gene expression changes following LINE1 inhibition [I]","Expression profiling by high throughput sequencing","Mus musculus",6,,"XLSX;SRA Run Selector","ftp://ftp.ncbi.nlm.nih.gov/geo/series/GSE100nnn/GSE100937/suppl;https://www.ncbi.nlm.nih.gov/Traces/study/?acc=PRJNA393461",29937225,SRP111353,"Michelle Percharde","Jun 30, 2018"
GSE100938,"Global analysis of gene expression changes following LINE1 inhibition [II]","Expression profiling by high throughput sequencing","Mus musculus",15,,"XLSX;SRA Run Selector","ftp://ftp.ncbi.nlm.nih.gov/geo/series/GSE100nnn/GSE100938/suppl;https://www.ncbi.nlm.nih.gov/Traces/study/?acc=PRJNA393460",29937225,SRP111354,"Michelle Percharde","Jun 30, 2018"
GSE100939,"Global analysis of gene expression changes following LINE1 inhibition","Expression profiling by high throughput sequencing","Mus musculus",33,,,,29937225,,"Michelle Percharde","Jun 30, 2018"
GSE101811,"Serum microRNA profile of ADPKD patients","Other","Homo sapiens",30,,"TXT","ftp://ftp.ncbi.nlm.nih.gov/geo/series/GSE101nnn/GSE101811/suppl",,,"Wojciech Fendler","Jun 30, 2018"
GSE102638,"Chromatin landscape of human visceral and subcutaneous adipocytes","Genome binding/occupancy profiling by high throughput sequencing;Expression profiling by high throughput sequencing","Homo sapiens",22,,"BIGWIG;TXT;SRA Run Selector","ftp://ftp.ncbi.nlm.nih.gov/geo/series/GSE102nnn/GSE102638/suppl;https://www.ncbi.nlm.nih.gov/Traces/study/?acc=PRJNA398252",29966764,SRP115414,"Robert Liefke","Jun 30, 2018"
GSE103921,"ChIP-seq for HrpR, HrpS, and HrpL","Genome binding/occupancy profiling by high throughput sequencing","Pseudomonas savastanoi pv. phaseolicola 1448A",8,,"XLS;SRA Run Selector","ftp://ftp.ncbi.nlm.nih.gov/geo/series/GSE103nnn/GSE103921/suppl;https://www.ncbi.nlm.nih.gov/Traces/study/?acc=PRJNA408144",,SRP118361,"Xin Deng","Jun 30, 2018"
GSE104965,"The effects of X-ray radiation on pancreatic cancer cells","Expression profiling by array;Non-coding RNA profiling by array","Homo sapiens",6,,"CEL;MPS;TXT","ftp://ftp.ncbi.nlm.nih.gov/geo/series/GSE104nnn/GSE104965/suppl",29433538,,"Ling Tian","Jun 30, 2018"
GSE105008,"Bisulfite methylome sequencing of msh1 memory line in tomato","Methylation profiling by high throughput sequencing","Solanum lycopersicum",6,,"TXT;SRA Run Selector","ftp://ftp.ncbi.nlm.nih.gov/geo/series/GSE105nnn/GSE105008/suppl;https://www.ncbi.nlm.nih.gov/Traces/study/?acc=PRJNA414412",,SRP120007,"Sally A Mackenzie","Jun 30, 2018"
GSE106233,"Analysis of Claudin 18 deficiency in lung epithelial type 2 cells.","Expression profiling by array","Mus musculus",8,,"IDAT;TXT","ftp://ftp.ncbi.nlm.nih.gov/geo/series/GSE106nnn/GSE106233/suppl",,,"Nyam-Osor Chimge","Jun 30, 2018"
GSE106382,"Expression data of iPSC-derived motor neurons from healthy donor, FALS, SALS, and drug-treated them","Expression profiling by array","Homo sapiens",24,,"CEL","ftp://ftp.ncbi.nlm.nih.gov/geo/series/GSE106nnn/GSE106382/suppl",30127392,,"Koki Fujimori","Jun 30, 2018"
GSE106997,"Genome-wide analysis of CD14+ monocytes from healthy and paired pre-therapy/post-cycle NHL21 patients","Expression profiling by array","Homo sapiens",18,,"IDAT;TXT","ftp://ftp.ncbi.nlm.nih.gov/geo/series/GSE106nnn/GSE106997/suppl",30410665,,"Gayathri Thillaiyampalam","Jun 30, 2018"
GSE107473,"tRNA-derived small non-coding RNAs (tDRs) as novel predictive biomarkers for trastuzumab-resistant breast cancer.","Expression profiling by high throughput sequencing","Homo sapiens",3,,"TXT;SRA Run Selector","ftp://ftp.ncbi.nlm.nih.gov/geo/series/GSE107nnn/GSE107473/suppl;https://www.ncbi.nlm.nih.gov/Traces/study/?acc=PRJNA420202",,SRP125805,"Chunxiao Sun","Jun 30, 2018"
GSE107640,"P. aeruginosa PAO1 wildtype versus PA1226 mutant","Expression profiling by array","Pseudomonas aeruginosa",3,,"TXT","ftp://ftp.ncbi.nlm.nih.gov/geo/series/GSE107nnn/GSE107640/suppl",,,"Tung Hoang","Jun 30, 2018"
GSE108093,"MLL1 promotes IL-7 responsiveness and survival during B cell differentiation","Expression profiling by array","Mus musculus",8,,"CEL","ftp://ftp.ncbi.nlm.nih.gov/geo/series/GSE108nnn/GSE108093/suppl",,,"Kenneth L Jones","Jun 30, 2018"
GSE109368,"miRNA sequencing in ccRCC","Non-coding RNA profiling by high throughput sequencing","Homo sapiens",24,,"TXT","ftp://ftp.ncbi.nlm.nih.gov/geo/series/GSE109nnn/GSE109368/suppl",,,"Hans-Peter Marti","Jun 30, 2018"
GSE109649,"Expression data from rice roots treated with N starvation for 1 h","Expression profiling by array","Oryza sativa;Oryza sativa Japonica Group",6,,"CEL","ftp://ftp.ncbi.nlm.nih.gov/geo/series/GSE109nnn/GSE109649/suppl",30111825,,"Ming-Hsiun Hsieh","Jun 30, 2018"
GSE110094,"Gene expression profiling of 786-O cells with ZHX2 and p65 knockdown","Expression profiling by array","Homo sapiens",10,,"CEL;CHP","ftp://ftp.ncbi.nlm.nih.gov/geo/series/GSE110nnn/GSE110094/suppl",30026228,,"Qing Zhang","Jun 30, 2018"
GSE110201,"Transcriptome changes during inducible gametocytogenesis in Plasmodium berghei parasites","Expression profiling by high throughput sequencing","Plasmodium berghei",32,,"TXT;SRA Run Selector","ftp://ftp.ncbi.nlm.nih.gov/geo/series/GSE110nnn/GSE110201/suppl;https://www.ncbi.nlm.nih.gov/Traces/study/?acc=PRJNA433164",30177743,SRP132278,"Katarzyna Kinga Modrzynska","Jun 30, 2018"
GSE110445,"RNA-seq for RpoN","Expression profiling by high throughput sequencing","Pseudomonas aeruginosa PAO1",4,,"TXT;SRA Run Selector","ftp://ftp.ncbi.nlm.nih.gov/geo/series/GSE110nnn/GSE110445/suppl;https://www.ncbi.nlm.nih.gov/Traces/study/?acc=PRJNA433727",,SRP132626,"Xin Deng","Jun 30, 2018"
GSE111633,"Global analysis of gene expression changes following LINE1 inhibition [III]","Expression profiling by high throughput sequencing","Mus musculus",12,,"XLSX;SRA Run Selector","ftp://ftp.ncbi.nlm.nih.gov/geo/series/GSE111nnn/GSE111633/suppl;https://www.ncbi.nlm.nih.gov/Traces/study/?acc=PRJNA437623",29937225,SRP134276,"Michelle Percharde","Jun 30, 2018"
GSE111720,"In situ Hi-C in Smchd1 wild-type and Smchd1 deleted neural stem cells.","Other","Mus musculus",6,,"H5;SRA Run Selector","ftp://ftp.ncbi.nlm.nih.gov/geo/series/GSE111nnn/GSE111720/suppl;https://www.ncbi.nlm.nih.gov/Traces/study/?acc=PRJNA437969",30127357,SRP134970,"Marnie Blewitt","Jun 30, 2018"
GSE111721,"ATAC-seq in Smchd1 wild-type and Smchd1 deleted neural stem cells.","Genome binding/occupancy profiling by high throughput sequencing","Mus musculus",10,,"TXT;SRA Run Selector","ftp://ftp.ncbi.nlm.nih.gov/geo/series/GSE111nnn/GSE111721/suppl;https://www.ncbi.nlm.nih.gov/Traces/study/?acc=PRJNA437971",30127357,SRP134971,"Marnie Blewitt","Jun 30, 2018"
GSE111722,"ChIP-seq for Smchd1 in male and female neural stem cells.","Genome binding/occupancy profiling by high throughput sequencing","Mus musculus",11,,"BED;TXT;SRA Run Selector","ftp://ftp.ncbi.nlm.nih.gov/geo/series/GSE111nnn/GSE111722/suppl;https://www.ncbi.nlm.nih.gov/Traces/study/?acc=PRJNA437970",30127357,SRP134973,"Marnie Blewitt","Jun 30, 2018"
GSE111723,"RNA-seq in Smchd1 control and Smchd1 deleted male and female neural stem cells.","Expression profiling by high throughput sequencing","Mus musculus",9,,"TXT;SRA Run Selector","ftp://ftp.ncbi.nlm.nih.gov/geo/series/GSE111nnn/GSE111723/suppl;https://www.ncbi.nlm.nih.gov/Traces/study/?acc=PRJNA437973",30127357,SRP134965,"Marnie Blewitt","Jun 30, 2018"
GSE111724,"RNA-seq in Smchd1 wild-type and Smchd1 deleted differentiating male ES cells.","Expression profiling by high throughput sequencing","Mus musculus",12,,"TXT;SRA Run Selector","ftp://ftp.ncbi.nlm.nih.gov/geo/series/GSE111nnn/GSE111724/suppl;https://www.ncbi.nlm.nih.gov/Traces/study/?acc=PRJNA437972",30127357,SRP134966,"Marnie Blewitt","Jun 30, 2018"
GSE111726,"Smchd1 in neural stem cells.","Expression profiling by high throughput sequencing;Genome binding/occupancy profiling by high throughput sequencing;Other;Methylation profiling by high throughput sequencing","Mus musculus",79,,"H5","ftp://ftp.ncbi.nlm.nih.gov/geo/series/GSE111nnn/GSE111726/suppl",30127357,,"Marnie Blewitt","Jun 30, 2018"
GSE111994,"Development of gene expression signatures for lenalidomide treatement on megakaryocyte","Expression profiling by array","Homo sapiens",8,,"TXT","ftp://ftp.ncbi.nlm.nih.gov/geo/series/GSE111nnn/GSE111994/suppl",,,"Taro Tochigi","Jun 30, 2018"
GSE112041,"RNA-seq in Smchd1 wild-type and Smchd1 null presomitic mesoderm from E9.5 embryos","Expression profiling by high throughput sequencing","Mus musculus",7,,"TXT;SRA Run Selector","ftp://ftp.ncbi.nlm.nih.gov/geo/series/GSE112nnn/GSE112041/suppl;https://www.ncbi.nlm.nih.gov/Traces/study/?acc=PRJNA439000",30127357,SRP136026,"Marnie Blewitt","Jun 30, 2018"
GSE112043,"Allele-specific RNA-seq in Smchd1 control and Smchd1 deleted female neural stem cells.","Expression profiling by high throughput sequencing","Mus musculus",4,,"TXT;SRA Run Selector","ftp://ftp.ncbi.nlm.nih.gov/geo/series/GSE112nnn/GSE112043/suppl;https://www.ncbi.nlm.nih.gov/Traces/study/?acc=PRJNA439002",30127357,SRP136027,"Marnie Blewitt","Jun 30, 2018"
GSE112045,"Allele-specific H3K27me3, H3K27ac and Ctcf ChIP-seq in Smchd1 control and Smchd1 deleted female neural stem cells. [H3K27me3]","Genome binding/occupancy profiling by high throughput sequencing","Mus musculus",8,,"TXT;SRA Run Selector","ftp://ftp.ncbi.nlm.nih.gov/geo/series/GSE112nnn/GSE112045/suppl;https://www.ncbi.nlm.nih.gov/Traces/study/?acc=PRJNA439001",30127357,SRP136028,"Marnie Blewitt","Jun 30, 2018"
GSE112046,"Allele-specific H3K27me3, H3K27ac and Ctcf ChIP-seq in Smchd1 control and Smchd1 deleted female neural stem cells. [H3K27ac]","Genome binding/occupancy profiling by high throughput sequencing","Mus musculus",4,,"TXT;SRA Run Selector","ftp://ftp.ncbi.nlm.nih.gov/geo/series/GSE112nnn/GSE112046/suppl;https://www.ncbi.nlm.nih.gov/Traces/study/?acc=PRJNA439003",30127357,SRP136029,"Marnie Blewitt","Jun 30, 2018"
GSE112501,"Analysis of human macrophage splice variants","Expression profiling by array","Homo sapiens",10,,"CEL;CHP","ftp://ftp.ncbi.nlm.nih.gov/geo/series/GSE112nnn/GSE112501/suppl",,,"Michael Carrithers","Jun 30, 2018"
GSE112614,"Effect of visible light on human skin fibroblasts","Expression profiling by array","Homo sapiens",8,,"IDAT;TXT","ftp://ftp.ncbi.nlm.nih.gov/geo/series/GSE112nnn/GSE112614/suppl",29764717,,"Jerome Lamartine","Jun 30, 2018"
GSE112668,"Conservation of intracellular pathogenic strategy among distantly related Cryptococcal species","Expression profiling by array","Mus musculus",18,,"TXT","ftp://ftp.ncbi.nlm.nih.gov/geo/series/GSE112nnn/GSE112668/suppl",29712729,,"Anne E. Jedlicka","Jun 30, 2018"
GSE113015,"Dynamics of genome alterations in Crohn’s disease associated colorectal carcinogenesis","Genome variation profiling by array","Homo sapiens",73,,"TXT","ftp://ftp.ncbi.nlm.nih.gov/geo/series/GSE113nnn/GSE113015/suppl",29967250,,"Yue Hu","Jun 30, 2018"
GSE115142,"A widespread alternate form of cap-dependent mRNA translation initiation","Expression profiling by high throughput sequencing","Homo sapiens",14,,"TXT;SRA Run Selector","ftp://ftp.ncbi.nlm.nih.gov/geo/series/GSE115nnn/GSE115142/suppl;https://www.ncbi.nlm.nih.gov/Traces/study/?acc=PRJNA473917",30076308,SRP149421,"Robert J Schneider","Jun 30, 2018"
GSE115932,"RRBS in Smchd1 control and Smchd1 deleted male and female neural stem cells.","Methylation profiling by high throughput sequencing","Mus musculus",4,,"TXT;SRA Run Selector","ftp://ftp.ncbi.nlm.nih.gov/geo/series/GSE115nnn/GSE115932/suppl;https://www.ncbi.nlm.nih.gov/Traces/study/?acc=PRJNA476548",30127357,SRP150744,"Marnie Blewitt","Jun 30, 2018"
GSE115933,"In situ Hi-C in Smchd1 wild-type and Smchd1 deleted neural stem cells. [II]","Other","Mus musculus",4,,"H5;SRA Run Selector","ftp://ftp.ncbi.nlm.nih.gov/geo/series/GSE115nnn/GSE115933/suppl;https://www.ncbi.nlm.nih.gov/Traces/study/?acc=PRJNA476549",30127357,SRP150745,"Marnie Blewitt","Jun 30, 2018"
GSE116303,"Stabilizing Heterochromatin by DGCR8 Alleviates Senescence and Osteoarthritis (miRNA-Seq)","Non-coding RNA profiling by high throughput sequencing","Homo sapiens",4,,"CSV","ftp://ftp.ncbi.nlm.nih.gov/geo/series/GSE116nnn/GSE116303/suppl",,,"Zunpeng Liu","Jun 30, 2018"
GSE116455,"Cell fate decisions of human iPSC-derived bipotential hepatoblasts depend on cell density","Expression profiling by array","Homo sapiens",4,,"CEL","ftp://ftp.ncbi.nlm.nih.gov/geo/series/GSE116nnn/GSE116455/suppl",29990377,,"Wasco Wruck","Jun 30, 2018"
GSE116457,"Sex-specific gene-by-vitamin D interactions regulate susceptibility to CNS autoimmunity","Expression profiling by array","Mus musculus",63,,"CEL;CHP","ftp://ftp.ncbi.nlm.nih.gov/geo/series/GSE116nnn/GSE116457/suppl",30065723,,"Dimitry Krementsov","Jun 30, 2018"
GSE116460,"RT quantitative PCR analysis of p53 Signaling Pathway related genes in mice choclea after noise exposure.","Expression profiling by RT-PCR","Mus musculus",16,,"XLS","ftp://ftp.ncbi.nlm.nih.gov/geo/series/GSE116nnn/GSE116460/suppl",,,"Sara Pulido","Jun 30, 2018"
GSE52156,"Human Extrafollicular CD4+ T Helper Cells Help Memory B Cells Produce Immunoglobulins","Expression profiling by array","Homo sapiens",24,,"TXT","ftp://ftp.ncbi.nlm.nih.gov/geo/series/GSE52nnn/GSE52156/suppl",30030323,,"Vince Schulz","Jun 29, 2018"
GSE75841,"Screening microRNA-196 targets in 11q23-translocation acute myeloid leukemia reveal mechanisms maintaining leukemia stemness with therapeutic potential [Gene 1.0 ST]","Expression profiling by array","Homo sapiens",16,,"CEL","ftp://ftp.ncbi.nlm.nih.gov/geo/series/GSE75nnn/GSE75841/suppl",29997117,,"H. Leighton Grimes","Jun 29, 2018"
GSE75842,"Screening microRNA-196 targets in 11q23-translocation acute myeloid leukemia reveal mechanisms maintaining leukemia stemness with therapeutic potential [RNA-seq]","Expression profiling by high throughput sequencing","Mus musculus",10,,"TXT;SRA Run Selector","ftp://ftp.ncbi.nlm.nih.gov/geo/series/GSE75nnn/GSE75842/suppl;https://www.ncbi.nlm.nih.gov/Traces/study/?acc=PRJNA305519",29997117,SRP067174,"H. Leighton Grimes","Jun 29, 2018"
GSE93082,"Expression and differential expression analysis of milk samples from healthy and diseased diary cows.","Expression profiling by array","Bos taurus",18,,"CEL","ftp://ftp.ncbi.nlm.nih.gov/geo/series/GSE93nnn/GSE93082/suppl",,,"Kristin Reiche","Jun 29, 2018"
GSE100641,"DNA methylation reprogramming after spinal nerve injury","Methylation profiling by high throughput sequencing","Rattus norvegicus",202,,"TXT;SRA Run Selector","ftp://ftp.ncbi.nlm.nih.gov/geo/series/GSE100nnn/GSE100641/suppl;https://www.ncbi.nlm.nih.gov/Traces/study/?acc=PRJNA392389",29875269,SRP110743,"Jaroslav Jelinek","Jun 29, 2018"
GSE100667,"Transcriptome analysis of Htn1 mediated resistance against E .turcium","Expression profiling by high throughput sequencing","Zea mays",48,,"TXT;SRA Run Selector","ftp://ftp.ncbi.nlm.nih.gov/geo/series/GSE100nnn/GSE100667/suppl;https://www.ncbi.nlm.nih.gov/Traces/study/?acc=PRJNA392457",30178602,SRP110791,"Coraline Rosalie Praz","Jun 29, 2018"
GSE103723,"Single cell RNA-seq analysis of human embryonic cortex","Expression profiling by high throughput sequencing","Homo sapiens",51,,"TXT;XLSX;SRA Run Selector","ftp://ftp.ncbi.nlm.nih.gov/geo/series/GSE103nnn/GSE103723/suppl;https://www.ncbi.nlm.nih.gov/Traces/study/?acc=PRJNA406826",29867213,SRP117287,"Ji Dong","Jun 29, 2018"
GSE103878,"Transcriptomic analysis reveals candidate genes regulating infection-related developments and host interactions of Colletotrichum fructicola","Expression profiling by high throughput sequencing","Colletotrichum fructicola",12,,"FASTA;TXT;SRA Run Selector","ftp://ftp.ncbi.nlm.nih.gov/geo/series/GSE103nnn/GSE103878/suppl;https://www.ncbi.nlm.nih.gov/Traces/study/?acc=PRJNA407475",,SRP117751,"bo wang","Jun 29, 2018"
GSE104381,"Loss of Trem2 in microglia leads to widespread disruption of cell coexpression networks in mouse brain","Expression profiling by high throughput sequencing","Mus musculus",128,,"TSV;SRA Run Selector","ftp://ftp.ncbi.nlm.nih.gov/geo/series/GSE104nnn/GSE104381/suppl;https://www.ncbi.nlm.nih.gov/Traces/study/?acc=PRJNA412500",29906661,SRP119064,"Guillermo Carbajosa","Jun 29, 2018"
GSE105143,"H.pylori infections induces a transcriptional signature in gastric eosinophils, as determined by RNA sequencing","Expression profiling by high throughput sequencing","Mus musculus",15,,"TXT;SRA Run Selector","ftp://ftp.ncbi.nlm.nih.gov/geo/series/GSE105nnn/GSE105143/suppl;https://www.ncbi.nlm.nih.gov/Traces/study/?acc=PRJNA414920",29970473,SRP120384,"Hubert Rehrauer","Jun 29, 2018"
GSE109897,"Facultative dosage compensation of developmental genes on autosomes in Drosophila and mammals [ChIP-seq mouse]","Genome binding/occupancy profiling by high throughput sequencing","Mus musculus",4,,"BW;SRA Run Selector","ftp://ftp.ncbi.nlm.nih.gov/geo/series/GSE109nnn/GSE109897/suppl;https://www.ncbi.nlm.nih.gov/Traces/study/?acc=PRJNA432258",,SRP131810,"Asifa Akhtar","Jun 29, 2018"
GSE109898,"Facultative dosage compensation of developmental genes on autosomes in Drosophila and mammals [ChIP-seq Dmel]","Genome binding/occupancy profiling by high throughput sequencing","Drosophila melanogaster",38,,"BED;BW;SRA Run Selector","ftp://ftp.ncbi.nlm.nih.gov/geo/series/GSE109nnn/GSE109898/suppl;https://www.ncbi.nlm.nih.gov/Traces/study/?acc=PRJNA432260",,SRP131811,"Asifa Akhtar","Jun 29, 2018"
GSE109899,"Facultative dosage compensation of developmental genes on autosomes in Drosophila and mammals [RNA-seq mouse]","Expression profiling by high throughput sequencing","Mus musculus",21,,"TXT;SRA Run Selector","ftp://ftp.ncbi.nlm.nih.gov/geo/series/GSE109nnn/GSE109899/suppl;https://www.ncbi.nlm.nih.gov/Traces/study/?acc=PRJNA432262",,SRP131812,"Asifa Akhtar","Jun 29, 2018"
GSE109900,"Facultative dosage compensation of developmental genes on autosomes in Drosophila and mammals [RIP-seq]","Expression profiling by high throughput sequencing","Drosophila melanogaster",6,,"BW;SRA Run Selector","ftp://ftp.ncbi.nlm.nih.gov/geo/series/GSE109nnn/GSE109900/suppl;https://www.ncbi.nlm.nih.gov/Traces/study/?acc=PRJNA432261",,SRP131813,"Asifa Akhtar","Jun 29, 2018"
GSE109901,"Facultative dosage compensation of developmental genes on autosomes in Drosophila and mammals","Expression profiling by high throughput sequencing;Genome binding/occupancy profiling by high throughput sequencing","Drosophila melanogaster;Mus musculus",69,,"BW","ftp://ftp.ncbi.nlm.nih.gov/geo/series/GSE109nnn/GSE109901/suppl",,,"Asifa Akhtar","Jun 29, 2018"
GSE112213,"Next Generation Sequencing  of LdlrKO  LXRα-phosphorylation disrupted macrophage transcriptomes","Expression profiling by high throughput sequencing","Mus musculus",12,,"TXT;SRA Run Selector","ftp://ftp.ncbi.nlm.nih.gov/geo/series/GSE112nnn/GSE112213/suppl;https://www.ncbi.nlm.nih.gov/Traces/study/?acc=PRJNA445274",29950315,SRP136250,"Ines Pineda-Torra","Jun 29, 2018"
GSE112616,"Transcriptomic signature of hepatocellular carcinoma and intrahepatic cholangiocarcinoma derived from oncogenically transformed murine hepatocytes after stable knock-down of Tbx3 or Prdm5","Expression profiling by array","Mus musculus",12,,"CEL","ftp://ftp.ncbi.nlm.nih.gov/geo/series/GSE112nnn/GSE112616/suppl",30209397,,"Oliver Bischof","Jun 29, 2018"
GSE112617,"Transcriptomic and epigenetic signatures of hepatocellular carcinoma and intrahepatic cholangiocarcinoma derived from oncogenically transformed murine hepatocytes","Expression profiling by array","Mus musculus",20,,"CEL","ftp://ftp.ncbi.nlm.nih.gov/geo/series/GSE112nnn/GSE112617/suppl",30209397,,"Oliver Bischof","Jun 29, 2018"
GSE113028,"LGP2 virus sensor regulates gene expression network mediated by TRBP-bound microRNAs.","Expression profiling by array","Homo sapiens",2,,"TXT","ftp://ftp.ncbi.nlm.nih.gov/geo/series/GSE113nnn/GSE113028/suppl",29939295,,"Kumiko Ui-Tei","Jun 29, 2018"
GSE113533,"Gene expression analysis of cancer stem cells with stem cells or cancer related cells","Expression profiling by array;Third-party reanalysis","Homo sapiens",1,,"TXT","ftp://ftp.ncbi.nlm.nih.gov/geo/series/GSE113nnn/GSE113533/suppl",,,"Akimasa Seno","Jun 29, 2018"
GSE113619,"Time series integrative analysis of RNA-Seq and miRNA expression data reveals key biologic pathways during keloid formation [RNA-seq]","Expression profiling by high throughput sequencing","Homo sapiens",64,,"CSV;SRA Run Selector","ftp://ftp.ncbi.nlm.nih.gov/geo/series/GSE113nnn/GSE113619/suppl;https://www.ncbi.nlm.nih.gov/Traces/study/?acc=PRJNA448679",29870686,SRP137071,"John Alexander McGrath","Jun 29, 2018"
GSE113620,"Time series integrative analysis of RNA-Seq and miRNA expression data reveals key biologic pathways during keloid formation [miRNA]","Non-coding RNA profiling by array","Homo sapiens;synthetic construct",27,,"CEL","ftp://ftp.ncbi.nlm.nih.gov/geo/series/GSE113nnn/GSE113620/suppl",29870686,,"John Alexander McGrath","Jun 29, 2018"
GSE113621,"Time series integrative analysis of RNA-Seq and miRNA expression data reveals key biologic pathways during keloid formation","Non-coding RNA profiling by array;Expression profiling by high throughput sequencing","Homo sapiens;synthetic construct",91,,"CEL","ftp://ftp.ncbi.nlm.nih.gov/geo/series/GSE113nnn/GSE113621/suppl",29870686,,"John Alexander McGrath","Jun 29, 2018"
GSE114711,"Tissue and exosomal miRNA editing in Non-Small Cell Lung Cancer","Non-coding RNA profiling by high throughput sequencing","Homo sapiens",26,,"TXT;SRA Run Selector","ftp://ftp.ncbi.nlm.nih.gov/geo/series/GSE114nnn/GSE114711/suppl;https://www.ncbi.nlm.nih.gov/Traces/study/?acc=PRJNA472351",29976955,SRP148568,"Serge Patrick Nana-Sinkam","Jun 29, 2018"
GSE116134,"Tesmall indentifies small RNAs associated with targeted inhibitor resistance in melanoma","Non-coding RNA profiling by high throughput sequencing","Homo sapiens",4,,"TXT;SRA Run Selector","ftp://ftp.ncbi.nlm.nih.gov/geo/series/GSE116nnn/GSE116134/suppl;https://www.ncbi.nlm.nih.gov/Traces/study/?acc=PRJNA477358",30349559,SRP151056,"Molly Gale Hammell","Jun 29, 2018"
GSE116378,"Genetic vulnerability to DUSP22 promotor hypermethylation is involved in the relation between in utero famine exposure and schizophrenia (DUTCHSCZ Data Set)","Methylation profiling by genome tiling array","Homo sapiens",64,,"CSV","ftp://ftp.ncbi.nlm.nih.gov/geo/series/GSE116nnn/GSE116378/suppl",30131491,,"M P Boks","Jun 29, 2018"
GSE116379,"Genetic vulnerability to DUSP22 promotor hypermethylation is involved in the relation between in utero famine exposure and schizophrenia (CHINFAM Data Set)","Methylation profiling by genome tiling array","Homo sapiens",153,,"CSV","ftp://ftp.ncbi.nlm.nih.gov/geo/series/GSE116nnn/GSE116379/suppl",30131491,,"M P Boks","Jun 29, 2018"
GSE116380,"Genetic vulnerability to DUSP22 promotor hypermethylation is involved in the relation between in utero famine exposure and schizophrenia","Methylation profiling by genome tiling array","Homo sapiens",217,,,,30131491,,"M P Boks","Jun 29, 2018"
GSE116383,"Epigenetic and transcriptomic profiling of mammary gland development and tumor models disclose regulators of cell state plasticity [ATAC-seq]","Genome binding/occupancy profiling by high throughput sequencing","Mus musculus",20,,"BED;BIGWIG;SRA Run Selector","ftp://ftp.ncbi.nlm.nih.gov/geo/series/GSE116nnn/GSE116383/suppl;https://www.ncbi.nlm.nih.gov/Traces/study/?acc=PRJNA478338",30174241,SRP151552,"Chi-Yeh Chung","Jun 29, 2018"
GSE116384,"Epigenetic and transcriptomic profiling of mammary gland development and tumor models disclose regulators of cell state plasticity [ChIP-seq]","Genome binding/occupancy profiling by high throughput sequencing","Mus musculus",14,,"BED;BIGWIG;SRA Run Selector","ftp://ftp.ncbi.nlm.nih.gov/geo/series/GSE116nnn/GSE116384/suppl;https://www.ncbi.nlm.nih.gov/Traces/study/?acc=PRJNA478343",30174241,SRP151553,"Chi-Yeh Chung","Jun 29, 2018"
GSE116385,"Epigenetic and transcriptomic profiling of mammary gland development and tumor models disclose regulators of cell state plasticity [RNA-seq]","Expression profiling by high throughput sequencing","Mus musculus",23,,"CSV;SRA Run Selector","ftp://ftp.ncbi.nlm.nih.gov/geo/series/GSE116nnn/GSE116385/suppl;https://www.ncbi.nlm.nih.gov/Traces/study/?acc=PRJNA478445",30174241,SRP151595,"Chi-Yeh Chung","Jun 29, 2018"
GSE116386,"Epigenetic and transcriptomic profiling of mammary gland development and tumor models disclose regulators of cell state plasticity","Genome binding/occupancy profiling by high throughput sequencing;Expression profiling by high throughput sequencing","Mus musculus",57,,"BED;BIGWIG","ftp://ftp.ncbi.nlm.nih.gov/geo/series/GSE116nnn/GSE116386/suppl",30174241,,"Chi-Yeh Chung","Jun 29, 2018"
GSE116398,"Effect of arsenate and arsenite on Lysinibacillus sp. B2A1 transcriptome","Expression profiling by high throughput sequencing","Lysinibacillus sp. B2A1",3,,"TXT;SRA Run Selector","ftp://ftp.ncbi.nlm.nih.gov/geo/series/GSE116nnn/GSE116398/suppl;https://www.ncbi.nlm.nih.gov/Traces/study/?acc=PRJNA478389",,SRP151567,"Jiin-Shuh Jean","Jun 29, 2018"
GSE116414,"AffymetrixHuman Gene 2.0 ST Array","Expression profiling by array","Homo sapiens",6,,"CEL","ftp://ftp.ncbi.nlm.nih.gov/geo/series/GSE116nnn/GSE116414/suppl",30167084,,"VALERIE GOUAZE-ANDERSSON","Jun 29, 2018"
GSE116422,"The APETALA2-like transcription factor SUPERNUMERARY BRACT controls rice seed shattering and seed size","Expression profiling by high throughput sequencing","Oryza sativa Indica Group",6,,"TXT;SRA Run Selector","ftp://ftp.ncbi.nlm.nih.gov/geo/series/GSE116nnn/GSE116422/suppl;https://www.ncbi.nlm.nih.gov/Traces/study/?acc=PRJNA478446",,SRP151596,"Ma Xin","Jun 29, 2018"
GSE116427,"A multiplexed homology-directed DNA repair assay reveals the impact of over 1,000 BRCA1 missense substitution variants on protein function","Other","Homo sapiens",32,,"H5;TSV;TXT;SRA Run Selector","ftp://ftp.ncbi.nlm.nih.gov/geo/series/GSE116nnn/GSE116427/suppl;https://www.ncbi.nlm.nih.gov/Traces/study/?acc=PRJNA478453",30219179,SRP151604,"Lea M Starita","Jun 29, 2018"
GSE75843,"Screening microRNA-196 targets in 11q23-translocation acute myeloid leukemia reveal mechanisms maintaining leukemia stemness with therapeutic potential","Expression profiling by array;Expression profiling by high throughput sequencing","Homo sapiens;Mus musculus",26,,"CEL","ftp://ftp.ncbi.nlm.nih.gov/geo/series/GSE75nnn/GSE75843/suppl",,,"H. Leighton Grimes","Jun 28, 2018"
GSE90525,"GENERATION OF HEPATIC STELLATE CELLS BY DIRECTED DIFFERENTIATION OF HUMAN PLURIPOTENT STEM CELLS","Expression profiling by array","Homo sapiens",12,,"CEL","ftp://ftp.ncbi.nlm.nih.gov/geo/series/GSE90nnn/GSE90525/suppl",30049452,,"Juanjo Lozano","Jun 28, 2018"
GSE93050,"Tumor suppressor functions of DAXX through histone H3.3 deposition pathway in pancreatic neuroendocrine tumor","Expression profiling by array","Homo sapiens",4,,"CEL","ftp://ftp.ncbi.nlm.nih.gov/geo/series/GSE93nnn/GSE93050/suppl",29599123,,"Kaoru Mogushi","Jun 28, 2018"
GSE100640,"DREAM of MDA-MB-231 cells with TET1 knockout","Methylation profiling by high throughput sequencing","Homo sapiens",15,,"TXT;SRA Run Selector","ftp://ftp.ncbi.nlm.nih.gov/geo/series/GSE100nnn/GSE100640/suppl;https://www.ncbi.nlm.nih.gov/Traces/study/?acc=PRJNA392337",29891505,SRP110720,"Jaroslav Jelinek","Jun 28, 2018"
GSE100806,"Spi-C expression in intestinal or bone marrow macrophages","Expression profiling by array;Expression profiling by high throughput sequencing","Mus musculus",8,,"CEL;TXT","ftp://ftp.ncbi.nlm.nih.gov/geo/series/GSE100nnn/GSE100806/suppl",30061415,,"Daisuke Okuzaki","Jun 28, 2018"
GSE104320,"PP1-NIPP1 wild type and mutant overexpression in Flip-In™ T-Rex Hela cells","Expression profiling by high throughput sequencing","Homo sapiens",24,,"TXT;SRA Run Selector","ftp://ftp.ncbi.nlm.nih.gov/geo/series/GSE104nnn/GSE104320/suppl;https://www.ncbi.nlm.nih.gov/Traces/study/?acc=PRJNA412362",29898919,SRP118980,"Rekin's Janky","Jun 28, 2018"
GSE106719,"Decreased TGFBR3/Betaglycan expression enhances the metastatic abilities of renal cell carcinoma cells through TGF-b-dependent and independent mechanisms","Expression profiling by high throughput sequencing","Homo sapiens",4,,"XLSX;SRA Run Selector","ftp://ftp.ncbi.nlm.nih.gov/geo/series/GSE106nnn/GSE106719/suppl;https://www.ncbi.nlm.nih.gov/Traces/study/?acc=PRJNA417759",29391598,SRP124705,"Shogo Ehata","Jun 28, 2018"
GSE107626,"RNA-seq expression profiling of Suz12-deleted or wild-type organoids derived from basal or luminal mouse mammary epithelial cells.","Expression profiling by high throughput sequencing","Mus musculus",10,,"TXT;SRA Run Selector","ftp://ftp.ncbi.nlm.nih.gov/geo/series/GSE107nnn/GSE107626/suppl;https://www.ncbi.nlm.nih.gov/Traces/study/?acc=PRJNA420891",30080881,SRP126019,"Gordon K Smyth","Jun 28, 2018"
GSE111602,"Defects in the alternative splicing-dependent regulation of REST cause deafness - [mouse brain cortex].","Expression profiling by high throughput sequencing","Mus musculus",6,,"TAB;TXT;SRA Run Selector","ftp://ftp.ncbi.nlm.nih.gov/geo/series/GSE111nnn/GSE111602/suppl;https://www.ncbi.nlm.nih.gov/Traces/study/?acc=PRJNA437534",29961578,SRP134573,"Robert James Morell","Jun 28, 2018"
GSE111603,"Defects in the alternative splicing-dependent regulation of REST cause deafness - [mouse cultured organ of Corti].","Expression profiling by high throughput sequencing","Mus musculus",16,,"TAB;TXT;SRA Run Selector","ftp://ftp.ncbi.nlm.nih.gov/geo/series/GSE111nnn/GSE111603/suppl;https://www.ncbi.nlm.nih.gov/Traces/study/?acc=PRJNA437533",29961578,SRP134574,"Robert James Morell","Jun 28, 2018"
GSE111604,"Defects in the alternative splicing-dependent regulation of REST cause deafness - [mouse utricles].","Expression profiling by high throughput sequencing","Mus musculus",8,,"TAB;TXT;SRA Run Selector","ftp://ftp.ncbi.nlm.nih.gov/geo/series/GSE111nnn/GSE111604/suppl;https://www.ncbi.nlm.nih.gov/Traces/study/?acc=PRJNA437494",29961578,SRP134208,"Robert James Morell","Jun 28, 2018"
GSE111606,"Defects in the alternative splicing-dependent regulation of REST cause deafness","Expression profiling by high throughput sequencing","Mus musculus",30,,"TAB","ftp://ftp.ncbi.nlm.nih.gov/geo/series/GSE111nnn/GSE111606/suppl",29961578,,"Robert James Morell","Jun 28, 2018"
GSE112212,"Nucleotide resolution genome-wide mapping of 8-oxoG damage","Other","Saccharomyces cerevisiae BY4741",3,,"BEDGRAPH;SRA Run Selector","ftp://ftp.ncbi.nlm.nih.gov/geo/series/GSE112nnn/GSE112212/suppl;https://www.ncbi.nlm.nih.gov/Traces/study/?acc=PRJNA445275",29944356,SRP136249,"Shana J. Sturla","Jun 28, 2018"
GSE112615,"Transcriptomic signature of hepatocellular carcinoma and intrahepatic cholangiocarcinoma derived from oncogenically transformed murine hepatocytes","Expression profiling by array","Mus musculus",8,,"CEL","ftp://ftp.ncbi.nlm.nih.gov/geo/series/GSE112nnn/GSE112615/suppl",30209397,,"Oliver Bischof","Jun 28, 2018"
GSE114724,"Single-cell Map of Diverse Immune Phenotypes in the Breast Tumor Microenvironment - 5' RNA sequencing and TCR sequencing","Expression profiling by high throughput sequencing","Homo sapiens",10,,"CSV;MTX;TSV;SRA Run Selector","ftp://ftp.ncbi.nlm.nih.gov/geo/series/GSE114nnn/GSE114724/suppl;https://www.ncbi.nlm.nih.gov/Traces/study/?acc=PRJNA472381",29961579,SRP148594,"Ambrose J Carr","Jun 28, 2018"
GSE114725,"Single-cell Map of Diverse Immune Phenotypes in the Breast Tumor Microenvironment 3' RNA Sequencing","Expression profiling by high throughput sequencing","Homo sapiens",56,,"CSV;SRA Run Selector","ftp://ftp.ncbi.nlm.nih.gov/geo/series/GSE114nnn/GSE114725/suppl;https://www.ncbi.nlm.nih.gov/Traces/study/?acc=PRJNA472383",29961579,SRP148597,"Ambrose J Carr","Jun 28, 2018"
GSE114727,"Single-cell Map of Diverse Immune Phenotypes in the Breast Tumor Microenvironment","Expression profiling by high throughput sequencing","Homo sapiens",66,,"CSV;MTX;TSV","ftp://ftp.ncbi.nlm.nih.gov/geo/series/GSE114nnn/GSE114727/suppl",29961579,,"Ambrose J Carr","Jun 28, 2018"
GSE115685,"DNA methylation analysis of breast cancer Hs578T cells with TET1 knockout","Methylation profiling by high throughput sequencing","Homo sapiens",12,,"TXT;SRA Run Selector","ftp://ftp.ncbi.nlm.nih.gov/geo/series/GSE115nnn/GSE115685/suppl;https://www.ncbi.nlm.nih.gov/Traces/study/?acc=PRJNA475774",29891505,SRP150357,"Jaroslav Jelinek","Jun 28, 2018"
GSE115696,"DNA methylatioin analysis of breast cancer cell lines with TET1 knockout","Methylation profiling by high throughput sequencing","Homo sapiens",27,,"TXT","ftp://ftp.ncbi.nlm.nih.gov/geo/series/GSE115nnn/GSE115696/suppl",29891505,,"Jaroslav Jelinek","Jun 28, 2018"
GSE115985,"Mutant p53 regulates enhancer-associated H3K4 monomethylation through interactions with the methyltransferase MLL4","Genome binding/occupancy profiling by high throughput sequencing","Homo sapiens",5,,"BIGWIG;SRA Run Selector","ftp://ftp.ncbi.nlm.nih.gov/geo/series/GSE115nnn/GSE115985/suppl;https://www.ncbi.nlm.nih.gov/Traces/study/?acc=PRJNA476701",29954944,SRP150830,"Shannon M Lauberth","Jun 28, 2018"
GSE116087,"A role for p53 in the adaptation to glutamine starvation through the expression of Slc1a3","Expression profiling by high throughput sequencing","Homo sapiens",12,,"TSV;SRA Run Selector","ftp://ftp.ncbi.nlm.nih.gov/geo/series/GSE116nnn/GSE116087/suppl;https://www.ncbi.nlm.nih.gov/Traces/study/?acc=PRJNA476993",30122553,SRP151009,"Neil Alistair Robertson","Jun 28, 2018"
GSE116322,"Expression data from rice inflorescences of osmads32 mutant and wild type","Expression profiling by array","Oryza sativa",6,,"CEL","ftp://ftp.ncbi.nlm.nih.gov/geo/series/GSE116nnn/GSE116322/suppl",,,"yun hu","Jun 28, 2018"
GSE116324,"RNA-Seq of newly diagnosed patients in the PADIMAC study leads to a bortezomib/lenalidomide decision signature","Expression profiling by high throughput sequencing","Homo sapiens",44,,"CSV;SRA Run Selector","ftp://ftp.ncbi.nlm.nih.gov/geo/series/GSE116nnn/GSE116324/suppl;https://www.ncbi.nlm.nih.gov/Traces/study/?acc=PRJNA478148",30181174,SRP151425,"Mike Chapman","Jun 28, 2018"
GSE116326,"Transcriptome changes of whole kidney from conditional Vhl gene knockout in sub-populations of mouse kidney tubule cells","Expression profiling by array","Mus musculus",6,,"CEL;TXT","ftp://ftp.ncbi.nlm.nih.gov/geo/series/GSE116nnn/GSE116326/suppl",,,"Tien Hsu","Jun 28, 2018"
GSE116348,"The effect of cellular context on miR-155 mediated gene regulation in four major immune cell types (RNA-Seq)","Expression profiling by high throughput sequencing","Mus musculus",24,,"TXT;SRA Run Selector","ftp://ftp.ncbi.nlm.nih.gov/geo/series/GSE116nnn/GSE116348/suppl;https://www.ncbi.nlm.nih.gov/Traces/study/?acc=PRJNA478229",30224821,SRP151472,"Yuheng Lu","Jun 28, 2018"
GSE116350,"Endothelial Cell CD36 Optimizes Tissue Fatty Acid Uptake","Expression profiling by high throughput sequencing","Mus musculus",11,,"CSV;SRA Run Selector","ftp://ftp.ncbi.nlm.nih.gov/geo/series/GSE116nnn/GSE116350/suppl;https://www.ncbi.nlm.nih.gov/Traces/study/?acc=PRJNA478230",,SRP151474,"Tenzin C Lhakhang","Jun 28, 2018"
GSE116361,"Hierarchal gene master regulators of adenocarcinomic human alveolar basal epithelial cells A549.","Expression profiling by array","Homo sapiens",4,,"TXT","ftp://ftp.ncbi.nlm.nih.gov/geo/series/GSE116nnn/GSE116361/suppl",,,"Dumitru Andrei Iacobas","Jun 28, 2018"
GSE116366,"RNAseq of Maize stem at big flare period","Expression profiling by high throughput sequencing","Zea mays",4,,"XLSX;SRA Run Selector","ftp://ftp.ncbi.nlm.nih.gov/geo/series/GSE116nnn/GSE116366/suppl;https://www.ncbi.nlm.nih.gov/Traces/study/?acc=PRJNA478254",,SRP151502,"Hengsheng Wang","Jun 28, 2018"
GSE116430,"ATAC-Seq chromatin profiling of Suz12-deleted or wild-type organoids derived from basal or luminal mouse mammary epithelial cells","Genome binding/occupancy profiling by high throughput sequencing","Mus musculus",12,,"TXT;SRA Run Selector","ftp://ftp.ncbi.nlm.nih.gov/geo/series/GSE116nnn/GSE116430/suppl;https://www.ncbi.nlm.nih.gov/Traces/study/?acc=PRJNA478459",30080881,SRP151607,"Gordon K Smyth","Jun 28, 2018"
GSE116431,"RNA-seq and ATAC-Seq profiling of Suz12-deleted or wild-type organoids derived from basal or luminal mouse mammary epithelial cells","Expression profiling by high throughput sequencing;Genome binding/occupancy profiling by high throughput sequencing","Mus musculus",22,,"TXT","ftp://ftp.ncbi.nlm.nih.gov/geo/series/GSE116nnn/GSE116431/suppl",30080881,,"Gordon K Smyth","Jun 28, 2018"
GSE82183,"Next Generation Sequencing Facilitates Quantitative Analysis of human patient derived primary Glioblastoma (GBM) cancer cell Transcriptomes","Expression profiling by high throughput sequencing","Homo sapiens",12,,"TXT;SRA Run Selector","ftp://ftp.ncbi.nlm.nih.gov/geo/series/GSE82nnn/GSE82183/suppl;https://www.ncbi.nlm.nih.gov/Traces/study/?acc=PRJNA324266",29915361,SRP076036,"Biplab Dasgupta","Jun 27, 2018"
GSE85911,"Gender and strain dependent differences in intestinal immunology correlate with differences in microbiota composition (colon)","Expression profiling by array","Mus musculus",18,,"CEL","ftp://ftp.ncbi.nlm.nih.gov/geo/series/GSE85nnn/GSE85911/suppl",29914546,,"Guido Hooiveld","Jun 27, 2018"
GSE85912,"Gender and strain dependent differences in intestinal immunology correlate with differences in microbiota composition  (ileum)","Expression profiling by array","Mus musculus",16,,"CEL","ftp://ftp.ncbi.nlm.nih.gov/geo/series/GSE85nnn/GSE85912/suppl",29914546,,"Guido Hooiveld","Jun 27, 2018"
GSE85913,"Gender and strain dependent differences in intestinal immunology correlate with differences in microbiota composition","Expression profiling by array","Mus musculus",34,,"CEL","ftp://ftp.ncbi.nlm.nih.gov/geo/series/GSE85nnn/GSE85913/suppl",29914546,,"Guido Hooiveld","Jun 27, 2018"
GSE94709,"A Porcine Model to Study the Effect of Neurologic Death (ND) on Kidney Genomic Responses","Expression profiling by array","Sus scrofa",20,,"CEL","ftp://ftp.ncbi.nlm.nih.gov/geo/series/GSE94nnn/GSE94709/suppl",30800478,,"Shlomit Radom-Aizik","Jun 27, 2018"
GSE95120,"The arrhythmogenic cardiomyopathy-specific coding and non-coding transcriptome in human cardiac stromal cells","Expression profiling by high throughput sequencing","Homo sapiens",6,,"TXT;SRA Run Selector","ftp://ftp.ncbi.nlm.nih.gov/geo/series/GSE95nnn/GSE95120/suppl;https://www.ncbi.nlm.nih.gov/Traces/study/?acc=PRJNA376124",29940860,SRP100426,"Johannes Rainer","Jun 27, 2018"
GSE97232,"p21 misexpression in the left growth plates","Expression profiling by high throughput sequencing","Mus musculus",6,,"TSV;SRA Run Selector","ftp://ftp.ncbi.nlm.nih.gov/geo/series/GSE97nnn/GSE97232/suppl;https://www.ncbi.nlm.nih.gov/Traces/study/?acc=PRJNA381042",29944650,SRP102791,"Alexandra L Joyner","Jun 27, 2018"
GSE100542,"Transcriptomic changes in EpCAM+ liver ductal cells cultured in organoid conditions","Expression profiling by high throughput sequencing","Mus musculus",8,,"TXT;SRA Run Selector","ftp://ftp.ncbi.nlm.nih.gov/geo/series/GSE100nnn/GSE100542/suppl;https://www.ncbi.nlm.nih.gov/Traces/study/?acc=PRJNA392080",,SRP110590,"Charles Bradshaw","Jun 27, 2018"
GSE100670,"Role of miR-146a in neural stem cell differentiation and neural lineage determination: relevance for neurodevelopmental disorders ","Expression profiling by high throughput sequencing","Homo sapiens",12,,"TXT;SRA Run Selector","ftp://ftp.ncbi.nlm.nih.gov/geo/series/GSE100nnn/GSE100670/suppl;https://www.ncbi.nlm.nih.gov/Traces/study/?acc=PRJNA392463",29951184,SRP110769,"Lam Son Nguyen","Jun 27, 2018"
GSE100804,"Expression of Spi-C in intestinal CX3CR1high macrophages","Expression profiling by array","Mus musculus",4,,"CEL","ftp://ftp.ncbi.nlm.nih.gov/geo/series/GSE100nnn/GSE100804/suppl",30061415,,"Daisuke Okuzaki","Jun 27, 2018"
GSE100805,"Decreased expression of a subset of TLR-dependent genes by heme-inducible Spi-C","Expression profiling by high throughput sequencing","Mus musculus",4,,"TXT;SRA Run Selector","ftp://ftp.ncbi.nlm.nih.gov/geo/series/GSE100nnn/GSE100805/suppl;https://www.ncbi.nlm.nih.gov/Traces/study/?acc=PRJNA393129",30061415,SRP111111,"Daisuke Okuzaki","Jun 27, 2018"
GSE101465,"Heads and thoraxes of 10 d old female Drosophila melanogaster flies","Expression profiling by high throughput sequencing","Drosophila melanogaster",8,,"XLS;SRA Run Selector","ftp://ftp.ncbi.nlm.nih.gov/geo/series/GSE101nnn/GSE101465/suppl;https://www.ncbi.nlm.nih.gov/Traces/study/?acc=PRJNA394514",29945183,SRP111955,"Nina Evgenjevna Gubina","Jun 27, 2018"
GSE104049,"poly-A RNA profiling of Drosophila neural stem cells (type I NBs) and GMCs of different ages reveal genes involved in cell fate stabilization","Expression profiling by high throughput sequencing","Drosophila melanogaster",16,,"TXT;XLSX;SRA Run Selector","ftp://ftp.ncbi.nlm.nih.gov/geo/series/GSE104nnn/GSE104049/suppl;https://www.ncbi.nlm.nih.gov/Traces/study/?acc=PRJNA408097",29959232,SRP118315,"Sebastian Wissel","Jun 27, 2018"
GSE104596,"Transcriptome analysis of Gibberellin-response gene in the fast-growing species moso Bamboo","Expression profiling by high throughput sequencing","Phyllostachys edulis",6,,"BW;SRA Run Selector","ftp://ftp.ncbi.nlm.nih.gov/geo/series/GSE104nnn/GSE104596/suppl;https://www.ncbi.nlm.nih.gov/Traces/study/?acc=PRJNA413166",29925317,SRP119416,"Lianfeng Gu","Jun 27, 2018"
GSE104701,"RNAseq analysis of bone marrow endothelial cells","Expression profiling by high throughput sequencing","Mus musculus",9,,"XLSX;SRA Run Selector","ftp://ftp.ncbi.nlm.nih.gov/geo/series/GSE104nnn/GSE104701/suppl;https://www.ncbi.nlm.nih.gov/Traces/study/?acc=PRJNA413539",29934585,SRP119531,"Chunliang Xu","Jun 27, 2018"
GSE106640,"Extracellular matrix components HAPLN1, lumican and collagen I cause hyaluronic acid-dependent folding of the developing human neocortex","Expression profiling by high throughput sequencing","Homo sapiens",6,,"TXT;SRA Run Selector","ftp://ftp.ncbi.nlm.nih.gov/geo/series/GSE106nnn/GSE106640/suppl;https://www.ncbi.nlm.nih.gov/Traces/study/?acc=PRJNA417495",30078576,SRP124509,"Holger Brandl","Jun 27, 2018"
GSE107914,"Increased AIF-1-mediated TNF-α expression during the implantation phase in IVF cycles with GnRH antagonist protocol","Expression profiling by array","Homo sapiens",9,,"TXT","ftp://ftp.ncbi.nlm.nih.gov/geo/series/GSE107nnn/GSE107914/suppl",29897458,,"Mingjie Wang","Jun 27, 2018"
GSE108975,"Von Hippel-Lindau protein is required for optimal alveolar macrophage terminal differentiation, self-renewal and function.","Expression profiling by high throughput sequencing","Mus musculus",9,,"TXT;SRA Run Selector","ftp://ftp.ncbi.nlm.nih.gov/geo/series/GSE108nnn/GSE108975/suppl;https://www.ncbi.nlm.nih.gov/Traces/study/?acc=PRJNA429268",30110631,SRP128585,"Manuel J Gomez","Jun 27, 2018"
GSE109111,"Stable STIM1 knockdown in human neural precursors derived from hESC line, H9","Expression profiling by high throughput sequencing","Homo sapiens",9,,"TXT;SRA Run Selector","ftp://ftp.ncbi.nlm.nih.gov/geo/series/GSE109nnn/GSE109111/suppl;https://www.ncbi.nlm.nih.gov/Traces/study/?acc=PRJNA429650",29942250,SRP128928,"Gaiti Hasan","Jun 27, 2018"
GSE109214,"SCNT embryos are defective for H3K27me3 imprinting [RNA-seq]","Expression profiling by high throughput sequencing","Mus musculus",4,,"TXT;SRA Run Selector","ftp://ftp.ncbi.nlm.nih.gov/geo/series/GSE109nnn/GSE109214/suppl;https://www.ncbi.nlm.nih.gov/Traces/study/?acc=PRJNA430154",30033120,SRP130993,"Li Shen","Jun 27, 2018"
GSE109366,"Genes important for DNA damage response in Bacillus subtilis","Other","Bacillus subtilis PY79",57,,"CSV;FA;SRA Run Selector","ftp://ftp.ncbi.nlm.nih.gov/geo/series/GSE109nnn/GSE109366/suppl;https://www.ncbi.nlm.nih.gov/Traces/study/?acc=PRJNA430694",29979679,SRP131148,"Lyle A Simmons","Jun 27, 2018"
GSE109671,"Genome organization and chromatin analysis identify transcriptional downregulation of insulin-like growth factor signaling as a hallmark of aging in developing B cells","Expression profiling by high throughput sequencing;Other;Genome binding/occupancy profiling by high throughput sequencing;Non-coding RNA profiling by high throughput sequencing","Mus musculus",90,,"TXT;SRA Run Selector","ftp://ftp.ncbi.nlm.nih.gov/geo/series/GSE109nnn/GSE109671/suppl;https://www.ncbi.nlm.nih.gov/Traces/study/?acc=PRJNA431625",30180872,SRP131401,"Steven William Wingett","Jun 27, 2018"
GSE111377,"Unique features and clinical importance of acute alloreactive immune responses","Expression profiling by high throughput sequencing","Homo sapiens",24,,"TXT;SRA Run Selector","ftp://ftp.ncbi.nlm.nih.gov/geo/series/GSE111nnn/GSE111377/suppl;https://www.ncbi.nlm.nih.gov/Traces/study/?acc=PRJNA436739",29769441,SRP133849,"Archana Sharma-Oates","Jun 27, 2018"
GSE112528,"SCNT embryos are defective for H3K27me3 imprinting [Bisulfite-seq]","Methylation profiling by high throughput sequencing","Mus musculus",2,,"BEDGRAPH;SRA Run Selector","ftp://ftp.ncbi.nlm.nih.gov/geo/series/GSE112nnn/GSE112528/suppl;https://www.ncbi.nlm.nih.gov/Traces/study/?acc=PRJNA445633",30033120,SRP136430,"Li Shen","Jun 27, 2018"
GSE112546,"SCNT embryos are defective for H3K27me3 imprinting","Expression profiling by high throughput sequencing;Methylation profiling by high throughput sequencing;Genome binding/occupancy profiling by high throughput sequencing","Mus musculus",12,,"BEDGRAPH;BW;TXT","ftp://ftp.ncbi.nlm.nih.gov/geo/series/GSE112nnn/GSE112546/suppl",30033120,,"Li Shen","Jun 27, 2018"
GSE113349,"PARCLIP analysis of NONO and SFPQ from U2OS and Hela cells","Other","Homo sapiens",4,,"BED","ftp://ftp.ncbi.nlm.nih.gov/geo/series/GSE113nnn/GSE113349/suppl",29932899,,"Archa Fox","Jun 27, 2018"
GSE113580,"Yra1-bound R loops cause orientation-independent transcription-replication collisions and telomere instability","Other","Saccharomyces cerevisiae",2,,"BED;BW;SRA Run Selector","ftp://ftp.ncbi.nlm.nih.gov/geo/series/GSE113nnn/GSE113580/suppl;https://www.ncbi.nlm.nih.gov/Traces/study/?acc=PRJNA453145",29954833,SRP142458,"Andrés Aguilera","Jun 27, 2018"
GSE114307,"SCNT embryos are defective for H3K27me3 imprinting [ChIP-seq]","Genome binding/occupancy profiling by high throughput sequencing","Mus musculus",6,,"BW;SRA Run Selector","ftp://ftp.ncbi.nlm.nih.gov/geo/series/GSE114nnn/GSE114307/suppl;https://www.ncbi.nlm.nih.gov/Traces/study/?acc=PRJNA470928",30033120,SRP145337,"Li Shen","Jun 27, 2018"
GSE114703,"The Replication-initiation determinant protein (RepID) modulates replication by recruiting CUL4 to chromatin","Genome binding/occupancy profiling by high throughput sequencing;Other","Homo sapiens",11,,"BED;SRA Run Selector","ftp://ftp.ncbi.nlm.nih.gov/geo/series/GSE114nnn/GSE114703/suppl;https://www.ncbi.nlm.nih.gov/Traces/study/?acc=PRJNA472361",30018425,SRP148578,"Christophe E Redon","Jun 27, 2018"
GSE115829,"PARP1 Stabilizes CTCF Binding and Chromatin Structure to Maintain Epstein Barr Virus Latency Type","Genome binding/occupancy profiling by high throughput sequencing","Human gammaherpesvirus 4",8,,"BED;BEDGRAPH;BW;NARROWPEAK;SRA Run Selector","ftp://ftp.ncbi.nlm.nih.gov/geo/series/GSE115nnn/GSE115829/suppl;https://www.ncbi.nlm.nih.gov/Traces/study/?acc=PRJNA476186",29976663,SRP150563,"Italo Tempera","Jun 27, 2018"
GSE116263,"Global Gene Networks in Porcine Alveolar Macrophage Cells, 3D4/31, Stimulated with Antigenic Epitopes of Actinobacillus pleuropneumoniae ApxIA, IIA and IVA","Expression profiling by high throughput sequencing","Sus scrofa",10,,"XLSX","ftp://ftp.ncbi.nlm.nih.gov/geo/series/GSE116nnn/GSE116263/suppl",,,"Suji Kim","Jun 27, 2018"
GSE116265,"Transcriptomic dynamics provides an insight into the mechanism for silicon-mediated alleviation of salt stress in cucumber plants","Expression profiling by high throughput sequencing","Cucumis sativus",11,,"XLSX","ftp://ftp.ncbi.nlm.nih.gov/geo/series/GSE116nnn/GSE116265/suppl",,,"Ruolin Yang","Jun 27, 2018"
GSE116268,"RNA-Sequencing Analysis of AVF-CKD Murine Model","Expression profiling by high throughput sequencing","Mus musculus",12,,"TSV","ftp://ftp.ncbi.nlm.nih.gov/geo/series/GSE116nnn/GSE116268/suppl",,,"Daniel Rothschild OBrien","Jun 27, 2018"
GSE116270,"RNA-SEQ of epididymal white adipose tissue of mice on different Mg and fat diets","Expression profiling by high throughput sequencing","Mus musculus",19,,"TXT;XLSX","ftp://ftp.ncbi.nlm.nih.gov/geo/series/GSE116nnn/GSE116270/suppl",29987474,,"Steef Kurstjens","Jun 27, 2018"
GSE116273,"Nicotiana attenuata transcriptome after oviposition and herbivory by S. exigua and M. sexta","Expression profiling by array","Nicotiana attenuata",27,,"TXT","ftp://ftp.ncbi.nlm.nih.gov/geo/series/GSE116nnn/GSE116273/suppl",29980784,,"Tobias Lortzing","Jun 27, 2018"
GSE116280,"Acute and delayed transcriptomics changes in 3D LUHMES exposed to rotenone","Expression profiling by array","Homo sapiens",24,,"TXT","ftp://ftp.ncbi.nlm.nih.gov/geo/series/GSE116nnn/GSE116280/suppl",29955902,,"Lena Smirnova","Jun 27, 2018"
GSE116282,"Targeting MYC dependency in ovarian cancer through inhibition of CDK7 and CDK12/13","Expression profiling by high throughput sequencing","Homo sapiens",12,,"TXT;SRA Run Selector","ftp://ftp.ncbi.nlm.nih.gov/geo/series/GSE116nnn/GSE116282/suppl;https://www.ncbi.nlm.nih.gov/Traces/study/?acc=PRJNA478056",30422115,SRP151458,"Mei Zeng","Jun 27, 2018"
GSE116300,"Patients with a Kabuki syndrome phenotype demonstrate DNA methylation abnormalities.","Methylation profiling by genome tiling array","Homo sapiens",44,,"IDAT;TXT","ftp://ftp.ncbi.nlm.nih.gov/geo/series/GSE116nnn/GSE116300/suppl",,,"Hans Tomas Bjornsson","Jun 27, 2018"
GSE116304,"E. coli transcriptome-level alterations upon antimicrobial peptide exposure","Expression profiling by array","Escherichia coli;Escherichia coli CFT073;Escherichia coli O157:H7 str. EDL933;Escherichia coli O157:H7 str. Sakai;Escherichia coli str. K-12 substr. MG1655",8,,"TXT","ftp://ftp.ncbi.nlm.nih.gov/geo/series/GSE116nnn/GSE116304/suppl",29259134,,"Deepesh Nagarajan","Jun 27, 2018"
GSE116305,"Differences in expression profiling and biomarkers between histological colorectal carcinomas subsets from the serrated pathway","Expression profiling by array","Homo sapiens",15,,"TXT","ftp://ftp.ncbi.nlm.nih.gov/geo/series/GSE116nnn/GSE116305/suppl",,,"Francisco García García","Jun 27, 2018"
GSE58469,"Molecular profiling of ovarian carcinoma platinum-sensitive and -resistant cell lines (microRNAs)","Non-coding RNA profiling by array","Homo sapiens",9,,"TXT","ftp://ftp.ncbi.nlm.nih.gov/geo/series/GSE58nnn/GSE58469/suppl",27554045,,"Loris De Cecco","Jun 26, 2018"
GSE58470,"Molecular profiling of ovarian carcinoma platinum-sensitive and -resistant cell lines (gene expression)","Expression profiling by array","Homo sapiens",9,,"TXT","ftp://ftp.ncbi.nlm.nih.gov/geo/series/GSE58nnn/GSE58470/suppl",27554045,,"Loris De Cecco","Jun 26, 2018"
GSE58472,"Molecular profiling of ovarian carcinoma platinum-sensitive and -resistant cell lines","Expression profiling by array;Non-coding RNA profiling by array","Homo sapiens",18,,,,27554045,,"Loris De Cecco","Jun 26, 2018"
GSE65459,"Knockdown of TSPAN8 gene expression in the SH-SY5Y neuroblastoma cell line","Expression profiling by array","Homo sapiens",4,,"CEL","ftp://ftp.ncbi.nlm.nih.gov/geo/series/GSE65nnn/GSE65459/suppl",28777493,,"Claus Juergen Scholz","Jun 26, 2018"
GSE75973,"DNA methylation oscillations at CpG poor enhancers in primed embryonic stem cells [PBAT Bisfulfite-seq]","Methylation profiling by high throughput sequencing","Mus musculus",42,,"TXT;SRA Run Selector","ftp://ftp.ncbi.nlm.nih.gov/geo/series/GSE75nnn/GSE75973/suppl;https://www.ncbi.nlm.nih.gov/Traces/study/?acc=PRJNA305883",30031774,SRP067341,"Felix Krueger","Jun 26, 2018"
GSE75974,"DNA methylation oscillations at CpG poor enhancers in primed embryonic stem cells [single cell Bisulfite-seq]","Methylation profiling by high throughput sequencing","Mus musculus",96,,"TXT;SRA Run Selector","ftp://ftp.ncbi.nlm.nih.gov/geo/series/GSE75nnn/GSE75974/suppl;https://www.ncbi.nlm.nih.gov/Traces/study/?acc=PRJNA305884",30031774,SRP067337,"Felix Krueger","Jun 26, 2018"
GSE85163,"Sequencing artifacts produced by mispriming during reverse transcription in multiple RNA-seq technologies","Expression profiling by high throughput sequencing;Non-coding RNA profiling by high throughput sequencing;Other","Homo sapiens",26,,"BED;SRA Run Selector","ftp://ftp.ncbi.nlm.nih.gov/geo/series/GSE85nnn/GSE85163/suppl;https://www.ncbi.nlm.nih.gov/Traces/study/?acc=PRJNA336359",29950518,SRP080876,"Vishy Iyer","Jun 26, 2018"
GSE93598,"Genome-wide analysis reveals dual roles for Ikaros in regulation of macrophage chromatin state and inflammatory gene expression [RNA-seq]","Expression profiling by high throughput sequencing","Mus musculus",16,,"FPKM_TRACKING;SRA Run Selector","ftp://ftp.ncbi.nlm.nih.gov/geo/series/GSE93nnn/GSE93598/suppl;https://www.ncbi.nlm.nih.gov/Traces/study/?acc=PRJNA361270",29898962,SRP096728,"Songjoon Baek","Jun 26, 2018"
GSE93599,"Genome-wide analysis reveals dual roles for Ikaros in regulation of macrophage chromatin state and inflammatory gene expression [ChIP-seq]","Genome binding/occupancy profiling by high throughput sequencing","Mus musculus",12,,"BEDGRAPH;CSV;SRA Run Selector","ftp://ftp.ncbi.nlm.nih.gov/geo/series/GSE93nnn/GSE93599/suppl;https://www.ncbi.nlm.nih.gov/Traces/study/?acc=PRJNA361269",29898962,SRP096729,"Songjoon Baek","Jun 26, 2018"
GSE93600,"Genome-wide analysis reveals dual roles for Ikaros in regulation of macrophage chromatin state and inflammatory gene expression [Dnase-seq]","Genome binding/occupancy profiling by high throughput sequencing","Mus musculus",15,,"BEDGRAPH;CSV;SRA Run Selector","ftp://ftp.ncbi.nlm.nih.gov/geo/series/GSE93nnn/GSE93600/suppl;https://www.ncbi.nlm.nih.gov/Traces/study/?acc=PRJNA361271",29898962,SRP096730,"Songjoon Baek","Jun 26, 2018"
GSE93602,"Genome-wide analysis reveals dual roles for Ikaros in regulation of macrophage chromatin state and inflammatory gene expression","Expression profiling by high throughput sequencing;Genome binding/occupancy profiling by high throughput sequencing","Mus musculus",43,,"BEDGRAPH;CSV;FPKM_TRACKING","ftp://ftp.ncbi.nlm.nih.gov/geo/series/GSE93nnn/GSE93602/suppl",29898962,,"Songjoon Baek","Jun 26, 2018"
GSE97010,"The Impact of Acute Exposure to Cigarette Smoke on Airway Gene Expression","Expression profiling by array","Homo sapiens",126,,"CEL","ftp://ftp.ncbi.nlm.nih.gov/geo/series/GSE97nnn/GSE97010/suppl",29932825,,"Adam C Gower","Jun 26, 2018"
GSE97976,"Expression profile of hematopoietic stem and progenitor cells (HSPCs) after conditional deletion of the histone 3 lysine 4 (H3K4) methyltransferase Setd1b in mice","Expression profiling by high throughput sequencing","Mus musculus",6,,"CSV;SRA Run Selector","ftp://ftp.ncbi.nlm.nih.gov/geo/series/GSE97nnn/GSE97976/suppl;https://www.ncbi.nlm.nih.gov/Traces/study/?acc=PRJNA383551",29916805,SRP104275,"Konstantinos Anastassiadis","Jun 26, 2018"
GSE99401,"MiR-34a controls proliferation and plasticity of early-progenitors in the normal mammary gland and in breast cancer","Expression profiling by high throughput sequencing","Mus musculus",12,,"XLSX;SRA Run Selector","ftp://ftp.ncbi.nlm.nih.gov/geo/series/GSE99nnn/GSE99401/suppl;https://www.ncbi.nlm.nih.gov/Traces/study/?acc=PRJNA388393",30093634,SRP108253,"Francesco Nicassio","Jun 26, 2018"
GSE100483,"RNA-seq of MDA-MB-231 cells with TET1 knockout","Expression profiling by high throughput sequencing","Homo sapiens",12,,"TXT;SRA Run Selector","ftp://ftp.ncbi.nlm.nih.gov/geo/series/GSE100nnn/GSE100483/suppl;https://www.ncbi.nlm.nih.gov/Traces/study/?acc=PRJNA391938",29891505,SRP110516,"Jozef Madzo","Jun 26, 2018"
GSE100565,"Microfluidics-based molecular profiling of circulating tumor cells in checkpoint inhibitor immunotherapy and BRAF/MEK-treated melanoma patients","Expression profiling by high throughput sequencing","Homo sapiens",3,,"TXT;SRA Run Selector","ftp://ftp.ncbi.nlm.nih.gov/geo/series/GSE100nnn/GSE100565/suppl;https://www.ncbi.nlm.nih.gov/Traces/study/?acc=PRJNA392120",,SRP110611,"Dave Hoon","Jun 26, 2018"
GSE101777,"LHP1 interacts with ATRX through plant-specific domains at specific loci targeted by PRC2","Expression profiling by high throughput sequencing","Arabidopsis thaliana",12,,"TSV;SRA Run Selector","ftp://ftp.ncbi.nlm.nih.gov/geo/series/GSE101nnn/GSE101777/suppl;https://www.ncbi.nlm.nih.gov/Traces/study/?acc=PRJNA395456",29793052,SRP113403,"haifeng WANG","Jun 26, 2018"
GSE102209,"Cooperation between TLX1 and the NUP214-ABL1/STAT5 signaling in T-cell acute lymphoblastic leukemia","Expression profiling by high throughput sequencing;Genome binding/occupancy profiling by high throughput sequencing","Homo sapiens;Mus musculus",69,,"BEDGRAPH;NARROWPEAK;TXT;SRA Run Selector","ftp://ftp.ncbi.nlm.nih.gov/geo/series/GSE102nnn/GSE102209/suppl;https://www.ncbi.nlm.nih.gov/Traces/study/?acc=PRJNA397010",30107177,SRP114758,"Sofie Demeyer","Jun 26, 2018"
GSE102474,"DNA Topoisomerase I differentially modulates R loop across long genes and at human replication origins","Other;Genome binding/occupancy profiling by high throughput sequencing;Expression profiling by high throughput sequencing","Homo sapiens",16,,"BIGWIG;TSV;SRA Run Selector","ftp://ftp.ncbi.nlm.nih.gov/geo/series/GSE102nnn/GSE102474/suppl;https://www.ncbi.nlm.nih.gov/Traces/study/?acc=PRJNA397840",,SRP115184,"Frederic Chedin","Jun 26, 2018"
GSE103523,"Gene expression analysis of OX40+ Tregs from human liver tissues","Expression profiling by array","Homo sapiens",8,,"TXT","ftp://ftp.ncbi.nlm.nih.gov/geo/series/GSE103nnn/GSE103523/suppl",29941600,,"valeria ranzani","Jun 26, 2018"
GSE103923,"RNA sequencing of Foxd1Cre;Smo(flox/-) mutant kidneys","Expression profiling by high throughput sequencing","Mus musculus",8,,"TXT;SRA Run Selector","ftp://ftp.ncbi.nlm.nih.gov/geo/series/GSE103nnn/GSE103923/suppl;https://www.ncbi.nlm.nih.gov/Traces/study/?acc=PRJNA407570",29945868,SRP117757,"Norman D Rosenblum","Jun 26, 2018"
GSE104210,"Clinical and genetic diversity and recurrent CXorf67 mutations across distinct molecular subgroups of posterior fossa type A (PFA) ependymoma.","Methylation profiling by array","Homo sapiens",675,,"IDAT","ftp://ftp.ncbi.nlm.nih.gov/geo/series/GSE104nnn/GSE104210/suppl",29909548,,"Martin Sill","Jun 26, 2018"
GSE104598,"Endogenous transcripts control miRNA levels and activity in mammalian cells by a target-dependent miRNA degradation mechanism [miRNA-Seq]","Non-coding RNA profiling by high throughput sequencing","Mus musculus",10,,"XLS;SRA Run Selector","ftp://ftp.ncbi.nlm.nih.gov/geo/series/GSE104nnn/GSE104598/suppl;https://www.ncbi.nlm.nih.gov/Traces/study/?acc=PRJNA413173",30087332,SRP119420,"Francesco Nicassio","Jun 26, 2018"
GSE104648,"Endogenous transcripts control miRNA levels and activity in mammalian cells by a target-dependent miRNA degradation mechanism [RNA-Seq]","Expression profiling by high throughput sequencing","Mus musculus",9,,"XLS;SRA Run Selector","ftp://ftp.ncbi.nlm.nih.gov/geo/series/GSE104nnn/GSE104648/suppl;https://www.ncbi.nlm.nih.gov/Traces/study/?acc=PRJNA413402",30087332,SRP119470,"Francesco Nicassio","Jun 26, 2018"
GSE104650,"Endogenous transcripts control miRNA levels and activity in mammalian cells by a target-dependent miRNA degradation mechanism","Expression profiling by high throughput sequencing;Non-coding RNA profiling by high throughput sequencing","Mus musculus",28,,,,30087332,,"Francesco Nicassio","Jun 26, 2018"
GSE105065,"Integrative Epigenetic Analysis Reveals Therapeutic Targets to the DNA Methyltransferase Inhibitor SGI-110 in Hepatocellular Carcinoma Cells [gene expression]","Expression profiling by array","Homo sapiens",34,,"IDAT;TXT","ftp://ftp.ncbi.nlm.nih.gov/geo/series/GSE105nnn/GSE105065/suppl",29774579,,"Gangning Liang","Jun 26, 2018"
GSE105066,"Integrative Epigenetic Analysis Reveals Therapeutic Targets to the DNA Methyltransferase Inhibitor SGI-110 in Hepatocellular Carcinoma Cells [methylation]","Methylation profiling by array","Homo sapiens",34,,"IDAT;TXT","ftp://ftp.ncbi.nlm.nih.gov/geo/series/GSE105nnn/GSE105066/suppl",29774579,,"Gangning Liang","Jun 26, 2018"
GSE105067,"Integrative Epigenetic Analysis Reveals Therapeutic Targets to the DNA Methyltransferase Inhibitor SGI-110 in Hepatocellular Carcinoma Cells","Expression profiling by array;Methylation profiling by array","Homo sapiens",68,,"IDAT","ftp://ftp.ncbi.nlm.nih.gov/geo/series/GSE105nnn/GSE105067/suppl",29774579,,"Gangning Liang","Jun 26, 2018"
GSE105092,"Evaluation of copy number variation detection between high-resolution array CGH and low-coverage short-insert and mate-pair whole-genome sequencing","Genome variation profiling by array","Homo sapiens",2,,"IDAT","ftp://ftp.ncbi.nlm.nih.gov/geo/series/GSE105nnn/GSE105092/suppl",30061371,,"Bo Zhou","Jun 26, 2018"
GSE106378,"HNF4alpha P1 and P2 isoforms regulate different gene networks in the colorectal cancer cell line Caco2/15.","Expression profiling by high throughput sequencing","Homo sapiens",9,,"TSV;SRA Run Selector","ftp://ftp.ncbi.nlm.nih.gov/geo/series/GSE106nnn/GSE106378/suppl;https://www.ncbi.nlm.nih.gov/Traces/study/?acc=PRJNA416506",29898915,SRP123224,"Francois Boudreau","Jun 26, 2018"
GSE108524,"Targeting the cMET pathway augments radiation response without adverse effect on hearing in NF2 schwannoma models","Expression profiling by array","Homo sapiens",31,,"CEL;CHP","ftp://ftp.ncbi.nlm.nih.gov/geo/series/GSE108nnn/GSE108524/suppl",29440379,,"zhao fu","Jun 26, 2018"
GSE108978,"Short-term low-dose mTORC1 inhibition in aged rats counter-regulates age-related gene changes and blocks age-related kidney pathology","Expression profiling by high throughput sequencing","Rattus norvegicus",84,,"BW;TXT;SRA Run Selector","ftp://ftp.ncbi.nlm.nih.gov/geo/series/GSE108nnn/GSE108978/suppl;https://www.ncbi.nlm.nih.gov/Traces/study/?acc=PRJNA429275",29304191,SRP128590,"David J. Glass","Jun 26, 2018"
GSE109446,"Nasal DNA methylation is associated with childhood asthma","Methylation profiling by array","Homo sapiens",58,,"IDAT","ftp://ftp.ncbi.nlm.nih.gov/geo/series/GSE109nnn/GSE109446/suppl",29692198,,"Hong Ji","Jun 26, 2018"
GSE109767,"The landscape of accessible chromatin in mouse and human primordial germ cells (PGC) [mouse DNase-Hypersensitivity]","Genome binding/occupancy profiling by high throughput sequencing","Mus musculus",30,,"BED;SRA Run Selector","ftp://ftp.ncbi.nlm.nih.gov/geo/series/GSE109nnn/GSE109767/suppl;https://www.ncbi.nlm.nih.gov/Traces/study/?acc=PRJNA431996",30305709,SRP131655,"Shijun Shen","Jun 26, 2018"
GSE109768,"The landscape of accessible chromatin in mouse and human primordial germ cells (PGC) [human DNase-Hypersensitivity]","Genome binding/occupancy profiling by high throughput sequencing","Homo sapiens",23,,"BED;SRA Run Selector","ftp://ftp.ncbi.nlm.nih.gov/geo/series/GSE109nnn/GSE109768/suppl;https://www.ncbi.nlm.nih.gov/Traces/study/?acc=PRJNA431995",30305709,SRP131656,"Shijun Shen","Jun 26, 2018"
GSE109769,"The landscape of accessible chromatin in mouse and human primordial germ cells (PGC) [mouse ChIP-seq]","Genome binding/occupancy profiling by high throughput sequencing","Mus musculus",9,,"BW;SRA Run Selector","ftp://ftp.ncbi.nlm.nih.gov/geo/series/GSE109nnn/GSE109769/suppl;https://www.ncbi.nlm.nih.gov/Traces/study/?acc=PRJNA431997",30305709,SRP131657,"Shijun Shen","Jun 26, 2018"
GSE109770,"The landscape of accessible chromatin in mouse and human primordial germ cells (PGC)","Genome binding/occupancy profiling by high throughput sequencing","Homo sapiens;Mus musculus",62,,"BED;BW","ftp://ftp.ncbi.nlm.nih.gov/geo/series/GSE109nnn/GSE109770/suppl",30305709,,"Shijun Shen","Jun 26, 2018"
GSE109804,"Germline DNA replication timing shapes mammalian genome composition","Other","Mus musculus",48,,"BEDGRAPH;SRA Run Selector","ftp://ftp.ncbi.nlm.nih.gov/geo/series/GSE109nnn/GSE109804/suppl;https://www.ncbi.nlm.nih.gov/Traces/study/?acc=PRJNA432066",,SRP131691,"Itamar Simon","Jun 26, 2018"
GSE109991,"Slfn2 Regulates Type I Interferon Responses by Modulating the NFĸB Pathway","Expression profiling by high throughput sequencing","Mus musculus",10,,"TXT","ftp://ftp.ncbi.nlm.nih.gov/geo/series/GSE109nnn/GSE109991/suppl",29866656,,"Mariafausta Fischietti","Jun 26, 2018"
GSE110044,"Broad-spectrum adaptive antibiotic resistance associated with Pseudomonas aeruginosa mucin-dependent surfing motility","Expression profiling by high throughput sequencing","Pseudomonas aeruginosa UCBPP-PA14",18,,"TXT","ftp://ftp.ncbi.nlm.nih.gov/geo/series/GSE110nnn/GSE110044/suppl",29967020,,"Evelyn Sun","Jun 26, 2018"
GSE111157,"Modulating Immune Cells to Prevent Breast Cancer Lung Metastasis","Expression profiling by high throughput sequencing","Mus musculus",13,,"CSV;SRA Run Selector","ftp://ftp.ncbi.nlm.nih.gov/geo/series/GSE111nnn/GSE111157/suppl;https://www.ncbi.nlm.nih.gov/Traces/study/?acc=PRJNA436027",30154549,SRP133520,"John N Hutchinson","Jun 26, 2018"
GSE111217,"Histone H3 T11 phosphorylation by Sch9 and CK2 regulates lifespan by controlling the nutritional stress response [RNA-seq]","Expression profiling by high throughput sequencing","Saccharomyces cerevisiae",24,,"TXT;SRA Run Selector","ftp://ftp.ncbi.nlm.nih.gov/geo/series/GSE111nnn/GSE111217/suppl;https://www.ncbi.nlm.nih.gov/Traces/study/?acc=PRJNA436209",29938647,SRP133714,"Madelaine Gogol","Jun 26, 2018"
GSE111218,"Histone H3 T11 phosphorylation by Sch9 and CK2 regulates lifespan by controlling the nutritional stress response [ChIP-seq]","Genome binding/occupancy profiling by high throughput sequencing","Saccharomyces cerevisiae",8,,"BW;SRA Run Selector","ftp://ftp.ncbi.nlm.nih.gov/geo/series/GSE111nnn/GSE111218/suppl;https://www.ncbi.nlm.nih.gov/Traces/study/?acc=PRJNA436208",29938647,SRP133715,"Madelaine Gogol","Jun 26, 2018"
GSE111742,"Arabidopsis SE coordinates histone methyltransferases ATXR5/6 and RNA processing factor RDR6 to regulate transposon expression [Bisulfite-Seq]","Methylation profiling by high throughput sequencing","Arabidopsis thaliana",6,,"WIG;SRA Run Selector","ftp://ftp.ncbi.nlm.nih.gov/geo/series/GSE111nnn/GSE111742/suppl;https://www.ncbi.nlm.nih.gov/Traces/study/?acc=PRJNA438055",29920280,SRP135231,"Xiuren Zhang","Jun 26, 2018"
GSE111811,"Arabidopsis SE coordinates histone methyltransferases ATXR5/6 and RNA processing factor RDR6 to regulate transposon expression [ChIP-Seq]","Genome binding/occupancy profiling by high throughput sequencing","Arabidopsis thaliana",30,,"BEDGRAPH;SRA Run Selector","ftp://ftp.ncbi.nlm.nih.gov/geo/series/GSE111nnn/GSE111811/suppl;https://www.ncbi.nlm.nih.gov/Traces/study/?acc=PRJNA438239",29920280,SRP135664,"Xiuren Zhang","Jun 26, 2018"
GSE111812,"Arabidopsis SE coordinates histone methyltransferases ATXR5/6 and RNA processing factor RDR6 to regulate transposon expression [RNA-Seq]","Expression profiling by high throughput sequencing","Arabidopsis thaliana",24,,"TXT;SRA Run Selector","ftp://ftp.ncbi.nlm.nih.gov/geo/series/GSE111nnn/GSE111812/suppl;https://www.ncbi.nlm.nih.gov/Traces/study/?acc=PRJNA438240",29920280,SRP135665,"Xiuren Zhang","Jun 26, 2018"
GSE111813,"Arabidopsis SE coordinates histone methyltransferases ATXR5/6 and RNA processing factor RDR6 to regulate transposon expression [sRNA-Seq]","Non-coding RNA profiling by high throughput sequencing","Arabidopsis thaliana",23,,"TXT;SRA Run Selector","ftp://ftp.ncbi.nlm.nih.gov/geo/series/GSE111nnn/GSE111813/suppl;https://www.ncbi.nlm.nih.gov/Traces/study/?acc=PRJNA438241",29920280,SRP135666,"Xiuren Zhang","Jun 26, 2018"
GSE111814,"Arabidopsis SE coordinates histone methyltransferases ATXR5/6 and RNA processing factor RDR6 to regulate transposon expression","Methylation profiling by high throughput sequencing;Genome binding/occupancy profiling by high throughput sequencing;Expression profiling by high throughput sequencing;Non-coding RNA profiling by high throughput sequencing","Arabidopsis thaliana",83,,"BEDGRAPH;TXT;WIG","ftp://ftp.ncbi.nlm.nih.gov/geo/series/GSE111nnn/GSE111814/suppl",29920280,,"Xiuren Zhang","Jun 26, 2018"
GSE111891,"Ribosome profiling experiment in control or Elp3 depleted B16 melanoma cells","Expression profiling by high throughput sequencing;Other","Mus musculus",12,,"TXT;SRA Run Selector","ftp://ftp.ncbi.nlm.nih.gov/geo/series/GSE111nnn/GSE111891/suppl;https://www.ncbi.nlm.nih.gov/Traces/study/?acc=PRJNA438489",29925953,SRP135781,"pierre close","Jun 26, 2018"
GSE112578,"Endogenous transcripts control miRNA levels and activity in mammalian cells by a target-dependent miRNA degradation mechanism [RNA-Seq_2]","Expression profiling by high throughput sequencing","Mus musculus",9,,"XLS;SRA Run Selector","ftp://ftp.ncbi.nlm.nih.gov/geo/series/GSE112nnn/GSE112578/suppl;https://www.ncbi.nlm.nih.gov/Traces/study/?acc=PRJNA448326",30087332,SRP136884,"Francesco Nicassio","Jun 26, 2018"
GSE113267,"The transcription factor Rfx7 limits metabolism of NK cells promoting their maintenance and immunity","Expression profiling by high throughput sequencing","Mus musculus",12,,"TXT;SRA Run Selector","ftp://ftp.ncbi.nlm.nih.gov/geo/series/GSE113nnn/GSE113267/suppl;https://www.ncbi.nlm.nih.gov/Traces/study/?acc=PRJNA450613",29967452,SRP140675,"David Barras","Jun 26, 2018"
GSE114845,"Systems genetics of sleep regulation","Expression profiling by high throughput sequencing","Mus musculus",172,,"TXT;SRA Run Selector","ftp://ftp.ncbi.nlm.nih.gov/geo/series/GSE114nnn/GSE114845/suppl;https://www.ncbi.nlm.nih.gov/Traces/study/?acc=PRJNA472805",30091978,SRP148818,"Maxime Jan","Jun 26, 2018"
GSE115578,"RNA-seq of Hs578T cells with TET1 knockout","Expression profiling by high throughput sequencing","Homo sapiens",6,,"CSV;SRA Run Selector","ftp://ftp.ncbi.nlm.nih.gov/geo/series/GSE115nnn/GSE115578/suppl;https://www.ncbi.nlm.nih.gov/Traces/study/?acc=PRJNA475534",,SRP150212,"Jozef Madzo","Jun 26, 2018"
GSE115580,"RNA-seq of cells with TET1 knockout","Expression profiling by high throughput sequencing","Homo sapiens",18,,,,29891505,,"Jozef Madzo","Jun 26, 2018"
GSE115827,"RNA-seq data from human SGBS adipocytes differentiated with marine oxohexadecenoic acids","Expression profiling by high throughput sequencing","Homo sapiens",12,,"XLSX;SRA Run Selector","ftp://ftp.ncbi.nlm.nih.gov/geo/series/GSE115nnn/GSE115827/suppl;https://www.ncbi.nlm.nih.gov/Traces/study/?acc=PRJNA476151",29940464,SRP150555,"Thomas Sæther","Jun 26, 2018"
GSE116028,"Molecular subgroups of adult medulloblastoma: a long-term single-institution study","Expression profiling by array","Homo sapiens",13,,"TXT","ftp://ftp.ncbi.nlm.nih.gov/geo/series/GSE116nnn/GSE116028/suppl",27106407,,"zhao fu","Jun 26, 2018"
GSE116163,"DNA methylation oscillations at CpG poor enhancers in primed embryonic stem cells [amplicon-Seq]","Methylation profiling by high throughput sequencing","Mus musculus",96,,"COV;SRA Run Selector","ftp://ftp.ncbi.nlm.nih.gov/geo/series/GSE116nnn/GSE116163/suppl;https://www.ncbi.nlm.nih.gov/Traces/study/?acc=PRJNA477530",30031774,SRP151135,"Felix Krueger","Jun 26, 2018"
GSE116165,"DNA methylation oscillations at CpG poor enhancers in primed embryonic stem cells [scRNA-Seq, scBS-Seq]","Expression profiling by high throughput sequencing;Methylation profiling by high throughput sequencing","Mus musculus",531,,"COV;TXT;SRA Run Selector","ftp://ftp.ncbi.nlm.nih.gov/geo/series/GSE116nnn/GSE116165/suppl;https://www.ncbi.nlm.nih.gov/Traces/study/?acc=PRJNA477527",30031774,SRP151137,"Felix Krueger","Jun 26, 2018"
GSE116209,"Comparative miRNA expression profiles in individuals with chronic or aggressive periodontitis","Other","Homo sapiens",18,,"TXT","ftp://ftp.ncbi.nlm.nih.gov/geo/series/GSE116nnn/GSE116209/suppl",30350903,,"Sérgio Amaral","Jun 26, 2018"
GSE116225,"Regulation of brown fat homeostasis by H19 lincRNA [I]","Expression profiling by high throughput sequencing","Mus musculus",8,,"TXT;SRA Run Selector","ftp://ftp.ncbi.nlm.nih.gov/geo/series/GSE116nnn/GSE116225/suppl;https://www.ncbi.nlm.nih.gov/Traces/study/?acc=PRJNA477820",30190464,SRP151267,"Jan-Wilhelm Kornfeld","Jun 26, 2018"
GSE116226,"Regulation of brown fat homeostasis by H19 lincRNA [II]","Expression profiling by high throughput sequencing","Mus musculus",24,,"TXT;SRA Run Selector","ftp://ftp.ncbi.nlm.nih.gov/geo/series/GSE116nnn/GSE116226/suppl;https://www.ncbi.nlm.nih.gov/Traces/study/?acc=PRJNA477821",30190464,SRP151268,"Jan-Wilhelm Kornfeld","Jun 26, 2018"
GSE116227,"Regulation of brown fat homeostasis by H19 lincRNA","Expression profiling by high throughput sequencing","Mus musculus",32,,,,30190464,,"Jan-Wilhelm Kornfeld","Jun 26, 2018"
GSE116231,"Optimizing genome editing strategy by primer-extension-mediated sequencing","Other","Homo sapiens",3,,"TXT;SRA Run Selector","ftp://ftp.ncbi.nlm.nih.gov/geo/series/GSE116nnn/GSE116231/suppl;https://www.ncbi.nlm.nih.gov/Traces/study/?acc=PRJNA477827",,SRP151271,"Mengzhu Liu","Jun 26, 2018"
GSE116234,"Bloodstream infection in leukemia","Expression profiling by high throughput sequencing","Mus musculus",22,,"TXT;SRA Run Selector","ftp://ftp.ncbi.nlm.nih.gov/geo/series/GSE116nnn/GSE116234/suppl;https://www.ncbi.nlm.nih.gov/Traces/study/?acc=PRJNA477837",,SRP151280,"Peter Gyarmati","Jun 26, 2018"
GSE116243,"Isolation and culture of carotid atherosclerotic plaque inner mass cells","Expression profiling by high throughput sequencing","Homo sapiens",4,,"XLSX;SRA Run Selector","ftp://ftp.ncbi.nlm.nih.gov/geo/series/GSE116nnn/GSE116243/suppl;https://www.ncbi.nlm.nih.gov/Traces/study/?acc=PRJNA477848",,SRP151297,"Petr Laktionov","Jun 26, 2018"
GSE116245,"Acinetobacter baumannii transcriptome-level alterations upon omega76 exposure","Expression profiling by array","Acinetobacter baumannii",8,,"TXT","ftp://ftp.ncbi.nlm.nih.gov/geo/series/GSE116nnn/GSE116245/suppl",,,"Deepesh Nagarajan","Jun 26, 2018"
GSE116246,"Transition between fermentation and respiration determines history-dependent behavior in fluctuating carbon sources","Expression profiling by high throughput sequencing","Saccharomyces cerevisiae",60,,"CSV;SRA Run Selector","ftp://ftp.ncbi.nlm.nih.gov/geo/series/GSE116nnn/GSE116246/suppl;https://www.ncbi.nlm.nih.gov/Traces/study/?acc=PRJNA477853",30299256,SRP151306,"Abbas Jariani","Jun 26, 2018"
GSE70268,"RNA-seq of cytosolic and chromatin-associated transcripts following TNFα and Spt5 KD","Expression profiling by high throughput sequencing","Homo sapiens",8,,"XLSX;SRA Run Selector","ftp://ftp.ncbi.nlm.nih.gov/geo/series/GSE70nnn/GSE70268/suppl;https://www.ncbi.nlm.nih.gov/Traces/study/?acc=PRJNA288134",26903558,SRP059880,"Rivka Dikstein","Jun 25, 2018"
GSE75975,"Genome-scale DNA methylation oscillations in pluripotent cells","Methylation profiling by high throughput sequencing;Expression profiling by high throughput sequencing","Mus musculus",765,,"COV;TXT","ftp://ftp.ncbi.nlm.nih.gov/geo/series/GSE75nnn/GSE75975/suppl",,,"Felix Krueger","Jun 25, 2018"
GSE84098,"Zeb2 is Essential for Bergmann Glial Development and Cerebellar Organization","Expression profiling by high throughput sequencing","Mus musculus",6,,"TXT;SRA Run Selector","ftp://ftp.ncbi.nlm.nih.gov/geo/series/GSE84nnn/GSE84098/suppl;https://www.ncbi.nlm.nih.gov/Traces/study/?acc=PRJNA328019",29326173,SRP077994,"Richard Lu","Jun 25, 2018"
GSE99217,"Expression data from ovarian cells growing in three dimensional culture (Matrigel) with altered expression of miR-200s","Expression profiling by array","Homo sapiens",13,,"CEL","ftp://ftp.ncbi.nlm.nih.gov/geo/series/GSE99nnn/GSE99217/suppl",,,"pui wah Choi","Jun 25, 2018"
GSE99254,"T cell landscape of non-small cell lung cancer revealed by deep single-cell RNA sequencing","Expression profiling by high throughput sequencing","Homo sapiens",14,,"TXT","ftp://ftp.ncbi.nlm.nih.gov/geo/series/GSE99nnn/GSE99254/suppl",29942094,,"zemin zhang","Jun 25, 2018"
GSE100757,"LSD1 inhibition exerts its anti-leukemic effect by recommissioning PU.1- and C/EBPα-dependent enhancers in AML [ATAC-seq]","Genome binding/occupancy profiling by high throughput sequencing","Homo sapiens;Mus musculus",14,,"BED;BW;SRA Run Selector","ftp://ftp.ncbi.nlm.nih.gov/geo/series/GSE100nnn/GSE100757/suppl;https://www.ncbi.nlm.nih.gov/Traces/study/?acc=PRJNA392930",29453291,SRP110999,"Richard Koche","Jun 25, 2018"
GSE100758,"LSD1 inhibition exerts its anti-leukemic effect by recommissioning PU.1- and C/EBPα-dependent enhancers in AML [ChIP-seq]","Genome binding/occupancy profiling by high throughput sequencing","Mus musculus",6,,"BED;BW;SRA Run Selector","ftp://ftp.ncbi.nlm.nih.gov/geo/series/GSE100nnn/GSE100758/suppl;https://www.ncbi.nlm.nih.gov/Traces/study/?acc=PRJNA392931",29453291,SRP110997,"Richard Koche","Jun 25, 2018"
GSE100759,"LSD1 inhibition exerts its anti-leukemic effect by recommissioning PU.1- and C/EBPα-dependent enhancers in AML","Genome binding/occupancy profiling by high throughput sequencing","Homo sapiens;Mus musculus",20,,"BW","ftp://ftp.ncbi.nlm.nih.gov/geo/series/GSE100nnn/GSE100759/suppl",29453291,,"Richard Koche","Jun 25, 2018"
GSE101750,"Transcriptomic analysis of senescent cells upon PTBP1 knockdown.","Expression profiling by high throughput sequencing","Homo sapiens",12,,"XLSX;SRA Run Selector","ftp://ftp.ncbi.nlm.nih.gov/geo/series/GSE101nnn/GSE101750/suppl;https://www.ncbi.nlm.nih.gov/Traces/study/?acc=PRJNA395363",29990503,SRP113324,"Gopuraja Dharmalingam","Jun 25, 2018"
GSE101758,"Transcriptomic analysis of senescent cells upon EXOC7 knockdown.","Expression profiling by high throughput sequencing","Homo sapiens",15,,"XLSX;SRA Run Selector","ftp://ftp.ncbi.nlm.nih.gov/geo/series/GSE101nnn/GSE101758/suppl;https://www.ncbi.nlm.nih.gov/Traces/study/?acc=PRJNA395378",29990503,SRP113329,"Gopuraja Dharmalingam","Jun 25, 2018"
GSE101763,"Transcriptomic analysis of senescent cells upon PTBP1 knockdown and EXOC7 knockdown","Expression profiling by high throughput sequencing","Homo sapiens",27,,,,29990503,,"Gopuraja Dharmalingam","Jun 25, 2018"
GSE101766,"Transcriptomic analysis of senescent cells upon knockdown of 38 candidate SASP-specific regulators.","Expression profiling by high throughput sequencing","Homo sapiens",276,,"XLSX;SRA Run Selector","ftp://ftp.ncbi.nlm.nih.gov/geo/series/GSE101nnn/GSE101766/suppl;https://www.ncbi.nlm.nih.gov/Traces/study/?acc=PRJNA395386",,SRP113334,"Gopuraja Dharmalingam","Jun 25, 2018"
GSE101883,"Cerebellar gene expression in Δα6-Cre Crfr1 knock-out mice","Expression profiling by high throughput sequencing","Mus musculus",12,,"CSV;SRA Run Selector","ftp://ftp.ncbi.nlm.nih.gov/geo/series/GSE101nnn/GSE101883/suppl;https://www.ncbi.nlm.nih.gov/Traces/study/?acc=PRJNA395846",29934353,SRP113587,"Mareen Engel","Jun 25, 2018"
GSE103244,"The primary transcriptome of Acinetobacter baumannii ATCC 17978","Expression profiling by high throughput sequencing","Acinetobacter baumannii",5,,"GR;SRA Run Selector","ftp://ftp.ncbi.nlm.nih.gov/geo/series/GSE103nnn/GSE103244/suppl;https://www.ncbi.nlm.nih.gov/Traces/study/?acc=PRJNA400605",29986115,SRP116399,"Carsten Kroeger","Jun 25, 2018"
GSE108239,"Analysis of HERV transcriptome in PBMCs upon dose dependent LPS stimulations identifies HERVs and genes shared signaling pathways","Expression profiling by array","Homo sapiens",45,,"CEL","ftp://ftp.ncbi.nlm.nih.gov/geo/series/GSE108nnn/GSE108239/suppl",29976163,,"Julien Textoris","Jun 25, 2018"
GSE111219,"Histone H3 T11 phosphorylation by Sch9 and CK2 regulates lifespan by controlling the nutritional stress response","Expression profiling by high throughput sequencing;Genome binding/occupancy profiling by high throughput sequencing","Saccharomyces cerevisiae",32,,"BW","ftp://ftp.ncbi.nlm.nih.gov/geo/series/GSE111nnn/GSE111219/suppl",29938647,,"Madelaine Gogol","Jun 25, 2018"
GSE111793,"Widespread intronic polyadenylation inactivates tumor suppressor genes in leukemia","Expression profiling by high throughput sequencing;Other","Homo sapiens",28,,"TXT;SRA Run Selector","ftp://ftp.ncbi.nlm.nih.gov/geo/series/GSE111nnn/GSE111793/suppl;https://www.ncbi.nlm.nih.gov/Traces/study/?acc=PRJNA438149",30150773,SRP135512,"Irtisha Singh","Jun 25, 2018"
GSE113958,"Arabidopsis thaliana leaf parallel analysis of RNA ends","Non-coding RNA profiling by high throughput sequencing","Arabidopsis thaliana",3,,"CSV;SRA Run Selector","ftp://ftp.ncbi.nlm.nih.gov/geo/series/GSE113nnn/GSE113958/suppl;https://www.ncbi.nlm.nih.gov/Traces/study/?acc=PRJNA454678",30007348,SRP144354,"Josh Thody","Jun 25, 2018"
GSE114935,"UGA Folic acid supplementation in pregnant women","Methylation profiling by genome tiling array","Homo sapiens",47,,"IDAT","ftp://ftp.ncbi.nlm.nih.gov/geo/series/GSE114nnn/GSE114935/suppl",,,"Anna K Knight","Jun 25, 2018"
GSE115179,"RNAseq of CD31-/CD45- pneumocytes after 4 weeks of KRasG12V activation by tamoxifen","Expression profiling by high throughput sequencing","Mus musculus",8,,"TXT;SRA Run Selector","ftp://ftp.ncbi.nlm.nih.gov/geo/series/GSE115nnn/GSE115179/suppl;https://www.ncbi.nlm.nih.gov/Traces/study/?acc=PRJNA474025",30021836,SRP149483,"ROBERTO MARTIN-HERNANDEZ","Jun 25, 2018"
GSE115186,"RNAseq of CD31-/CD45- pneumocytes after 4 weeks of KRasG12V activation by tamoxifen and 2 weeks of chase","Expression profiling by high throughput sequencing","Mus musculus",8,,"TXT;SRA Run Selector","ftp://ftp.ncbi.nlm.nih.gov/geo/series/GSE115nnn/GSE115186/suppl;https://www.ncbi.nlm.nih.gov/Traces/study/?acc=PRJNA474037",30021836,SRP149487,"ROBERTO MARTIN-HERNANDEZ","Jun 25, 2018"
GSE115711,"Three autoinducer molecules act synergistically to control virulence gene expression in Vibrio cholerae [dataset 1]","Expression profiling by high throughput sequencing","Vibrio cholerae",24,,"XLSX;SRA Run Selector","ftp://ftp.ncbi.nlm.nih.gov/geo/series/GSE115nnn/GSE115711/suppl;https://www.ncbi.nlm.nih.gov/Traces/study/?acc=PRJNA475802",,SRP150373,"Kai Papenfort","Jun 25, 2018"
GSE115715,"VqmR sRNA target identification","Expression profiling by high throughput sequencing","Vibrio cholerae",6,,"XLSX;SRA Run Selector","ftp://ftp.ncbi.nlm.nih.gov/geo/series/GSE115nnn/GSE115715/suppl;https://www.ncbi.nlm.nih.gov/Traces/study/?acc=PRJNA475803",,SRP150374,"Kai Papenfort","Jun 25, 2018"
GSE115717,"Three autoinducer molecules act synergistically to control virulence gene expression in Vibrio cholerae ","Expression profiling by high throughput sequencing","Vibrio cholerae",30,,,,30649554,,"Kai Papenfort","Jun 25, 2018"
GSE115814,"Bacterial RNA-Seq","Expression profiling by high throughput sequencing","mouse gut metagenome",45,,"TXT;SRA Run Selector","ftp://ftp.ncbi.nlm.nih.gov/geo/series/GSE115nnn/GSE115814/suppl;https://www.ncbi.nlm.nih.gov/Traces/study/?acc=PRJNA476301",30042191,SRP150618,"Keiichiro Suzuki","Jun 25, 2018"
GSE115902,"Bacterial 16SrRNA","Expression profiling by high throughput sequencing","Bacteria",95,,"TXT;SRA Run Selector","ftp://ftp.ncbi.nlm.nih.gov/geo/series/GSE115nnn/GSE115902/suppl;https://www.ncbi.nlm.nih.gov/Traces/study/?acc=PRJNA476417",30042191,SRP150676,"Keiichiro Suzuki","Jun 25, 2018"
GSE116095,"Identification of Exosome-Like Nanoparticle Derived MicroRNAs from Eleven Edible Plants","Non-coding RNA profiling by high throughput sequencing","Actinidia chinensis;Citrus reticulata;Citrus x paradisi;Cocos nucifera;Cucumis melo;Glycine max;Pisum sativum;Pyrus;Solanum lycopersicum;Vaccinium;Zingiber officinale",11,,"TXT;XLSX;SRA Run Selector","ftp://ftp.ncbi.nlm.nih.gov/geo/series/GSE116nnn/GSE116095/suppl;https://www.ncbi.nlm.nih.gov/Traces/study/?acc=PRJNA477334",,SRP151038,"Juan Xiao","Jun 25, 2018"
GSE116193,"Enhancer histone-QTLs are enriched on autoimmune risk haplotypes and influence gene expression within chromatin networks.","Expression profiling by high throughput sequencing;Genome binding/occupancy profiling by high throughput sequencing","Homo sapiens",112,,"TXT;SRA Run Selector","ftp://ftp.ncbi.nlm.nih.gov/geo/series/GSE116nnn/GSE116193/suppl;https://www.ncbi.nlm.nih.gov/Traces/study/?acc=PRJNA477708",30046115,SRP151215,"Patrick M Gaffney","Jun 25, 2018"
GSE70218,"Charaterization of the molecular impacts of one week high fructose diet in human skeletal muscle","Expression profiling by array","Homo sapiens",20,,"CEL","ftp://ftp.ncbi.nlm.nih.gov/geo/series/GSE70nnn/GSE70218/suppl",,,"emmanuelle meugnier","Jun 24, 2018"
GSE97486,"Human telomerase requires TCAB1 for catalytic function and for shaping RNA component conformation","Other","Homo sapiens",36,,"TXT","ftp://ftp.ncbi.nlm.nih.gov/geo/series/GSE97nnn/GSE97486/suppl",29804836,,"Pedro J Batista","Jun 24, 2018"
GSE108738,"Transcriptome analysis of females and males following knockdown serine/threonine protein phosphatase 1 catalytic subunit encoding genes(Sj-pp1c) in Schistosoma japonicum","Expression profiling by high throughput sequencing","Schistosoma japonicum",12,,"TXT;SRA Run Selector","ftp://ftp.ncbi.nlm.nih.gov/geo/series/GSE108nnn/GSE108738/suppl;https://www.ncbi.nlm.nih.gov/Traces/study/?acc=PRJNA428455",29879373,SRP128030,"Lu Zhao","Jun 24, 2018"
GSE110686,"Single-cell RNA-seq of six thousand purified CD3+ T cells from human primary TNBCs","Expression profiling by high throughput sequencing","Homo sapiens",2,,"MTX;TSV;SRA Run Selector","ftp://ftp.ncbi.nlm.nih.gov/geo/series/GSE110nnn/GSE110686/suppl;https://www.ncbi.nlm.nih.gov/Traces/study/?acc=PRJNA434278",29942092,SRP132943,"Chengzhong Ye","Jun 24, 2018"
GSE110938,"Differential gene expression of tissue-resident memory and effector memory T cells in breast cancer","Expression profiling by high throughput sequencing","Homo sapiens",6,,"TSV","ftp://ftp.ncbi.nlm.nih.gov/geo/series/GSE110nnn/GSE110938/suppl",29942092,,"Chengzhong Ye","Jun 24, 2018"
GSE113770,"Plasmacytoid dendritic cell heterogeneity is defined by CXCL10 expression following TLR7 stimulation","Expression profiling by high throughput sequencing","Mus musculus",8,,"TXT;SRA Run Selector","ftp://ftp.ncbi.nlm.nih.gov/geo/series/GSE113nnn/GSE113770/suppl;https://www.ncbi.nlm.nih.gov/Traces/study/?acc=PRJNA453966",29870118,SRP143477,"Carolyn A de Graaf","Jun 24, 2018"
GSE114952,"Single-Cell RNA-Seq Reveals Dynamic Early Embryonic-like Programs during Chemical Reprogramming","Expression profiling by high throughput sequencing;Methylation profiling by high throughput sequencing","Mus musculus",30,,"BEDGRAPH;XLSX;SRA Run Selector","ftp://ftp.ncbi.nlm.nih.gov/geo/series/GSE114nnn/GSE114952/suppl;https://www.ncbi.nlm.nih.gov/Traces/study/?acc=PRJNA473270",,SRP149052,"Yifang Liu","Jun 24, 2018"
GSE100399,"Transcriptomic sequencing after MALAT1 knockdown in A431 cells","Expression profiling by high throughput sequencing","Homo sapiens",2,,"XLSX;SRA Run Selector","ftp://ftp.ncbi.nlm.nih.gov/geo/series/GSE100nnn/GSE100399/suppl;https://www.ncbi.nlm.nih.gov/Traces/study/?acc=PRJNA391569",,SRP110233,"Lin Gao","Jun 23, 2018"
GSE105104,"MicroRNA profiles of murine macrophages infected with different strains of Leptospira spp","Non-coding RNA profiling by array","Mus musculus;synthetic construct",12,,"CEL","ftp://ftp.ncbi.nlm.nih.gov/geo/series/GSE105nnn/GSE105104/suppl",30129936,,"flavia lombardi lopes","Jun 23, 2018"
GSE115865,"Neurotropism and Neurotoxicity Comparison among Retrograde Viral Tracers and Their Combinational Application in High-order Circuit Tracing","Expression profiling by high throughput sequencing","Mus musculus",73,,"XLS;SRA Run Selector","ftp://ftp.ncbi.nlm.nih.gov/geo/series/GSE115nnn/GSE115865/suppl;https://www.ncbi.nlm.nih.gov/Traces/study/?acc=PRJNA476331",30736827,SRP150630,"Gang Cao","Jun 23, 2018"
GSE116128,"Precardiac Organoids Form Two Heart Fields via Bmp/Wnt Signaling","Expression profiling by high throughput sequencing","Mus musculus",93,,"CSV;SRA Run Selector","ftp://ftp.ncbi.nlm.nih.gov/geo/series/GSE116nnn/GSE116128/suppl;https://www.ncbi.nlm.nih.gov/Traces/study/?acc=PRJNA477442",,SRP151100,"Chulan Kwon","Jun 23, 2018"
GSE116148,"MicroRNA array analysis from infected and uninfected PBMC samples","Non-coding RNA profiling by array","Homo sapiens;synthetic construct",20,,"CEL;XLSX","ftp://ftp.ncbi.nlm.nih.gov/geo/series/GSE116nnn/GSE116148/suppl",30692590,,"Laurent MANCHON","Jun 23, 2018"
GSE116149,"Whole genome expression array of malaria infected human hosts","Expression profiling by array","Homo sapiens",24,,"IDAT;TXT","ftp://ftp.ncbi.nlm.nih.gov/geo/series/GSE116nnn/GSE116149/suppl",30337251,,"Bijurica Chakraborty","Jun 23, 2018"
GSE116164,"Deficiency in SUMOylation, by injection of Gam1 mRNA into one cell embryos, leads to differential expression of genes in Xenopus","Expression profiling by array","Xenopus laevis",18,,"CEL","ftp://ftp.ncbi.nlm.nih.gov/geo/series/GSE116nnn/GSE116164/suppl",,,"Paul Huber","Jun 23, 2018"
GSE116166,"Chemical Screen Identifies a Geroprotective Role of Quercetin in Premature and Physiological Aging","Expression profiling by high throughput sequencing","Homo sapiens",4,,"TSV;SRA Run Selector","ftp://ftp.ncbi.nlm.nih.gov/geo/series/GSE116nnn/GSE116166/suppl;https://www.ncbi.nlm.nih.gov/Traces/study/?acc=PRJNA477529",30069858,SRP151134,"Zunpeng Liu","Jun 23, 2018"
GSE116168,"The cis-regulatory function of long mononucleotide A-T repeats in maintaining high transcription activity in cancer","Expression profiling by array","Homo sapiens",6,,"TXT","ftp://ftp.ncbi.nlm.nih.gov/geo/series/GSE116nnn/GSE116168/suppl",,,"Piyapat Pin-on","Jun 23, 2018"
GSE116174,"Gene expression profile in human hepatocellular carcinoma","Expression profiling by array","Homo sapiens",64,,"CEL;XLS","ftp://ftp.ncbi.nlm.nih.gov/geo/series/GSE116nnn/GSE116174/suppl",,,"Jincheng Guo","Jun 23, 2018"
GSE116175,"Transcriptome analysis of SH-SY5Y and SK-N-AS neuroblastoma cells with KIT gene knockdown","Expression profiling by array","Homo sapiens",10,,"TXT","ftp://ftp.ncbi.nlm.nih.gov/geo/series/GSE116nnn/GSE116175/suppl",,,"Maria Vladimirovna Suntsova","Jun 23, 2018"
GSE116182,"MicroRNA expression profile in human hepatocellular carcinoma","Non-coding RNA profiling by high throughput sequencing","Homo sapiens;synthetic construct",64,,"CEL;TXT;XLS","ftp://ftp.ncbi.nlm.nih.gov/geo/series/GSE116nnn/GSE116182/suppl",,,"Jincheng Guo","Jun 23, 2018"
GSE116183,"KCa3.1 depletion effect on hepatocellular carcinoma cell line Huh7","Expression profiling by array","Homo sapiens",6,,"CEL","ftp://ftp.ncbi.nlm.nih.gov/geo/series/GSE116nnn/GSE116183/suppl",,,"Yehui Du","Jun 23, 2018"
GSE70107,"Differential regulation of cerebral metabolic genes after hyperglycemic and normoglycemic cardiac arrest","Expression profiling by array","Sus scrofa",11,,"CEL","ftp://ftp.ncbi.nlm.nih.gov/geo/series/GSE70nnn/GSE70107/suppl",29306595,,"Rickard P.F. Lindblom","Jun 22, 2018"
GSE76235,"LRL in liver and lung from tumor-stimulating mice.","Expression profiling by array","Mus musculus",2,,"CEL;CHP","ftp://ftp.ncbi.nlm.nih.gov/geo/series/GSE76nnn/GSE76235/suppl",29930175,,"Sachie Hiratsuka","Jun 22, 2018"
GSE76506,"Leukocytes in non-tumor-bearing and tumor-bearing mice","Expression profiling by array","Mus musculus",3,,"CEL","ftp://ftp.ncbi.nlm.nih.gov/geo/series/GSE76nnn/GSE76506/suppl",29930175,,"Akira Watanabe","Jun 22, 2018"
GSE83656,"Global transcriptional response of wild type and transcription factor deletion strains of Saccharomyces cerevisiae to the environmental stress of cold shock and subsequent recovery","Expression profiling by array","Saccharomyces cerevisiae",137,,"GPR","ftp://ftp.ncbi.nlm.nih.gov/geo/series/GSE83nnn/GSE83656/suppl",,,"Kam D. Dahlquist","Jun 22, 2018"
GSE97640,"Gene expression profiling in pre-leukemic hematopoietic stem cells carrying both NrasG12D/+ and Tet2+/- mutations","Expression profiling by high throughput sequencing","Mus musculus",12,,"TXT;SRA Run Selector","ftp://ftp.ncbi.nlm.nih.gov/geo/series/GSE97nnn/GSE97640/suppl;https://www.ncbi.nlm.nih.gov/Traces/study/?acc=PRJNA382535",29866713,SRP103800,"Qing Li","Jun 22, 2018"
GSE98287,"Manipulation of the gut microbiome as a strategy to treat the osteoarthritis of obesity","Expression profiling by high throughput sequencing","Mus musculus",16,,"TXT;SRA Run Selector","ftp://ftp.ncbi.nlm.nih.gov/geo/series/GSE98nnn/GSE98287/suppl;https://www.ncbi.nlm.nih.gov/Traces/study/?acc=PRJNA384586",29669931,SRP105344,"Jacquelyn A Lillis","Jun 22, 2018"
GSE99822,"zUMIs: a fast and flexible pipeline for RNA sequencing data with UMIs","Expression profiling by high throughput sequencing","Homo sapiens",96,,"TXT;SRA Run Selector","ftp://ftp.ncbi.nlm.nih.gov/geo/series/GSE99nnn/GSE99822/suppl;https://www.ncbi.nlm.nih.gov/Traces/study/?acc=PRJNA389727",29846586,SRP108854,"Christoph Ziegenhain","Jun 22, 2018"
GSE100361,"Gene expression of native Jurkat human leukemia cell line following 8h Brd4 inhibition by MMQO","Expression profiling by array","Homo sapiens",4,,"TXT","ftp://ftp.ncbi.nlm.nih.gov/geo/series/GSE100nnn/GSE100361/suppl",29343578,,"Albert Jordan","Jun 22, 2018"
GSE100362,"Gene expression of native Jurkat human leukemia cell line following 3h BET inhibition by MMQO or 3h HDAC inhibition by TSA","Expression profiling by array","Homo sapiens",8,,"TXT","ftp://ftp.ncbi.nlm.nih.gov/geo/series/GSE100nnn/GSE100362/suppl",29343578,,"Albert Jordan","Jun 22, 2018"
GSE102662,"Prep1 and Pbx2/4 dependent genes in zebraffish embryos","Expression profiling by high throughput sequencing","Danio rerio",12,,"TSV;SRA Run Selector","ftp://ftp.ncbi.nlm.nih.gov/geo/series/GSE102nnn/GSE102662/suppl;https://www.ncbi.nlm.nih.gov/Traces/study/?acc=PRJNA398335",29911973,SRP115456,"Franck Ladam","Jun 22, 2018"
GSE104015,"Total and AGO1 immunoprecipitated small RNA from Arabidopsis thaliana wild-type and ago1-57 mutant","Non-coding RNA profiling by high throughput sequencing","Arabidopsis thaliana",8,,"TXT;SRA Run Selector","ftp://ftp.ncbi.nlm.nih.gov/geo/series/GSE104nnn/GSE104015/suppl;https://www.ncbi.nlm.nih.gov/Traces/study/?acc=PRJNA407946",29848768,SRP118113,"Alexis Sarazin","Jun 22, 2018"
GSE104688,"Transcriptome data involved in Chinese tongue sole (Cynoglossus semilaevis) sexual growth dimorphism","Expression profiling by high throughput sequencing","Cynoglossus semilaevis",24,,"FA;TXT;SRA Run Selector","ftp://ftp.ncbi.nlm.nih.gov/geo/series/GSE104nnn/GSE104688/suppl;https://www.ncbi.nlm.nih.gov/Traces/study/?acc=PRJNA413516",29532338,SRP119515,"Na Wang","Jun 22, 2018"
GSE111467,"Expression data from Burkholderia multivorans mucoid and nonmucoid isolates","Expression profiling by array","Burkholderia cenocepacia J2315;Burkholderia multivorans;Burkholderia multivorans ATCC 17616",12,,"CEL","ftp://ftp.ncbi.nlm.nih.gov/geo/series/GSE111nnn/GSE111467/suppl",29914989,,"Leonilde Morais Moreira","Jun 22, 2018"
GSE112786,"Molecular characterization of neuroendocrine prostate cancer organoids and PDOX by RNA-seq","Expression profiling by high throughput sequencing","Homo sapiens",9,,"TXT;SRA Run Selector","ftp://ftp.ncbi.nlm.nih.gov/geo/series/GSE112nnn/GSE112786/suppl;https://www.ncbi.nlm.nih.gov/Traces/study/?acc=PRJNA449096",29921838,SRP137893,"Himisha Beltran","Jun 22, 2018"
GSE112829,"Methylation profile of neuroendocrine prostate cancer models","Methylation profiling by high throughput sequencing","Homo sapiens",3,,"TXT;SRA Run Selector","ftp://ftp.ncbi.nlm.nih.gov/geo/series/GSE112nnn/GSE112829/suppl;https://www.ncbi.nlm.nih.gov/Traces/study/?acc=PRJNA449098",29921838,SRP137894,"Himisha Beltran","Jun 22, 2018"
GSE112830,"Neuroendocrine prostate cancer models","Expression profiling by high throughput sequencing;Methylation profiling by high throughput sequencing","Homo sapiens",12,,"TXT","ftp://ftp.ncbi.nlm.nih.gov/geo/series/GSE112nnn/GSE112830/suppl",29921838,,"Himisha Beltran","Jun 22, 2018"
GSE114113,"Integrative multi-omics analysis of intestinal organoid differentiation","Expression profiling by high throughput sequencing;Genome binding/occupancy profiling by high throughput sequencing","Mus musculus",66,,"TXT;SRA Run Selector","ftp://ftp.ncbi.nlm.nih.gov/geo/series/GSE114nnn/GSE114113/suppl;https://www.ncbi.nlm.nih.gov/Traces/study/?acc=PRJNA464352",29945941,SRP144746,"Rik Lindeboom","Jun 22, 2018"
GSE114312,"A distinct lineage of origin reveals heterogeneity of plasmacytoid dendritic cells I","Expression profiling by high throughput sequencing","Mus musculus",12,,"TXT;SRA Run Selector","ftp://ftp.ncbi.nlm.nih.gov/geo/series/GSE114nnn/GSE114312/suppl;https://www.ncbi.nlm.nih.gov/Traces/study/?acc=PRJNA470936",29925996,SRP145345,"Robert Ivanek","Jun 22, 2018"
GSE114313,"A distinct lineage of origin reveals heterogeneity of plasmacytoid dendritic cells II (scRNAseq)","Expression profiling by high throughput sequencing","Mus musculus",6,,"TXT;SRA Run Selector","ftp://ftp.ncbi.nlm.nih.gov/geo/series/GSE114nnn/GSE114313/suppl;https://www.ncbi.nlm.nih.gov/Traces/study/?acc=PRJNA470937",29925996,SRP145346,"Robert Ivanek","Jun 22, 2018"
GSE114314,"A distinct lineage of origin reveals heterogeneity of plasmacytoid dendritic cells III","Expression profiling by high throughput sequencing","Mus musculus",16,,"TXT;SRA Run Selector","ftp://ftp.ncbi.nlm.nih.gov/geo/series/GSE114nnn/GSE114314/suppl;https://www.ncbi.nlm.nih.gov/Traces/study/?acc=PRJNA470939",29925996,SRP145350,"Robert Ivanek","Jun 22, 2018"
GSE114315,"Heterogeneity of plasmacytoid Dendritic Cells (pDCs) is revealed by a distinct lineage of origin","Expression profiling by high throughput sequencing","Mus musculus",34,,,,29925996,,"Robert Ivanek","Jun 22, 2018"
GSE114424,"Asf1a resolves bivalent chromatin domains for the induction of lineage-specific genes during mouse embryonic stem cell differentiation","Expression profiling by high throughput sequencing;Genome binding/occupancy profiling by high throughput sequencing","Mus musculus",20,,"BW;SRA Run Selector","ftp://ftp.ncbi.nlm.nih.gov/geo/series/GSE114nnn/GSE114424/suppl;https://www.ncbi.nlm.nih.gov/Traces/study/?acc=PRJNA471334",,SRP145668,"zhiguo zhang","Jun 22, 2018"
GSE114671,"Pitx2c regulates axis extension via mesendodermal cell migration","Expression profiling by array","Danio rerio",4,,"TXT;XLSX","ftp://ftp.ncbi.nlm.nih.gov/geo/series/GSE114nnn/GSE114671/suppl",29952749,,"Michelle M Collins","Jun 22, 2018"
GSE114922,"RNA sequencing of bone marrow CD34+ hematopoietic stem and progenitor cells from patients with myelodysplastic syndrome and healthy controls","Expression profiling by high throughput sequencing","Homo sapiens",131,,"TXT;SRA Run Selector","ftp://ftp.ncbi.nlm.nih.gov/geo/series/GSE114nnn/GSE114922/suppl;https://www.ncbi.nlm.nih.gov/Traces/study/?acc=PRJNA473835",29930011,SRP149374,"Eshita Sharma","Jun 22, 2018"
GSE115122,"POU2F3 is a master regulator of a tuft cell-like variant of small cell lung cancer [RNA-seq]","Expression profiling by high throughput sequencing","Homo sapiens",26,,"TXT;SRA Run Selector","ftp://ftp.ncbi.nlm.nih.gov/geo/series/GSE115nnn/GSE115122/suppl;https://www.ncbi.nlm.nih.gov/Traces/study/?acc=PRJNA473832",29945888,SRP149371,"Olaf Klingbeil","Jun 22, 2018"
GSE115123,"POU2F3 is a master regulator of a tuft cell-like variant of small cell lung cancer [ChIP-seq]","Genome binding/occupancy profiling by high throughput sequencing","Homo sapiens",62,,"BW;SRA Run Selector","ftp://ftp.ncbi.nlm.nih.gov/geo/series/GSE115nnn/GSE115123/suppl;https://www.ncbi.nlm.nih.gov/Traces/study/?acc=PRJNA473830",29945888,SRP149370,"Olaf Klingbeil","Jun 22, 2018"
GSE115124,"POU2F3 is a master regulator of a tuft cell-like variant of small cell lung cancer","Expression profiling by high throughput sequencing;Genome binding/occupancy profiling by high throughput sequencing","Homo sapiens",88,,"BW","ftp://ftp.ncbi.nlm.nih.gov/geo/series/GSE115nnn/GSE115124/suppl",29945888,,"Olaf Klingbeil","Jun 22, 2018"
GSE115854,"Screening of the target genes of 3miRNAs: has-miR-296-5p, has-miR-324-3p and has-miR-3928-3p.","Expression profiling by array","Homo sapiens",8,,"TXT","ftp://ftp.ncbi.nlm.nih.gov/geo/series/GSE115nnn/GSE115854/suppl",,,"Sotaro Kanematsu","Jun 22, 2018"
GSE116073,"Specific modulation of HIV RNA splicing and upregulation of anti-inflammatory miR-124 by the new drug candidate ABX464","Expression profiling by high throughput sequencing","Homo sapiens",32,,"TXT;SRA Run Selector","ftp://ftp.ncbi.nlm.nih.gov/geo/series/GSE116nnn/GSE116073/suppl;https://www.ncbi.nlm.nih.gov/Traces/study/?acc=PRJNA476952",30692590,SRP151000,"Jamal Tazi","Jun 22, 2018"
GSE116109,"Zebrafish embryos microinjected with ptGFP1 (control group) or ptGFP1-NOD1 (NOD1 group)","Expression profiling by RT-PCR","Danio rerio",6,,"TXT;XLS","ftp://ftp.ncbi.nlm.nih.gov/geo/series/GSE116nnn/GSE116109/suppl",,,"M X Chang","Jun 22, 2018"
GSE116113,"A single-cell RNA-Seq of human hepatocyte-derived liver progenitor-like cells","Expression profiling by high throughput sequencing","Homo sapiens",1,,"TXT;SRA Run Selector","ftp://ftp.ncbi.nlm.nih.gov/geo/series/GSE116nnn/GSE116113/suppl;https://www.ncbi.nlm.nih.gov/Traces/study/?acc=PRJNA477298",30361550,SRP158389,"yan hexin","Jun 22, 2018"
GSE116124,"RNA-sequencing (RNA-seq) of induced pluripotent stem cells (iPSC) and iPSC-derived astrocytes from control and Parkinson's disease patients carrying LRRK2 G2019S point mutation","Expression profiling by high throughput sequencing","Homo sapiens",10,,"TXT;SRA Run Selector","ftp://ftp.ncbi.nlm.nih.gov/geo/series/GSE116nnn/GSE116124/suppl;https://www.ncbi.nlm.nih.gov/Traces/study/?acc=PRJNA477337",,SRP151040,"Meritxell Pons","Jun 22, 2018"
GSE74983,"Expression data of CXCR5+ICOS+ (DP) and CXCR5-ICOS- (DN) CD8+T cells from classical Hodgkin Lymphoma (cHL) lymph nodes","Expression profiling by array","Homo sapiens",12,,"CEL","ftp://ftp.ncbi.nlm.nih.gov/geo/series/GSE74nnn/GSE74983/suppl",30087107,,"Patricia Amé-Thomas","Jun 21, 2018"
GSE84014,"Mutation of S-adenosyl-methionine synthetase 3 (SAMS3) releases transcriptional silencing by reducing DNA and histone methylation in Arabidopsis","Expression profiling by high throughput sequencing;Methylation profiling by high throughput sequencing","Arabidopsis thaliana",6,,"BEDGRAPH;XLSX;SRA Run Selector","ftp://ftp.ncbi.nlm.nih.gov/geo/series/GSE84nnn/GSE84014/suppl;https://www.ncbi.nlm.nih.gov/Traces/study/?acc=PRJNA327822",29572390,SRP077917,"Jinkui Cheng","Jun 21, 2018"
GSE90726,"RNA sequencing of ESC/iPSC-derived purified PAX6-GFP neural progenitors form control and Phelan-Mcdermid patients","Expression profiling by high throughput sequencing","Homo sapiens",6,,"TXT;SRA Run Selector","ftp://ftp.ncbi.nlm.nih.gov/geo/series/GSE90nnn/GSE90726/suppl;https://www.ncbi.nlm.nih.gov/Traces/study/?acc=PRJNA355605",30456368,SRP094413,"Reinhard Roessler","Jun 21, 2018"
GSE93755,"Constrained pioneering and partner factor redirection by PU.1 shape early T-cell gene regulation","Genome binding/occupancy profiling by high throughput sequencing;Expression profiling by high throughput sequencing;Other","Mus musculus",188,,"CSV;TXT;SRA Run Selector","ftp://ftp.ncbi.nlm.nih.gov/geo/series/GSE93nnn/GSE93755/suppl;https://www.ncbi.nlm.nih.gov/Traces/study/?acc=PRJNA362299",29924977,SRP096946,"Ellen Rothenberg","Jun 21, 2018"
GSE94428,"Capturing the onset of PRC2-mediated repressive domain formation (4C-Seq)","Other","Mus musculus",24,,"BEDGRAPH;SRA Run Selector","ftp://ftp.ncbi.nlm.nih.gov/geo/series/GSE94nnn/GSE94428/suppl;https://www.ncbi.nlm.nih.gov/Traces/study/?acc=PRJNA369671",29932905,SRP098748,"Danny Reinberg","Jun 21, 2018"
GSE94429,"Capturing the onset of PRC2-mediated repressive domain formation (ChIP-Seq)","Genome binding/occupancy profiling by high throughput sequencing","Mus musculus",25,,"BW;SRA Run Selector","ftp://ftp.ncbi.nlm.nih.gov/geo/series/GSE94nnn/GSE94429/suppl;https://www.ncbi.nlm.nih.gov/Traces/study/?acc=PRJNA369678",29932905,SRP098749,"Danny Reinberg","Jun 21, 2018"
GSE94430,"Capturing the onset of PRC2-mediated repressive domain formation (RNA-Seq)","Expression profiling by high throughput sequencing","Mus musculus",13,,"XLS;SRA Run Selector","ftp://ftp.ncbi.nlm.nih.gov/geo/series/GSE94nnn/GSE94430/suppl;https://www.ncbi.nlm.nih.gov/Traces/study/?acc=PRJNA369677",29932905,SRP098750,"Danny Reinberg","Jun 21, 2018"
GSE94431,"Capturing the onset of PRC2-mediated repressive domain formation","Expression profiling by high throughput sequencing;Genome binding/occupancy profiling by high throughput sequencing;Other","Mus musculus",107,,"BEDGRAPH;BW","ftp://ftp.ncbi.nlm.nih.gov/geo/series/GSE94nnn/GSE94431/suppl",29932905,,"Danny Reinberg","Jun 21, 2018"
GSE94790,"Comparison of lncRNA and mRNA expression profile among the livers of C57BL/6J control mice, high fat diet (HFD) mice and metformin treated mice","Expression profiling by array","Mus musculus",9,,"TXT","ftp://ftp.ncbi.nlm.nih.gov/geo/series/GSE94nnn/GSE94790/suppl",29466788,,"Qinghua Cui","Jun 21, 2018"
GSE94799,"Comparison of miRNA expression profile among the livers of C57BL/6J control mice, high fat diet (HFD) mice and metformin treated mice","Non-coding RNA profiling by array","Mus musculus",9,,"TXT","ftp://ftp.ncbi.nlm.nih.gov/geo/series/GSE94nnn/GSE94799/suppl",29466788,,"Qinghua Cui","Jun 21, 2018"
GSE94841,"Comparison of circRNA expression profile among the livers of C57BL/6J control mice, high fat diet (HFD) mice and metformin treated mice","Non-coding RNA profiling by array","Mus musculus",9,,"TXT","ftp://ftp.ncbi.nlm.nih.gov/geo/series/GSE94nnn/GSE94841/suppl",29466788,,"Qinghua Cui","Jun 21, 2018"
GSE94844,"Microarray profiling of non-coding RNAs and mRNA expression among the livers of C57BL/6J control mice, high fat diet (HFD) mice and metformin treated mice","Expression profiling by array;Non-coding RNA profiling by array","Mus musculus",27,,"TXT","ftp://ftp.ncbi.nlm.nih.gov/geo/series/GSE94nnn/GSE94844/suppl",29466788,,"Qinghua Cui","Jun 21, 2018"
GSE96855,"Instability of WT AAV2 genome and AAV promoter activities in the Baculovirus/Sf9 cells system","Expression profiling by high throughput sequencing","Spodoptera frugiperda",8,,"BEDGRAPH;FA;TXT;SRA Run Selector","ftp://ftp.ncbi.nlm.nih.gov/geo/series/GSE96nnn/GSE96855/suppl;https://www.ncbi.nlm.nih.gov/Traces/study/?acc=PRJNA379942",29975713,SRP102232,"Minna U Kaikkonen","Jun 21, 2018"
GSE96949,"An Atlas of Chromatin Accessibility in the Adult Human Brain","Genome binding/occupancy profiling by high throughput sequencing","Homo sapiens",115,,"BW;SRA Run Selector","ftp://ftp.ncbi.nlm.nih.gov/geo/series/GSE96nnn/GSE96949/suppl;https://www.ncbi.nlm.nih.gov/Traces/study/?acc=PRJNA380200",29945882,SRP102345,"Panos Roussos","Jun 21, 2018"
GSE99490,"Transcriptome analysis of the Golgi stress response","Expression profiling by high throughput sequencing","Homo sapiens",12,,"DIFF;SRA Run Selector","ftp://ftp.ncbi.nlm.nih.gov/geo/series/GSE99nnn/GSE99490/suppl;https://www.ncbi.nlm.nih.gov/Traces/study/?acc=PRJNA388648",29851555,SRP108348,"Francesc Lopez","Jun 21, 2018"
GSE100289,"New BRD4-inhibitor quinoline compound targets a distinct latent HIV-1 reservoir for re-activation from canonical “shock” drugs","Other","Homo sapiens",20,,"TXT;SRA Run Selector","ftp://ftp.ncbi.nlm.nih.gov/geo/series/GSE100nnn/GSE100289/suppl;https://www.ncbi.nlm.nih.gov/Traces/study/?acc=PRJNA391258",29343578,SRP109990,"Guillaume Filion","Jun 21, 2018"
GSE100305,"Transcriptome change in response to patulin stress in Pichia caribbica","Expression profiling by high throughput sequencing","Meyerozyma caribbica",6,,"FA;TXT;XLSX;SRA Run Selector","ftp://ftp.ncbi.nlm.nih.gov/geo/series/GSE100nnn/GSE100305/suppl;https://www.ncbi.nlm.nih.gov/Traces/study/?acc=PRJNA391295",,SRP110020,"Xiangfeng Zheng","Jun 21, 2018"
GSE102620,"Circadian Clock Regulation of Hepatic Lipid Metabolism by Modulation of m6A mRNA Methylation [siMettl3]","Other","Homo sapiens",8,,"TXT;SRA Run Selector","ftp://ftp.ncbi.nlm.nih.gov/geo/series/GSE102nnn/GSE102620/suppl;https://www.ncbi.nlm.nih.gov/Traces/study/?acc=PRJNA398233",29902206,SRP115397,"Eugene B Chang","Jun 21, 2018"
GSE103258,"Capturing the onset of PRC2-mediated repressive domain formation [ChIP-Seq, 2]","Genome binding/occupancy profiling by high throughput sequencing","Mus musculus",26,,"BW;SRA Run Selector","ftp://ftp.ncbi.nlm.nih.gov/geo/series/GSE103nnn/GSE103258/suppl;https://www.ncbi.nlm.nih.gov/Traces/study/?acc=PRJNA400681",29932905,SRP116584,"Danny Reinberg","Jun 21, 2018"
GSE103371,"Infectious laryngotracheitis virus induces paracrine apoptosis in uninfected cells through repression of p53 signalling","Expression profiling by high throughput sequencing","Gallus gallus",12,,"FA;TXT;SRA Run Selector","ftp://ftp.ncbi.nlm.nih.gov/geo/series/GSE103nnn/GSE103371/suppl;https://www.ncbi.nlm.nih.gov/Traces/study/?acc=PRJNA401702",29950417,SRP119329,"Hai Li","Jun 21, 2018"
GSE103487,"CPD-seq map of UV damage formation in human fibroblasts","Other","Homo sapiens",10,,"BED;WIG;SRA Run Selector","ftp://ftp.ncbi.nlm.nih.gov/geo/series/GSE103nnn/GSE103487/suppl;https://www.ncbi.nlm.nih.gov/Traces/study/?acc=PRJNA401738",29980679,SRP116921,"John J. Wyrick","Jun 21, 2018"
GSE104351,"Ogye body map RNA-seq data","Expression profiling by high throughput sequencing","Gallus gallus",40,,"FASTA;TXT;SRA Run Selector","ftp://ftp.ncbi.nlm.nih.gov/geo/series/GSE104nnn/GSE104351/suppl;https://www.ncbi.nlm.nih.gov/Traces/study/?acc=PRJNA412404",30010758,SRP119004,"Jin-Wu Nam","Jun 21, 2018"
GSE104355,"Ogye body map RRBS data","Methylation profiling by high throughput sequencing","Gallus gallus",20,,"FASTA;TXT;SRA Run Selector","ftp://ftp.ncbi.nlm.nih.gov/geo/series/GSE104nnn/GSE104355/suppl;https://www.ncbi.nlm.nih.gov/Traces/study/?acc=PRJNA412432",30010758,SRP119099,"Jin-Wu Nam","Jun 21, 2018"
GSE104358,"Ogye body map","Expression profiling by high throughput sequencing;Methylation profiling by high throughput sequencing","Gallus gallus",60,,"TXT","ftp://ftp.ncbi.nlm.nih.gov/geo/series/GSE104nnn/GSE104358/suppl",30010758,,"Jin-Wu Nam","Jun 21, 2018"
GSE104567,"Expression data from tibialis anterior muscle of rats fed different fatty acid enriched diets","Expression profiling by array","Rattus norvegicus",32,,"CEL","ftp://ftp.ncbi.nlm.nih.gov/geo/series/GSE104nnn/GSE104567/suppl",29727591,,"David M Mutch","Jun 21, 2018"
GSE104900,"Transcriptomic analysis of SM21 resistant and susceptible haploid Candida albicans strains","Expression profiling by high throughput sequencing","Candida albicans",36,,"TXT;SRA Run Selector","ftp://ftp.ncbi.nlm.nih.gov/geo/series/GSE104nnn/GSE104900/suppl;https://www.ncbi.nlm.nih.gov/Traces/study/?acc=PRJNA414107",29938200,SRP119857,"Thuyen Truong","Jun 21, 2018"
GSE106488,"Temporal Changes in Macrophage Phenotype after Peripheral Nerve Injury","Expression profiling by high throughput sequencing","Mus musculus",7,,"DIFF;TXT;SRA Run Selector","ftp://ftp.ncbi.nlm.nih.gov/geo/series/GSE106nnn/GSE106488/suppl;https://www.ncbi.nlm.nih.gov/Traces/study/?acc=PRJNA417027",29907154,SRP123574,"Jennifer K Grenier","Jun 21, 2018"
GSE106721,"CXCL12/CXCR4 signaling enhances human PSC-derived hematopoietic progenitor function and overcomes early in vivo transplantation failure","Expression profiling by array","Homo sapiens",15,,"CEL","ftp://ftp.ncbi.nlm.nih.gov/geo/series/GSE106nnn/GSE106721/suppl",29742393,,"Mickie Bhatia","Jun 21, 2018"
GSE108117,"Formaldehyde-crosslinking and immunoprecipitation (FA-CLIP) sequencing to identify ECT2 targets in Arabidopsis","Expression profiling by high throughput sequencing","Arabidopsis thaliana",6,,"TXT;SRA Run Selector","ftp://ftp.ncbi.nlm.nih.gov/geo/series/GSE108nnn/GSE108117/suppl;https://www.ncbi.nlm.nih.gov/Traces/study/?acc=PRJNA422491",29716990,SRP126798,"Lianhuan Wei","Jun 21, 2018"
GSE108118,"RNA-seq of WT (Col-0) and ect2 in Arabidopsis","Expression profiling by high throughput sequencing","Arabidopsis thaliana",4,,"TXT;SRA Run Selector","ftp://ftp.ncbi.nlm.nih.gov/geo/series/GSE108nnn/GSE108118/suppl;https://www.ncbi.nlm.nih.gov/Traces/study/?acc=PRJNA422492",29716990,SRP126799,"Lianhuan Wei","Jun 21, 2018"
GSE108119,"RNA-seq and FA-CLIP studying ECT2 function in Arabidopsis","Expression profiling by high throughput sequencing","Arabidopsis thaliana",10,,"TXT","ftp://ftp.ncbi.nlm.nih.gov/geo/series/GSE108nnn/GSE108119/suppl",29716990,,"Lianhuan Wei","Jun 21, 2018"
GSE108125,"Transcriptome-wide map of SRSF9 bining in the presence and absence of ADAR2 in HEK293T cells","Expression profiling by high throughput sequencing","Homo sapiens",5,,"BED;SRA Run Selector","ftp://ftp.ncbi.nlm.nih.gov/geo/series/GSE108nnn/GSE108125/suppl;https://www.ncbi.nlm.nih.gov/Traces/study/?acc=PRJNA422807",29992293,SRP126940,"Meng How Tan","Jun 21, 2018"
GSE108126,"Next Generation Sequencing Analysis of Wild Type, ADAR2 over expressing and ADAR2+SRSF9 overexpresssing HEK 293T cells Transcriptomes","Expression profiling by high throughput sequencing","Homo sapiens",3,,"TXT;SRA Run Selector","ftp://ftp.ncbi.nlm.nih.gov/geo/series/GSE108nnn/GSE108126/suppl;https://www.ncbi.nlm.nih.gov/Traces/study/?acc=PRJNA422806",29992293,SRP126941,"Meng How Tan","Jun 21, 2018"
GSE108127,"ADAR2 in HEK293T cells","Expression profiling by high throughput sequencing","Homo sapiens",20,,,,29992293,,"Meng How Tan","Jun 21, 2018"
GSE108155,"Differences in cell cycle status underlie transcriptional heterogeneity in the HSC compartment","Expression profiling by high throughput sequencing;Methylation profiling by high throughput sequencing","Mus musculus",24,,"TXT;XLSX;SRA Run Selector","ftp://ftp.ncbi.nlm.nih.gov/geo/series/GSE108nnn/GSE108155/suppl;https://www.ncbi.nlm.nih.gov/Traces/study/?acc=PRJNA422622",30021172,SRP126875,"Nicolas Rapin","Jun 21, 2018"
GSE109309,"The mammalian decidual cell evolved from a cellular stress response","Expression profiling by high throughput sequencing","Monodelphis domestica",15,,"TXT;SRA Run Selector","ftp://ftp.ncbi.nlm.nih.gov/geo/series/GSE109nnn/GSE109309/suppl;https://www.ncbi.nlm.nih.gov/Traces/study/?acc=PRJNA430399",30142145,SRP131081,"Cong Liang","Jun 21, 2018"
GSE109421,"Mycosis fungoides","Non-coding RNA profiling by array","Homo sapiens",29,,"TXT","ftp://ftp.ncbi.nlm.nih.gov/geo/series/GSE109nnn/GSE109421/suppl",29894486,,"Rebeca Manso","Jun 21, 2018"
GSE109580,"Capturing the onset of PRC2-mediated repressive domain formation[ChIP-Seq, 3]","Genome binding/occupancy profiling by high throughput sequencing","Mus musculus",19,,"BW;SRA Run Selector","ftp://ftp.ncbi.nlm.nih.gov/geo/series/GSE109nnn/GSE109580/suppl;https://www.ncbi.nlm.nih.gov/Traces/study/?acc=PRJNA431426",29932905,SRP131265,"Danny Reinberg","Jun 21, 2018"
GSE109938,"Cisplatin-DNA Adduct Repair of Transcribed Genes is Controlled by Two Circadian Programs in Mouse Tissues","Other","Mus musculus",24,,"TXT;SRA Run Selector","ftp://ftp.ncbi.nlm.nih.gov/geo/series/GSE109nnn/GSE109938/suppl;https://www.ncbi.nlm.nih.gov/Traces/study/?acc=PRJNA432384",29735688,SRP131887,"Yanyan Yang","Jun 21, 2018"
GSE110103,"RNA expression data of inner ear tissues in SOX10 p.R109W mutation pigs with inner ear malformation and wild-type pigs","Expression profiling by high throughput sequencing","Sus scrofa",5,,"CSV;SRA Run Selector","ftp://ftp.ncbi.nlm.nih.gov/geo/series/GSE110nnn/GSE110103/suppl;https://www.ncbi.nlm.nih.gov/Traces/study/?acc=PRJNA432847",29922125,SRP132142,"hao qingqing","Jun 21, 2018"
GSE110197,"Differential  gene expression in the stellate ganglia of 16 week wistar and spontaneously hypertensive rat samples","Expression profiling by high throughput sequencing","Rattus norvegicus",8,,"TXT;SRA Run Selector","ftp://ftp.ncbi.nlm.nih.gov/geo/series/GSE110nnn/GSE110197/suppl;https://www.ncbi.nlm.nih.gov/Traces/study/?acc=PRJNA433115",,SRP132271,"David Paterson","Jun 21, 2018"
GSE110324,"Small RNA sequencing of cow's peripheral plasma exosomes","Non-coding RNA profiling by high throughput sequencing","Bos taurus",12,,"TXT;SRA Run Selector","ftp://ftp.ncbi.nlm.nih.gov/geo/series/GSE110nnn/GSE110324/suppl;https://www.ncbi.nlm.nih.gov/Traces/study/?acc=PRJNA433478",29899331,SRP132458,"Gan Zhao","Jun 21, 2018"
GSE110784,"miRNA expression profiles of HeLa-Cas9 and NCI-N87 cells","Non-coding RNA profiling by high throughput sequencing","Homo sapiens",5,,"CSV;SRA Run Selector","ftp://ftp.ncbi.nlm.nih.gov/geo/series/GSE110nnn/GSE110784/suppl;https://www.ncbi.nlm.nih.gov/Traces/study/?acc=PRJNA434552",29720387,SRP133052,"Ren-Jang Lin","Jun 21, 2018"
GSE111029,"Gene expression analysis in mouse mature T-cells either upon overexpression of the NICD or knockout of H2A.Z","Expression profiling by high throughput sequencing","Mus musculus",20,,"TXT;SRA Run Selector","ftp://ftp.ncbi.nlm.nih.gov/geo/series/GSE111nnn/GSE111029/suppl;https://www.ncbi.nlm.nih.gov/Traces/study/?acc=PRJNA435618",,SRP133331,"Marek Bartkuhn","Jun 21, 2018"
GSE111334,"Prior activity of olfactory receptor neurons is required for proper sensory processing and behavior in Drosophila larvae","Expression profiling by high throughput sequencing","Drosophila melanogaster",9,,"TXT;SRA Run Selector","ftp://ftp.ncbi.nlm.nih.gov/geo/series/GSE111nnn/GSE111334/suppl;https://www.ncbi.nlm.nih.gov/Traces/study/?acc=PRJNA436648",29872087,SRP133822,"Jay Parrish","Jun 21, 2018"
GSE111657,"Genome-wide maps of PRDM16 binding sites and histone modifications [PRDM16 ChIP-Seq]","Genome binding/occupancy profiling by high throughput sequencing","Mus musculus",8,,"BW;NARROWPEAK;SRA Run Selector","ftp://ftp.ncbi.nlm.nih.gov/geo/series/GSE111nnn/GSE111657/suppl;https://www.ncbi.nlm.nih.gov/Traces/study/?acc=PRJNA437763",29779941,SRP134733,"Corey Harwell","Jun 21, 2018"
GSE111658,"Genome-wide maps of PRDM16 binding sites and histone modifications  [H3K27Ac ChIP-Seq]","Genome binding/occupancy profiling by high throughput sequencing","Mus musculus",12,,"BROADPEAK;BW;SRA Run Selector","ftp://ftp.ncbi.nlm.nih.gov/geo/series/GSE111nnn/GSE111658/suppl;https://www.ncbi.nlm.nih.gov/Traces/study/?acc=PRJNA437764",29779941,SRP134735,"Corey Harwell","Jun 21, 2018"
GSE111659,"Genome-wide maps of PRDM16 binding sites and histone modifications  [H3K4meChIP-Seq]","Genome binding/occupancy profiling by high throughput sequencing","Mus musculus",8,,"BROADPEAK;BW;SRA Run Selector","ftp://ftp.ncbi.nlm.nih.gov/geo/series/GSE111nnn/GSE111659/suppl;https://www.ncbi.nlm.nih.gov/Traces/study/?acc=PRJNA437762",29779941,SRP134734,"Corey Harwell","Jun 21, 2018"
GSE111660,"Transcriptome profiling of WT and Prdm16 mutant cells in embryonic mouse cerebral cortex.","Expression profiling by high throughput sequencing","Mus musculus",24,,"TXT;SRA Run Selector","ftp://ftp.ncbi.nlm.nih.gov/geo/series/GSE111nnn/GSE111660/suppl;https://www.ncbi.nlm.nih.gov/Traces/study/?acc=PRJNA437759",29779941,SRP134732,"Corey Harwell","Jun 21, 2018"
GSE111661,"Genome-wide maps of PRDM16 binding sites and histone modifications","Genome binding/occupancy profiling by high throughput sequencing","Mus musculus",28,,"BROADPEAK;BW;NARROWPEAK","ftp://ftp.ncbi.nlm.nih.gov/geo/series/GSE111nnn/GSE111661/suppl",29779941,,"Corey Harwell","Jun 21, 2018"
GSE112230,"LSD1 ablation stimulates anti-tumor immunity and enables checkpoint blockade","Expression profiling by high throughput sequencing;Genome binding/occupancy profiling by high throughput sequencing","Homo sapiens;Mus musculus",29,,"BW;CSV;NARROWPEAK;SRA Run Selector","ftp://ftp.ncbi.nlm.nih.gov/geo/series/GSE112nnn/GSE112230/suppl;https://www.ncbi.nlm.nih.gov/Traces/study/?acc=PRJNA445303",29937226,SRP136272,"Wanqiang Sheng","Jun 21, 2018"
GSE112841,"expression data from NDRG1 depleted SKBR3 cells","Expression profiling by array","Homo sapiens",6,,"CEL","ftp://ftp.ncbi.nlm.nih.gov/geo/series/GSE112nnn/GSE112841/suppl",29898756,,"Sridar V Chittur","Jun 21, 2018"
GSE113503,"Gene expression data from E14.5 Pogz-WT and Pogz-KO fetal livers.","Expression profiling by array","Mus musculus",6,,"CEL;CHP","ftp://ftp.ncbi.nlm.nih.gov/geo/series/GSE113nnn/GSE113503/suppl",29898395,,"Kristbjorn Orri Gudmundsson","Jun 21, 2018"
GSE113827,"TCR-MHC Interaction Strength Defines Trafficking and Resident Memory Status of CD8 T cells in the Brain.","Expression profiling by high throughput sequencing","Mus musculus",9,,"TSV;SRA Run Selector","ftp://ftp.ncbi.nlm.nih.gov/geo/series/GSE113nnn/GSE113827/suppl;https://www.ncbi.nlm.nih.gov/Traces/study/?acc=PRJNA454199",29922298,SRP143976,"Eva Frickel","Jun 21, 2018"
GSE114020,"Effect of Notch Signaling Inhibitor on Gene Expression in Lipopolysaccharide-stimulated Macrophages in the Presence of Immune Complex","Expression profiling by high throughput sequencing","Mus musculus",16,,"TXT;SRA Run Selector","ftp://ftp.ncbi.nlm.nih.gov/geo/series/GSE114nnn/GSE114020/suppl;https://www.ncbi.nlm.nih.gov/Traces/study/?acc=PRJNA454891",29889863,SRP144516,"Tanapat Palaga","Jun 21, 2018"
GSE114368,"mRNA transcript distribution bias between Borrelia burgdorferi bacteria and their outer membrane vesicles","Expression profiling by high throughput sequencing","Borreliella burgdorferi",3,,"TXT;SRA Run Selector","ftp://ftp.ncbi.nlm.nih.gov/geo/series/GSE114nnn/GSE114368/suppl;https://www.ncbi.nlm.nih.gov/Traces/study/?acc=PRJNA471082",29846577,SRP145492,"Kai Wang","Jun 21, 2018"
GSE114560,"Determination of global decay rates of yeast transcriptome and identification of factors impact mRNA stability","Expression profiling by high throughput sequencing","Saccharomyces cerevisiae",10,,"TXT;SRA Run Selector","ftp://ftp.ncbi.nlm.nih.gov/geo/series/GSE114nnn/GSE114560/suppl;https://www.ncbi.nlm.nih.gov/Traces/study/?acc=PRJNA471740",29932902,SRP147931,"Jeff Coller","Jun 21, 2018"
GSE114743,"Microarray gene expression profiling in colorectal (HCT116) and hepatocellular (HepG2) carcinoma cells treated with Melicope ptelefolia leaf extract reveals transcriptome profiles exhibiting anticancer activity","Expression profiling by array","Homo sapiens",4,,"CEL","ftp://ftp.ncbi.nlm.nih.gov/geo/series/GSE114nnn/GSE114743/suppl",30042885,,"Johari Mohd Ali","Jun 21, 2018"
GSE114758,"RNA polymerase mapping in plants identifies enhancers enriched in causal variants","Expression profiling by high throughput sequencing","Manihot esculenta;Zea mays",2,,"BW;SRA Run Selector","ftp://ftp.ncbi.nlm.nih.gov/geo/series/GSE114nnn/GSE114758/suppl;https://www.ncbi.nlm.nih.gov/Traces/study/?acc=PRJNA472570",,SRP148658,"Roberto Lozano","Jun 21, 2018"
GSE114836,"ICAM-1 deficiency in the bone marrow niche impairs quiescence and repopulation of hematopoietic stem cells","Expression profiling by high throughput sequencing","Mus musculus",6,,"XLSX;SRA Run Selector","ftp://ftp.ncbi.nlm.nih.gov/geo/series/GSE114nnn/GSE114836/suppl;https://www.ncbi.nlm.nih.gov/Traces/study/?acc=PRJNA472790",29937143,SRP148801,"Bin Zou","Jun 21, 2018"
GSE114970,"Next Generation Sequencing Analysis of Wild Type, ADAR2 over expressing and ADAR2+SRSF9 overexpresssing SH-Sy5y cells Transcriptomes","Expression profiling by high throughput sequencing","Homo sapiens",12,,"TXT;SRA Run Selector","ftp://ftp.ncbi.nlm.nih.gov/geo/series/GSE114nnn/GSE114970/suppl;https://www.ncbi.nlm.nih.gov/Traces/study/?acc=PRJNA473370",29992293,SRP149103,"Meng How Tan","Jun 21, 2018"
GSE115072,"A systematic p53 mutation library links differential functional impact to cancer mutation pattern and evolutionary conservation","Other","Homo sapiens",47,,"CSV;XLSX;SRA Run Selector","ftp://ftp.ncbi.nlm.nih.gov/geo/series/GSE115nnn/GSE115072/suppl;https://www.ncbi.nlm.nih.gov/Traces/study/?acc=PRJNA473655",29979965,SRP149312,"Eran Kotler","Jun 21, 2018"
GSE115748,"Utp14 interaction with the Small Subunit Processome.","Expression profiling by high throughput sequencing","Saccharomyces cerevisiae",4,,"BEDGRAPH;SRA Run Selector","ftp://ftp.ncbi.nlm.nih.gov/geo/series/GSE115nnn/GSE115748/suppl;https://www.ncbi.nlm.nih.gov/Traces/study/?acc=PRJNA475946",29925570,SRP150428,"Arlen W Johnson","Jun 21, 2018"
GSE115832,"Transcriptome of human decidual cells treated by siRNA targeting FOXO1","Expression profiling by high throughput sequencing","Homo sapiens",3,,"TXT;SRA Run Selector","ftp://ftp.ncbi.nlm.nih.gov/geo/series/GSE115nnn/GSE115832/suppl;https://www.ncbi.nlm.nih.gov/Traces/study/?acc=PRJNA476236",30142145,SRP150586,"Cong Liang","Jun 21, 2018"
GSE115881,"DNase-seq from kidney glomerular epithelial cell (ENCSR136KEL)","Genome binding/occupancy profiling by high throughput sequencing","Homo sapiens",2,,"BED;BIGBED;BIGWIG;TXT","ftp://ftp.ncbi.nlm.nih.gov/geo/series/GSE115nnn/GSE115881/suppl",22955616,,"ENCODE DCC","Jun 21, 2018"
GSE115882,"DNase-seq from kidney tubule cell (ENCSR175IWT)","Genome binding/occupancy profiling by high throughput sequencing","Homo sapiens",5,,"BED;BIGBED;BIGWIG;TXT","ftp://ftp.ncbi.nlm.nih.gov/geo/series/GSE115nnn/GSE115882/suppl",22955616,,"ENCODE DCC","Jun 21, 2018"
GSE115883,"DNase-seq from glomerular visceral epithelial cell (ENCSR432SZT)","Genome binding/occupancy profiling by high throughput sequencing","Homo sapiens",2,,"BED;BIGBED;BIGWIG;TXT","ftp://ftp.ncbi.nlm.nih.gov/geo/series/GSE115nnn/GSE115883/suppl",22955616,,"ENCODE DCC","Jun 21, 2018"
GSE116029,"CRISPR/Cas9-targeted removal of unwanted sequences from small-RNA sequencing libraries","Non-coding RNA profiling by high throughput sequencing","Homo sapiens",42,,"TXT","ftp://ftp.ncbi.nlm.nih.gov/geo/series/GSE116nnn/GSE116029/suppl",,,"Richard M Myers","Jun 21, 2018"
GSE116056,"The lncRNA and mRNA sequencing result from mouse E12.5 cerebral cortex","Expression profiling by high throughput sequencing","Mus musculus",6,,"TXT","ftp://ftp.ncbi.nlm.nih.gov/geo/series/GSE116nnn/GSE116056/suppl",30065628,,"Nan Miao","Jun 21, 2018"
GSE116058,"Hepatic transcript profiling in early lactating dairy cows fed rumen-protected niacin during the transition from late pregnancy to lactation","Expression profiling by array","Bos taurus",18,,"CEL","ftp://ftp.ncbi.nlm.nih.gov/geo/series/GSE116nnn/GSE116058/suppl",,,"Robert Ringseis","Jun 21, 2018"
GSE116061,"Modified penetrance of coding variants by cis-regulatory variation contributes to disease risk","Expression profiling by high throughput sequencing","Homo sapiens",13,,"TXT;SRA Run Selector","ftp://ftp.ncbi.nlm.nih.gov/geo/series/GSE116nnn/GSE116061/suppl;https://www.ncbi.nlm.nih.gov/Traces/study/?acc=PRJNA476937",30127527,SRP150991,"Stephane Emile Castel","Jun 21, 2018"
GSE116064,"The PEAT protein complexes are required for histone deacetylation and heterochromatin silencing [BS-Seq]","Methylation profiling by high throughput sequencing","Arabidopsis thaliana",3,,"BW;SRA Run Selector","ftp://ftp.ncbi.nlm.nih.gov/geo/series/GSE116nnn/GSE116064/suppl;https://www.ncbi.nlm.nih.gov/Traces/study/?acc=PRJNA476940",30104406,SRP150993,"xinjian He","Jun 21, 2018"
GSE116065,"The PEAT protein complexes are required for histone deacetylation and heterochromatin silencing [ChIP-Seq]","Genome binding/occupancy profiling by high throughput sequencing","Arabidopsis thaliana",3,,"BW;SRA Run Selector","ftp://ftp.ncbi.nlm.nih.gov/geo/series/GSE116nnn/GSE116065/suppl;https://www.ncbi.nlm.nih.gov/Traces/study/?acc=PRJNA476941",30104406,SRP150994,"xinjian He","Jun 21, 2018"
GSE116066,"The PEAT protein complexes are required for histone deacetylation and heterochromatin silencing [RNA-Seq]","Expression profiling by high throughput sequencing","Arabidopsis thaliana",9,,"TXT;SRA Run Selector","ftp://ftp.ncbi.nlm.nih.gov/geo/series/GSE116nnn/GSE116066/suppl;https://www.ncbi.nlm.nih.gov/Traces/study/?acc=PRJNA476942",30104406,SRP150995,"xinjian He","Jun 21, 2018"
GSE116067,"The PEAT protein complexes are required for histone deacetylation and heterochromatin silencing [smallRNA-Seq]","Non-coding RNA profiling by high throughput sequencing","Arabidopsis thaliana",12,,"TXT;SRA Run Selector","ftp://ftp.ncbi.nlm.nih.gov/geo/series/GSE116nnn/GSE116067/suppl;https://www.ncbi.nlm.nih.gov/Traces/study/?acc=PRJNA476943",30104406,SRP150996,"xinjian He","Jun 21, 2018"
GSE116068,"The PEAT protein complexes are required for histone deacetylation and heterochromatin silencing","Expression profiling by high throughput sequencing;Genome binding/occupancy profiling by high throughput sequencing;Methylation profiling by high throughput sequencing;Non-coding RNA profiling by high throughput sequencing","Arabidopsis thaliana",27,,"BW","ftp://ftp.ncbi.nlm.nih.gov/geo/series/GSE116nnn/GSE116068/suppl",30104406,,"xinjian He","Jun 21, 2018"
GSE116070,"Transcriptome Profiling in KY1005-treated NHP HCT-recipients","Expression profiling by array","Macaca mulatta",108,,"CEL;TXT","ftp://ftp.ncbi.nlm.nih.gov/geo/series/GSE116nnn/GSE116070/suppl",28931653,,"Leslie Kean","Jun 21, 2018"
GSE65426,"Bid Expression Controls Neuronal Cell Fate During Avian Ciliary Ganglion Development","Expression profiling by array","Gallus gallus",24,,"TXT","ftp://ftp.ncbi.nlm.nih.gov/geo/series/GSE65nnn/GSE65426/suppl",30008673,,"Hauke Busch","Jun 20, 2018"
GSE79676,"Bisulfite-Seq and RNA-seq profiling of Arabidopsis aneuploids","Expression profiling by high throughput sequencing;Methylation profiling by high throughput sequencing","Arabidopsis thaliana",53,,"DIFF;TXT;XLSX;SRA Run Selector","ftp://ftp.ncbi.nlm.nih.gov/geo/series/GSE79nnn/GSE79676/suppl;https://www.ncbi.nlm.nih.gov/Traces/study/?acc=PRJNA316697",30429332,SRP072503,"Pao-Yang Chen","Jun 20, 2018"
GSE83512,"Transcriptome-wide analysis to determine miR-200a targets in melanoma cell lines","Expression profiling by high throughput sequencing","Homo sapiens",6,,"XLSX;SRA Run Selector","ftp://ftp.ncbi.nlm.nih.gov/geo/series/GSE83nnn/GSE83512/suppl;https://www.ncbi.nlm.nih.gov/Traces/study/?acc=PRJNA326229",,SRP076790,"Dave Hoon","Jun 20, 2018"
GSE92346,"Expression charcaterization of an internal protocol developed to differentiate RPE cells","Expression profiling by high throughput sequencing","Homo sapiens",40,,"GCT;SRA Run Selector","ftp://ftp.ncbi.nlm.nih.gov/geo/series/GSE92nnn/GSE92346/suppl;https://www.ncbi.nlm.nih.gov/Traces/study/?acc=PRJNA357267",29269042,SRP095037,"Roland Schmucki","Jun 20, 2018"
GSE99683,"γδ T cells orchestrate the induction of protective type 2 immunity in neonatal influenza infection","Expression profiling by high throughput sequencing","Mus musculus",6,,"TAB;SRA Run Selector","ftp://ftp.ncbi.nlm.nih.gov/geo/series/GSE99nnn/GSE99683/suppl;https://www.ncbi.nlm.nih.gov/Traces/study/?acc=PRJNA389295",30170813,SRP108621,"Paul G. Thomas","Jun 20, 2018"
GSE100292,"Stereotyped p53 binding tuned by chromatin accessibility","Genome binding/occupancy profiling by high throughput sequencing;Expression profiling by high throughput sequencing;Other","Homo sapiens",49,,"BED;TSV;SRA Run Selector","ftp://ftp.ncbi.nlm.nih.gov/geo/series/GSE100nnn/GSE100292/suppl;https://www.ncbi.nlm.nih.gov/Traces/study/?acc=PRJNA391270",,SRP110004,"Jacob Stewart-Ornstein","Jun 20, 2018"
GSE100349,"Detailing Novel Epigenetic Events Associated with Diet-Induced Obesity in the Rat","Expression profiling by high throughput sequencing","Rattus norvegicus",8,,"TXT;SRA Run Selector","ftp://ftp.ncbi.nlm.nih.gov/geo/series/GSE100nnn/GSE100349/suppl;https://www.ncbi.nlm.nih.gov/Traces/study/?acc=PRJNA391424",,SRP110134,"Zhihua Jiang","Jun 20, 2018"
GSE100351,"The DNA methylation landscape of glioblastoma disease progression shows extensive heterogeneity in time and space","Methylation profiling by high throughput sequencing;Expression profiling by high throughput sequencing;Genome variation profiling by high throughput sequencing","Homo sapiens",579,,"BED;RPKM;TXT","ftp://ftp.ncbi.nlm.nih.gov/geo/series/GSE100nnn/GSE100351/suppl",30150718,,"Christoph Bock","Jun 20, 2018"
GSE100355,"Isolation and differential transcriptome of vascular smooth muscle cells and mid-capillary pericytes from the rat brain","Expression profiling by high throughput sequencing","Rattus norvegicus",6,,"TXT;SRA Run Selector","ftp://ftp.ncbi.nlm.nih.gov/geo/series/GSE100nnn/GSE100355/suppl;https://www.ncbi.nlm.nih.gov/Traces/study/?acc=PRJNA391435",30116021,SRP110145,"bruno saubamea","Jun 20, 2018"
GSE106652,"Differential splicing events in aging Drosophila eye","Expression profiling by high throughput sequencing;Other","Drosophila melanogaster",6,,"CSV;TXT;SRA Run Selector","ftp://ftp.ncbi.nlm.nih.gov/geo/series/GSE106nnn/GSE106652/suppl;https://www.ncbi.nlm.nih.gov/Traces/study/?acc=PRJNA417508",30003673,SRP124530,"Vikki Weake","Jun 20, 2018"
GSE106820,"Transcriptional profiling of Drosophila photoreceptors in response to blue light","Expression profiling by high throughput sequencing","Drosophila melanogaster",15,,"CSV;SRA Run Selector","ftp://ftp.ncbi.nlm.nih.gov/geo/series/GSE106nnn/GSE106820/suppl;https://www.ncbi.nlm.nih.gov/Traces/study/?acc=PRJNA418127",30029619,SRP124847,"Vikki Weake","Jun 20, 2018"
GSE107416,"LincU Preserves Naive Pluripotency by Restricting ERK Activity in Embryonic Stem Cells [knockdown]","Expression profiling by array","Mus musculus",2,,"PDF;TXT","ftp://ftp.ncbi.nlm.nih.gov/geo/series/GSE107nnn/GSE107416/suppl",,,"Zeyidan Jiapaer","Jun 20, 2018"
GSE107417,"LincU Preserves Naive Pluripotency by Restricting ERK Activity in Embryonic Stem Cells [overexpression]","Expression profiling by array","Mus musculus",2,,"CEL;PDF","ftp://ftp.ncbi.nlm.nih.gov/geo/series/GSE107nnn/GSE107417/suppl",,,"Zeyidan Jiapaer","Jun 20, 2018"
GSE107418,"LincU Preserves Naive Pluripotency by Restricting ERK Activity in Embryonic Stem Cells","Expression profiling by array","Mus musculus",4,,"CEL;TXT","ftp://ftp.ncbi.nlm.nih.gov/geo/series/GSE107nnn/GSE107418/suppl",,,"Zeyidan Jiapaer","Jun 20, 2018"
GSE107676,"Regulation of alternative splicing induced by paclitaxel in human non-small cell lung cancer","Expression profiling by high throughput sequencing","Homo sapiens",2,,"TXT;SRA Run Selector","ftp://ftp.ncbi.nlm.nih.gov/geo/series/GSE107nnn/GSE107676/suppl;https://www.ncbi.nlm.nih.gov/Traces/study/?acc=PRJNA421002",29706628,SRP126099,"Yang Wang","Jun 20, 2018"
GSE107919,"Chromatin remodeler CHD8 in CNS myelination and remyelination","Genome binding/occupancy profiling by high throughput sequencing;Expression profiling by high throughput sequencing;Other","Mus musculus;Rattus norvegicus",11,,"FPKM_TRACKING;WIG;SRA Run Selector","ftp://ftp.ncbi.nlm.nih.gov/geo/series/GSE107nnn/GSE107919/suppl;https://www.ncbi.nlm.nih.gov/Traces/study/?acc=PRJNA421937",29920279,SRP126504,"Richard Lu","Jun 20, 2018"
GSE110426,"Small Molecule PCSK9 Inhibitors: Hit to lead optimization","Other","Rattus norvegicus",9,,"FA;TXT;XLSX;SRA Run Selector","ftp://ftp.ncbi.nlm.nih.gov/geo/series/GSE110nnn/GSE110426/suppl;https://www.ncbi.nlm.nih.gov/Traces/study/?acc=PRJNA433685",29878763,SRP132603,"Jamie Cate","Jun 20, 2018"
GSE111118,"mRNA profiles of active hematopoieitc stem cells","Expression profiling by high throughput sequencing","Mus musculus",15,,"TXT;SRA Run Selector","ftp://ftp.ncbi.nlm.nih.gov/geo/series/GSE111nnn/GSE111118/suppl;https://www.ncbi.nlm.nih.gov/Traces/study/?acc=PRJNA435963",29946000,SRP133481,"Terumasa Umemoto","Jun 20, 2018"
GSE111733,"Continuous-trait probabilistic model for comparing multi-species functional genomic data","Other","Chlorocebus aethiops;Homo sapiens;Nomascus leucogenys;Pan troglodytes;Pongo pygmaeus",5,,"BW;SRA Run Selector","ftp://ftp.ncbi.nlm.nih.gov/geo/series/GSE111nnn/GSE111733/suppl;https://www.ncbi.nlm.nih.gov/Traces/study/?acc=PRJNA437983",29936186,SRP134978,"Yang Yang","Jun 20, 2018"
GSE113888,"The BCG Delta BCG1419c vaccine candidate reduces lung pathology, IL-6, TNFa, and IL-10 during chronic TB infection","Expression profiling by high throughput sequencing","Mycobacterium tuberculosis variant bovis BCG",8,,"TXT;SRA Run Selector","ftp://ftp.ncbi.nlm.nih.gov/geo/series/GSE113nnn/GSE113888/suppl;https://www.ncbi.nlm.nih.gov/Traces/study/?acc=PRJNA454371",29946316,SRP144154,"Eliza Peterson","Jun 20, 2018"
GSE114168,"Medullary breast carcinoma, a triple-negative breast cancer subtype associated with BCLG overexpression.","Expression profiling by array","Homo sapiens",53,,"CEL","ftp://ftp.ncbi.nlm.nih.gov/geo/series/GSE114nnn/GSE114168/suppl",30075151,,"Cecile Laurent","Jun 20, 2018"
GSE114183,"Medullary breast carcinoma, a triple-negative breast cancer subtype associated with BRCAness.","Genome variation profiling by SNP array","Homo sapiens",54,,"CEL","ftp://ftp.ncbi.nlm.nih.gov/geo/series/GSE114nnn/GSE114183/suppl",30075151,,"Cecile Laurent","Jun 20, 2018"
GSE114251,"smallRNA NGS revealed the presence of CVA and LCHV1 on apricot in Hungary","Non-coding RNA profiling by high throughput sequencing","Prunus armeniaca",5,,"TXT;SRA Run Selector","ftp://ftp.ncbi.nlm.nih.gov/geo/series/GSE114nnn/GSE114251/suppl;https://www.ncbi.nlm.nih.gov/Traces/study/?acc=PRJNA470684",29891760,SRP145111,"Éva Várallyay","Jun 20, 2018"
GSE114269,"Medullary breast carcinoma, a triple-negative breast cancer subtype associated with BCLG overexpression and BRCAness","Expression profiling by array;Genome variation profiling by SNP array","Homo sapiens",107,,"CEL","ftp://ftp.ncbi.nlm.nih.gov/geo/series/GSE114nnn/GSE114269/suppl",30075151,,"Cecile Laurent","Jun 20, 2018"
GSE115083,"Ligand-insensitive PPARγ controls progressive or reinforcing macrophage polarization as an epigenomic ratchet of transcriptional memory [ChIP-seq]","Genome binding/occupancy profiling by high throughput sequencing","Mus musculus",30,,"BEDGRAPH;SRA Run Selector","ftp://ftp.ncbi.nlm.nih.gov/geo/series/GSE115nnn/GSE115083/suppl;https://www.ncbi.nlm.nih.gov/Traces/study/?acc=PRJNA318630",,SRP073648,"Bence Daniel","Jun 20, 2018"
GSE115085,"Ligand-insensitive PPARγ controls progressive or reinforcing macrophage polarization as an epigenomic ratchet of transcriptional memory [ATAC-seq]","Genome binding/occupancy profiling by high throughput sequencing","Mus musculus",20,,"BEDGRAPH;SRA Run Selector","ftp://ftp.ncbi.nlm.nih.gov/geo/series/GSE115nnn/GSE115085/suppl;https://www.ncbi.nlm.nih.gov/Traces/study/?acc=PRJNA318630",,SRP073648,"Bence Daniel","Jun 20, 2018"
GSE115502,"Ligand-insensitive PPARγ controls progressive or reinforcing macrophage polarization as an epigenomic ratchet of transcriptional memory [RNA-Seq]","Expression profiling by high throughput sequencing","Mus musculus",17,,"TSV;SRA Run Selector","ftp://ftp.ncbi.nlm.nih.gov/geo/series/GSE115nnn/GSE115502/suppl;https://www.ncbi.nlm.nih.gov/Traces/study/?acc=PRJNA471894",,SRP148276,"Bence Daniel","Jun 20, 2018"
GSE115504,"Ligand-insensitive PPARγ controls progressive or reinforcing macrophage polarization as an epigenomic ratchet of transcriptional memory [RNA-Seq2]","Expression profiling by high throughput sequencing","Mus musculus",24,,"TSV;SRA Run Selector","ftp://ftp.ncbi.nlm.nih.gov/geo/series/GSE115nnn/GSE115504/suppl;https://www.ncbi.nlm.nih.gov/Traces/study/?acc=PRJNA318630",,SRP073648,"Bence Daniel","Jun 20, 2018"
GSE115505,"Ligand-insensitive PPARγ controls progressive or reinforcing macrophage polarization as an epigenomic ratchet of transcriptional memory","Expression profiling by high throughput sequencing;Genome binding/occupancy profiling by high throughput sequencing","Mus musculus",91,,"BEDGRAPH","ftp://ftp.ncbi.nlm.nih.gov/geo/series/GSE115nnn/GSE115505/suppl",,,"Bence Daniel","Jun 20, 2018"
GSE115979,"RNA Sequencing Facilitates Quantitative Analysis of Wild Type and MEIS2 deleted H1 drived cells at day4 of hematopoietic differentiation.","Expression profiling by high throughput sequencing","Homo sapiens",2,,"TXT;SRA Run Selector","ftp://ftp.ncbi.nlm.nih.gov/geo/series/GSE115nnn/GSE115979/suppl;https://www.ncbi.nlm.nih.gov/Traces/study/?acc=PRJNA476681",30526668,SRP150823,"Jiaxi Zhou","Jun 20, 2018"
GSE115990,"SUMO-targeted ubiquitin ligases (STUbLs) reduce the toxicity and abnormal transcriptional activity associated with a mutant, aggregation-prone fragment of huntingtin","Expression profiling by high throughput sequencing","Saccharomyces cerevisiae",11,,"TXT;SRA Run Selector","ftp://ftp.ncbi.nlm.nih.gov/geo/series/GSE115nnn/GSE115990/suppl;https://www.ncbi.nlm.nih.gov/Traces/study/?acc=PRJNA476714",,SRP150836,"Richard E Baker","Jun 20, 2018"
GSE115993,"Next Generation Sequencing Analysis of S. aureus cultured in the presence/absence of V12CBD","Expression profiling by high throughput sequencing","Staphylococcus aureus",2,,"TXT;WIG;SRA Run Selector","ftp://ftp.ncbi.nlm.nih.gov/geo/series/GSE115nnn/GSE115993/suppl;https://www.ncbi.nlm.nih.gov/Traces/study/?acc=PRJNA476780",30037823,SRP150865,"Hang Yang","Jun 20, 2018"
GSE116000,"Establishment and characterization of CRISPR/Cas9-mediated Merlin/NF2 knockout human mesothelial cell line Met-5A","Expression profiling by array","Homo sapiens",5,,"TXT","ftp://ftp.ncbi.nlm.nih.gov/geo/series/GSE116nnn/GSE116000/suppl",30417500,,"Akinobu Ota","Jun 20, 2018"
GSE116023,"Mefloquine disrupts cancer stem cells by inhibiting lysosomal RAB5/7 mediated mitophagy","Expression profiling by array","Homo sapiens",8,,"TXT","ftp://ftp.ncbi.nlm.nih.gov/geo/series/GSE116nnn/GSE116023/suppl",,,"Mitsunbu Takeda","Jun 20, 2018"
GSE116036,"mRNA profiling of soybean seed regions and tissues at five developmental stages","Expression profiling by high throughput sequencing","Glycine max",139,,"TXT","ftp://ftp.ncbi.nlm.nih.gov/geo/series/GSE116nnn/GSE116036/suppl",,,"John Harada","Jun 20, 2018"
GSE70065,"Identifying downstream targets of microRNA-181a in chondrosarcoma cells.","Expression profiling by array","Homo sapiens",9,,"CEL;CHP","ftp://ftp.ncbi.nlm.nih.gov/geo/series/GSE70nnn/GSE70065/suppl",,,"Richard M Terek","Jun 19, 2018"
GSE75812,"ChIP-Seq analysis of NRF2 binding sites in human BEAS-2B cell line treated with sulforaphane or vehicle","Genome binding/occupancy profiling by high throughput sequencing","Homo sapiens",5,,"TXT;SRA Run Selector","ftp://ftp.ncbi.nlm.nih.gov/geo/series/GSE75nnn/GSE75812/suppl;https://www.ncbi.nlm.nih.gov/Traces/study/?acc=PRJNA305423",27149848,SRP067144,"Xuting Wang","Jun 19, 2018"
GSE78923,"DC-SCRIPT binds GA-rich enhancers to control MAPK-signaling and IL-10 production in human dendritic cells","Genome binding/occupancy profiling by high throughput sequencing","Homo sapiens",18,,"BED;BW;TXT;SRA Run Selector","ftp://ftp.ncbi.nlm.nih.gov/geo/series/GSE78nnn/GSE78923/suppl;https://www.ncbi.nlm.nih.gov/Traces/study/?acc=PRJNA314414",29988341,SRP071178,"Simon van Heeringen","Jun 19, 2018"
GSE83561,"BrU-labeled nascent RNA sequencing and m6A-IP from BrU-labeled nascent RNA","Expression profiling by high throughput sequencing","Homo sapiens",22,,"BW","ftp://ftp.ncbi.nlm.nih.gov/geo/series/GSE83nnn/GSE83561/suppl",29924987,,"Evgenia Ntini","Jun 19, 2018"
GSE85473,"Role of DmSTING in fly","Expression profiling by array","Drosophila melanogaster",16,,"CEL","ftp://ftp.ncbi.nlm.nih.gov/geo/series/GSE85nnn/GSE85473/suppl",29924997,,"Alan G. Goodman","Jun 19, 2018"
GSE90442,"Whole fly expression data following DmSTING knockdown and listeria infection","Expression profiling by array","Drosophila melanogaster",8,,"CEL","ftp://ftp.ncbi.nlm.nih.gov/geo/series/GSE90nnn/GSE90442/suppl",,,"Alan G. Goodman","Jun 19, 2018"
GSE90443,"S2 cell expression data following DmSTING knockdown and cyclic ci-GMP transfection","Expression profiling by array","Drosophila melanogaster",8,,"CEL","ftp://ftp.ncbi.nlm.nih.gov/geo/series/GSE90nnn/GSE90443/suppl",,,"Alan G. Goodman","Jun 19, 2018"
GSE92575,"Transcriptional plasticity, priming and commitment in hematopoietic lineages [RNA-seq]","Expression profiling by high throughput sequencing","Mus musculus",326,,"TXT;SRA Run Selector","ftp://ftp.ncbi.nlm.nih.gov/geo/series/GSE92nnn/GSE92575/suppl;https://www.ncbi.nlm.nih.gov/Traces/study/?acc=PRJNA358064",29915358,SRP095352,"Ido Amit","Jun 19, 2018"
GSE98051,"Evaluation of functional properties of current and novel protein sources using enteroids","Expression profiling by array","Mus musculus",15,,"CEL","ftp://ftp.ncbi.nlm.nih.gov/geo/series/GSE98nnn/GSE98051/suppl",,,"Soumya Kanti Kar","Jun 19, 2018"
GSE100261,"Transcriptional impact of MTHFD2 in Human Aortic Endothelial Cells","Expression profiling by high throughput sequencing","Homo sapiens",6,,"TXT;SRA Run Selector","ftp://ftp.ncbi.nlm.nih.gov/geo/series/GSE100nnn/GSE100261/suppl;https://www.ncbi.nlm.nih.gov/Traces/study/?acc=PRJNA391168",29895827,SRP109826,"Jun Zhu","Jun 19, 2018"
GSE100348,"Multiorgan PIXUL-ChIP-seq analysis of genome-wide RNA polymerase II (Pol II)   binding in mouse heart, kidney, liver and lung","Genome binding/occupancy profiling by high throughput sequencing","Mus musculus",4,,"TXT;SRA Run Selector","ftp://ftp.ncbi.nlm.nih.gov/geo/series/GSE100nnn/GSE100348/suppl;https://www.ncbi.nlm.nih.gov/Traces/study/?acc=PRJNA391425",,SRP110133,"Karol Bomsztyk","Jun 19, 2018"
GSE102037,"Novel MYC-driven medulloblastoma models generated by CRISPR activation of endogenous Myc","Expression profiling by array","Mus musculus",14,,"CEL","ftp://ftp.ncbi.nlm.nih.gov/geo/series/GSE102nnn/GSE102037/suppl",29880921,,"David Finkelstein","Jun 19, 2018"
GSE102849,"Mice Exposed to Bisphenol A Exhibit Depressive-like Behavior with Neurotransmitter and Neuroactive Steroid Dysfunction","Expression profiling by high throughput sequencing","Mus musculus",8,,"TXT;SRA Run Selector","ftp://ftp.ncbi.nlm.nih.gov/geo/series/GSE102nnn/GSE102849/suppl;https://www.ncbi.nlm.nih.gov/Traces/study/?acc=PRJNA399119",29763587,SRP115892,"Yemin Lan","Jun 19, 2018"
GSE108007,"The scaffolding role of RNA in ribonucleoprotein complexes: TRA2A recruitment in FXTAS disease","Expression profiling by array","Chlorocebus sabaeus;Homo sapiens",18,,"CEL;TXT","ftp://ftp.ncbi.nlm.nih.gov/geo/series/GSE108nnn/GSE108007/suppl",30566867,,"Lara Nonell","Jun 19, 2018"
GSE108134,"Ambient Pollution Related Reprogramming of the Human Small Airway Epithelial Transcriptome","Expression profiling by array","Homo sapiens",405,,"CEL;CSV","ftp://ftp.ncbi.nlm.nih.gov/geo/series/GSE108nnn/GSE108134/suppl",29897792,,"Yael Strulovici-Barel","Jun 19, 2018"
GSE108395,"Differential expression analysis of miRNAs expressed in blood and CSF of Huntington's disease [miRNA array]","Non-coding RNA profiling by array","Homo sapiens",233,,"RCC","ftp://ftp.ncbi.nlm.nih.gov/geo/series/GSE108nnn/GSE108395/suppl",,,"Xianjun Dong","Jun 19, 2018"
GSE108396,"Differential expression analysis of miRNAs expressed in blood and CSF of Huntington's disease [miRNA-seq]","Non-coding RNA profiling by high throughput sequencing","Homo sapiens",136,,"TSV;SRA Run Selector","ftp://ftp.ncbi.nlm.nih.gov/geo/series/GSE108nnn/GSE108396/suppl;https://www.ncbi.nlm.nih.gov/Traces/study/?acc=PRJNA427129",,SRP127332,"Xianjun Dong","Jun 19, 2018"
GSE108398,"Differential expression analysis of miRNAs expressed in blood and CSF of Huntington's disease","Non-coding RNA profiling by high throughput sequencing;Non-coding RNA profiling by array","Homo sapiens",369,,"RCC","ftp://ftp.ncbi.nlm.nih.gov/geo/series/GSE108nnn/GSE108398/suppl",,,"Xianjun Dong","Jun 19, 2018"
GSE109564,"Inflammatory Response and Host-Donor Chimerism Defined by Single Cell RNA-Seq of Allograft Biopsy","Expression profiling by high throughput sequencing","Homo sapiens",7,,"TXT;SRA Run Selector","ftp://ftp.ncbi.nlm.nih.gov/geo/series/GSE109nnn/GSE109564/suppl;https://www.ncbi.nlm.nih.gov/Traces/study/?acc=PRJNA431401",29980650,SRP131373,"Haojia Wu","Jun 19, 2018"
GSE112304,"Comparison of young and aged mouse CD8 TN, TVM and TMEM cells directly ex vivo and after polyclonal stimulation","Expression profiling by high throughput sequencing","Mus musculus",25,,"TXT;XLSX;SRA Run Selector","ftp://ftp.ncbi.nlm.nih.gov/geo/series/GSE112nnn/GSE112304/suppl;https://www.ncbi.nlm.nih.gov/Traces/study/?acc=PRJNA445598",29924995,SRP136410,"Kylie M Quinn","Jun 19, 2018"
GSE113494,"Transcriptional plasticity, priming and commitment in hematopoietic lineages [CRISP-seq]","Other","Mus musculus",67,,"TXT;SRA Run Selector","ftp://ftp.ncbi.nlm.nih.gov/geo/series/GSE113nnn/GSE113494/suppl;https://www.ncbi.nlm.nih.gov/Traces/study/?acc=PRJNA451342",29915358,SRP142075,"Ido Amit","Jun 19, 2018"
GSE113495,"Transcriptional plasticity, priming and commitment in hematopoietic lineages","Expression profiling by high throughput sequencing;Other","Mus musculus",393,,"TXT","ftp://ftp.ncbi.nlm.nih.gov/geo/series/GSE113nnn/GSE113495/suppl",29915358,,"Ido Amit","Jun 19, 2018"
GSE113604,"BET bromodomain dependency in EWS/ETS driven Ewing Sarcoma","Expression profiling by high throughput sequencing","Homo sapiens",22,,"CSV;SRA Run Selector","ftp://ftp.ncbi.nlm.nih.gov/geo/series/GSE113nnn/GSE113604/suppl;https://www.ncbi.nlm.nih.gov/Traces/study/?acc=PRJNA453371",29898995,SRP142503,"Irfan Asangani","Jun 19, 2018"
GSE114156,"Single nucleus inDrops to profile adult human kidney","Expression profiling by high throughput sequencing","Homo sapiens",1,,"TXT;SRA Run Selector","ftp://ftp.ncbi.nlm.nih.gov/geo/series/GSE114nnn/GSE114156/suppl;https://www.ncbi.nlm.nih.gov/Traces/study/?acc=PRJNA464435",29980650,SRP144908,"Haojia Wu","Jun 19, 2018"
GSE114542,"High depth sequencing of BrU-labeled nascent RNA in METTL3 depleted cells.","Expression profiling by high throughput sequencing","Homo sapiens",4,,"BW;SRA Run Selector","ftp://ftp.ncbi.nlm.nih.gov/geo/series/GSE114nnn/GSE114542/suppl;https://www.ncbi.nlm.nih.gov/Traces/study/?acc=PRJNA471827",,SRP148114,"Evgenia Ntini","Jun 19, 2018"
GSE114543,"M6A IP from BrU-labeled and fragmented nascent RNA.","Expression profiling by high throughput sequencing","Homo sapiens",6,,"BW;SRA Run Selector","ftp://ftp.ncbi.nlm.nih.gov/geo/series/GSE114nnn/GSE114543/suppl;https://www.ncbi.nlm.nih.gov/Traces/study/?acc=PRJNA471963",,SRP148439,"Evgenia Ntini","Jun 19, 2018"
GSE114554,"M6A IP from BrU-labeled nascent RNA (non-fragmented).","Expression profiling by high throughput sequencing","Homo sapiens",12,,"BW;SRA Run Selector","ftp://ftp.ncbi.nlm.nih.gov/geo/series/GSE114nnn/GSE114554/suppl;https://www.ncbi.nlm.nih.gov/Traces/study/?acc=PRJNA471962",,SRP148440,"Evgenia Ntini","Jun 19, 2018"
GSE114919,"Differential ageing of growth plate cartilage determines skeletal proportions","Expression profiling by high throughput sequencing","Mus musculus;Rattus norvegicus",60,,"XLSX;SRA Run Selector","ftp://ftp.ncbi.nlm.nih.gov/geo/series/GSE114nnn/GSE114919/suppl;https://www.ncbi.nlm.nih.gov/Traces/study/?acc=PRJNA473132",,SRP148968,"Julian CK Lui","Jun 19, 2018"
GSE115912,"ChIP-seq data of QstR transcriptional regulator from Vibrio cholerae","Genome binding/occupancy profiling by high throughput sequencing","Vibrio cholerae",4,,"TSV;SRA Run Selector","ftp://ftp.ncbi.nlm.nih.gov/geo/series/GSE115nnn/GSE115912/suppl;https://www.ncbi.nlm.nih.gov/Traces/study/?acc=PRJNA476491",30102403,SRP150706,"Melanie Blokesch","Jun 19, 2018"
GSE115920,"Epigenome analysis of Chinese Han male semen samples","Methylation profiling by genome tiling array","Homo sapiens",6,,"IDAT;TXT","ftp://ftp.ncbi.nlm.nih.gov/geo/series/GSE115nnn/GSE115920/suppl",,,"Luyao Li","Jun 19, 2018"
GSE115922,"gene-expression profiling between UBE2S knock down A375 cells and control A375 cells","Expression profiling by array","Homo sapiens",6,,"CEL","ftp://ftp.ncbi.nlm.nih.gov/geo/series/GSE115nnn/GSE115922/suppl",,,"Ping Wang","Jun 19, 2018"
GSE115930,"RNA-seq transcriptional profiling in sciatic nerves from wildtype and Pmp22 transgenic rats during perinatal development","Expression profiling by high throughput sequencing","Rattus norvegicus",24,,"TXT;SRA Run Selector","ftp://ftp.ncbi.nlm.nih.gov/geo/series/GSE115nnn/GSE115930/suppl;https://www.ncbi.nlm.nih.gov/Traces/study/?acc=PRJNA476542",30072689,SRP150738,"Vikas Bansal","Jun 19, 2018"
GSE115935,"A transcriptomic survey of the impact of environmental stress on response to dengue virus in the mosquito, Aedes aegypti","Expression profiling by high throughput sequencing","Aedes aegypti",24,,"CSV;XLSX;SRA Run Selector","ftp://ftp.ncbi.nlm.nih.gov/geo/series/GSE115nnn/GSE115935/suppl;https://www.ncbi.nlm.nih.gov/Traces/study/?acc=PRJNA476553",,SRP150749,"David Sungin Kang","Jun 19, 2018"
GSE115940,"p53 binding and chromatin dynamics after etoposide treatment of primary lung fibroblast","Expression profiling by high throughput sequencing;Genome binding/occupancy profiling by high throughput sequencing","Homo sapiens",11,,"BEDGRAPH;SRA Run Selector","ftp://ftp.ncbi.nlm.nih.gov/geo/series/GSE115nnn/GSE115940/suppl;https://www.ncbi.nlm.nih.gov/Traces/study/?acc=PRJNA476558",,SRP150762,"Morgan A Sammons","Jun 19, 2018"
GSE115942,"Identification of tomato genes responsive to loliolide, a metabolite of carotenoid metabolic pathways","Expression profiling by array","Solanum lycopersicum",6,,"TXT;XLSX","ftp://ftp.ncbi.nlm.nih.gov/geo/series/GSE115nnn/GSE115942/suppl",30700538,,"Shigemi Seo","Jun 19, 2018"
GSE115944,"Gene expression analysis of mouse ovarian cancer treated with anti-VEGF antibody","Expression profiling by array","Mus musculus",8,,"CEL","ftp://ftp.ncbi.nlm.nih.gov/geo/series/GSE115nnn/GSE115944/suppl",,,"Naoki Horikawa","Jun 19, 2018"
GSE115946,"Retinoid X receptor activation during adipogenesis of female mesenchymal stem cells programs a dysfunctional adipocyte","Expression profiling by high throughput sequencing","Mus musculus",12,,"TXT;SRA Run Selector","ftp://ftp.ncbi.nlm.nih.gov/geo/series/GSE115nnn/GSE115946/suppl;https://www.ncbi.nlm.nih.gov/Traces/study/?acc=PRJNA476573",29860300,SRP150767,"Bassem Merit Shoucri","Jun 19, 2018"
GSE115947,"Expression data from MSCs cultured on 3D and 2D matrixes","Expression profiling by array","Homo sapiens",12,,"CEL","ftp://ftp.ncbi.nlm.nih.gov/geo/series/GSE115nnn/GSE115947/suppl",30408051,,"Jing Li","Jun 19, 2018"
GSE115949,"Expression profiling of microRNAs in oxygen-induced retinal neovascularization in mice","Non-coding RNA profiling by array","Homo sapiens;Mus musculus;Rattus norvegicus",6,,"GPR","ftp://ftp.ncbi.nlm.nih.gov/geo/series/GSE115nnn/GSE115949/suppl",,,"Yedi Zhou","Jun 19, 2018"
GSE115959,"Genome-wide chromatin accessibility profiling of primary human glomerular and kidney cortex tubular outgrowth cultures (Dnase-Seq)","Genome binding/occupancy profiling by high throughput sequencing","Homo sapiens",9,,"BED;BW;SRA Run Selector","ftp://ftp.ncbi.nlm.nih.gov/geo/series/GSE115nnn/GSE115959/suppl;https://www.ncbi.nlm.nih.gov/Traces/study/?acc=PRJNA476591",,SRP150778,"John A Stamatoyannopoulos","Jun 19, 2018"
GSE115960,"Genome-wide gene expression profiling of primary human glomerular and kidney cortex tubular outgrowth cultures (RNA-seq)","Expression profiling by high throughput sequencing","Homo sapiens",9,,"TSV;SRA Run Selector","ftp://ftp.ncbi.nlm.nih.gov/geo/series/GSE115nnn/GSE115960/suppl;https://www.ncbi.nlm.nih.gov/Traces/study/?acc=PRJNA476596",,SRP150779,"John A Stamatoyannopoulos","Jun 19, 2018"
GSE115961,"Integrated Chromatin Accessibility Mapping and Expression Profiling Enables Functional Annotation of Kidney GWAS Loci","Expression profiling by high throughput sequencing;Genome binding/occupancy profiling by high throughput sequencing","Homo sapiens",18,,"BED;BW;TSV","ftp://ftp.ncbi.nlm.nih.gov/geo/series/GSE115nnn/GSE115961/suppl",,,"John A Stamatoyannopoulos","Jun 19, 2018"
GSE115968,"Integrative analysis of single cell genomics data by coupled nonnegative matrix factorizations (RNA-Seq)","Expression profiling by high throughput sequencing","Mus musculus",464,,"TXT;SRA Run Selector","ftp://ftp.ncbi.nlm.nih.gov/geo/series/GSE115nnn/GSE115968/suppl;https://www.ncbi.nlm.nih.gov/Traces/study/?acc=PRJNA476600",29987051,SRP150783,"Zhana Duren","Jun 19, 2018"
GSE115969,"RNA sequencing and pathway analysis identify important pathways involved in hypertrichosis and intellectual disability in patients with Wiedemann-Steiner syndrome","Expression profiling by high throughput sequencing","Homo sapiens",9,,"TSV;TXT;SRA Run Selector","ftp://ftp.ncbi.nlm.nih.gov/geo/series/GSE115nnn/GSE115969/suppl;https://www.ncbi.nlm.nih.gov/Traces/study/?acc=PRJNA476599",,SRP150784,"Thierry Bienvenu","Jun 19, 2018"
GSE115970,"Integrative analysis of single cell genomics data by coupled nonnegative matrix factorizations (ATAC-Seq)","Genome binding/occupancy profiling by high throughput sequencing","Mus musculus",415,,"TXT;SRA Run Selector","ftp://ftp.ncbi.nlm.nih.gov/geo/series/GSE115nnn/GSE115970/suppl;https://www.ncbi.nlm.nih.gov/Traces/study/?acc=PRJNA476602",29987051,SRP150786,"Zhana Duren","Jun 19, 2018"
GSE115974,"Target identification of the cold stress induced sRNA CisR in Lactococcus lactis","Expression profiling by high throughput sequencing","Lactococcus lactis subsp. cremoris",8,,"GFF;RPKM;TXT;SRA Run Selector","ftp://ftp.ncbi.nlm.nih.gov/geo/series/GSE115nnn/GSE115974/suppl;https://www.ncbi.nlm.nih.gov/Traces/study/?acc=PRJNA476610",,SRP150793,"Anne de Jong","Jun 19, 2018"
GSE85102,"APOBEC3G-regulated host factors interfere with measles virus replication: role of REDD1 and KDELR2","Expression profiling by array","Chlorocebus sabaeus;Macaca mulatta",4,,"CEL","ftp://ftp.ncbi.nlm.nih.gov/geo/series/GSE85nnn/GSE85102/suppl",29925665,,"Claus Juergen Scholz","Jun 18, 2018"
GSE93825,"Gene expression profiling in human ACTH-secreting pituitary tumors","Expression profiling by array","Homo sapiens",40,,"IDAT;TXT","ftp://ftp.ncbi.nlm.nih.gov/geo/series/GSE93nnn/GSE93825/suppl",29920815,,"Francesca Pecori Giraldi","Jun 18, 2018"
GSE97689,"Colorectal cancer initiation site","Expression profiling by array","Homo sapiens",92,,"CEL;CHP","ftp://ftp.ncbi.nlm.nih.gov/geo/series/GSE97nnn/GSE97689/suppl",29885515,,"Peh Yean Cheah","Jun 18, 2018"
GSE97952,"miRNA expression data from multilineage differentiation of hiPSC","Non-coding RNA profiling by array","Homo sapiens;synthetic construct",24,,"CEL","ftp://ftp.ncbi.nlm.nih.gov/geo/series/GSE97nnn/GSE97952/suppl",29941943,,"Lu Li","Jun 18, 2018"
GSE98353,"Gene expression kinetics in Murine Gut wall tissue: Reference (Total RNA Mixture of all samples) vs. Probiotics/Salmonella treated mice","Expression profiling by array","Mus musculus",24,,"TXT","ftp://ftp.ncbi.nlm.nih.gov/geo/series/GSE98nnn/GSE98353/suppl",29909486,,"Biswaranjan Pradhan","Jun 18, 2018"
GSE99850,"Physiologic expression of Srsf2(P95H) causes myeloid expansion, impaired competitive stem cell function and initiates the myeloproliferative/myelodysplastic syndrome in vivo [WES]","Other","Mus musculus",6,,"TXT;VCF;SRA Run Selector","ftp://ftp.ncbi.nlm.nih.gov/geo/series/GSE99nnn/GSE99850/suppl;https://www.ncbi.nlm.nih.gov/Traces/study/?acc=PRJNA389794",29903888,SRP108226,"Alistair Morgan Chalk","Jun 18, 2018"
GSE99851,"Physiologic expression of Srsf2(P95H) causes myeloid expansion, impaired competitive stem cell function and initiates the myeloproliferative/myelodysplastic syndrome in vivo [RNA-seq]","Expression profiling by high throughput sequencing","Mus musculus",2,,"XLSX;SRA Run Selector","ftp://ftp.ncbi.nlm.nih.gov/geo/series/GSE99nnn/GSE99851/suppl;https://www.ncbi.nlm.nih.gov/Traces/study/?acc=PRJNA389793",29903888,SRP108882,"Alistair Morgan Chalk","Jun 18, 2018"
GSE99852,"Physiologic expression of Srsf2(P95H) causes myeloid expansion, impaired competitive stem cell function and initiates the myeloproliferative/myelodysplastic syndrome in vivo.","Expression profiling by high throughput sequencing;Other","Mus musculus",14,,"TXT;VCF","ftp://ftp.ncbi.nlm.nih.gov/geo/series/GSE99nnn/GSE99852/suppl",29903888,,"Alistair Morgan Chalk","Jun 18, 2018"
GSE101394,"Identification and characterization of long noncoding RNAs and mRNAs expression profiles related to postnatal liver maturation of breeder roosters using Ribo-zero RNA Sequencing","Expression profiling by high throughput sequencing;Non-coding RNA profiling by high throughput sequencing","Gallus gallus",6,,"FA;FASTA;XLSX;SRA Run Selector","ftp://ftp.ncbi.nlm.nih.gov/geo/series/GSE101nnn/GSE101394/suppl;https://www.ncbi.nlm.nih.gov/Traces/study/?acc=PRJNA394102",29945552,SRP111815,"Shengru Wu","Jun 18, 2018"
GSE104976,"Physiologic expression of Srsf2(P95H) causes myeloid expansion, impaired competitive stem cell function and initiates the myeloproliferative/myelodysplastic syndrome in vivo [RNA-seq2]","Expression profiling by high throughput sequencing","Mus musculus",6,,"GCT;ODF;XLSX;SRA Run Selector","ftp://ftp.ncbi.nlm.nih.gov/geo/series/GSE104nnn/GSE104976/suppl;https://www.ncbi.nlm.nih.gov/Traces/study/?acc=PRJNA414292",29903888,SRP119954,"Alistair Morgan Chalk","Jun 18, 2018"
GSE109285,"Pancreatic Islet-Autonomous Signals Modulate Identity Changes of Glucagon+ α-Cells","Expression profiling by high throughput sequencing","Mus musculus",30,,"CSV;SRA Run Selector","ftp://ftp.ncbi.nlm.nih.gov/geo/series/GSE109nnn/GSE109285/suppl;https://www.ncbi.nlm.nih.gov/Traces/study/?acc=PRJNA430357",,SRP131035,"Simone Gupta","Jun 18, 2018"
GSE109735,"A novel systems immunology approach identifies the collective impact of five miRNAs in Th2 inflammation (mRNA)","Expression profiling by array","Mus musculus",9,,"CEL","ftp://ftp.ncbi.nlm.nih.gov/geo/series/GSE109nnn/GSE109735/suppl",29875322,,"Shizuka Uchida","Jun 18, 2018"
GSE109736,"A novel systems immunology approach identifies the collective impact of five miRNAs in Th2 inflammation (microRNA)","Non-coding RNA profiling by array","Mus musculus;synthetic construct",9,,"CEL","ftp://ftp.ncbi.nlm.nih.gov/geo/series/GSE109nnn/GSE109736/suppl",29875322,,"Shizuka Uchida","Jun 18, 2018"
GSE109737,"A novel systems immunology approach identifies the collective impact of five miRNAs in Th2 inflammation","Expression profiling by array;Non-coding RNA profiling by array","Mus musculus;synthetic construct",18,,"CEL","ftp://ftp.ncbi.nlm.nih.gov/geo/series/GSE109nnn/GSE109737/suppl",29875322,,"Shizuka Uchida","Jun 18, 2018"
GSE111900,"Transcriptome-wide analysis of RNA binding and splicing alterations induced by SRSF2 P95 mutations in myelodysplasia","Expression profiling by high throughput sequencing;Other","Homo sapiens",13,,"TXT;SRA Run Selector","ftp://ftp.ncbi.nlm.nih.gov/geo/series/GSE111nnn/GSE111900/suppl;https://www.ncbi.nlm.nih.gov/Traces/study/?acc=PRJNA438502",29858584,SRP135793,"Toma Tebaldi","Jun 18, 2018"
GSE113610,"Microarray analysis in acute myeloid leukemia (AML)-derived THP-1 cells expressing or not SAMHD1","Expression profiling by array","Homo sapiens",6,,"CEL;CHP;TXT","ftp://ftp.ncbi.nlm.nih.gov/geo/series/GSE113nnn/GSE113610/suppl",29911928,,"Serena Bonifati","Jun 18, 2018"
GSE115464,"JDP2 - an Oncogenic bZIP Transcription Factor in T-cell Acute Lymphoblastic Leukemia [RNA-Seq]","Expression profiling by high throughput sequencing","Homo sapiens",12,,"TXT;SRA Run Selector","ftp://ftp.ncbi.nlm.nih.gov/geo/series/GSE115nnn/GSE115464/suppl;https://www.ncbi.nlm.nih.gov/Traces/study/?acc=PRJNA475112",29941549,SRP149986,"Richard A Young","Jun 18, 2018"
GSE115465,"JDP2 - an Oncogenic bZIP Transcription Factor in T-cell Acute Lymphoblastic Leukemia [ChIP-Seq]","Genome binding/occupancy profiling by high throughput sequencing","Homo sapiens",2,,"WIG;SRA Run Selector","ftp://ftp.ncbi.nlm.nih.gov/geo/series/GSE115nnn/GSE115465/suppl;https://www.ncbi.nlm.nih.gov/Traces/study/?acc=PRJNA475115",29941549,SRP149988,"Richard A Young","Jun 18, 2018"
GSE115466,"JDP2 - an Oncogenic bZIP Transcription Factor in T-cell Acute Lymphoblastic Leukemia","Expression profiling by high throughput sequencing;Genome binding/occupancy profiling by high throughput sequencing","Homo sapiens",14,,"TXT;WIG","ftp://ftp.ncbi.nlm.nih.gov/geo/series/GSE115nnn/GSE115466/suppl",29941549,,"Richard A Young","Jun 18, 2018"
GSE115831,"Pancreatic cancer-derived exosomes induce apoptosis of T lymphocytes through the p38 MAPK signal transduction pathway","Expression profiling by high throughput sequencing","Homo sapiens",6,,"TXT;SRA Run Selector","ftp://ftp.ncbi.nlm.nih.gov/geo/series/GSE115nnn/GSE115831/suppl;https://www.ncbi.nlm.nih.gov/Traces/study/?acc=PRJNA476232",,SRP150585,"Tao Shen","Jun 18, 2018"
GSE115907,"H4K20me3 co-localizes with activating histone modifications at transcriptionally dynamic regions in embryonic stem cells","Genome binding/occupancy profiling by high throughput sequencing","Mus musculus",5,,"BEDGRAPH;SRA Run Selector","ftp://ftp.ncbi.nlm.nih.gov/geo/series/GSE115nnn/GSE115907/suppl;https://www.ncbi.nlm.nih.gov/Traces/study/?acc=PRJNA476467",29969988,SRP150691,"Benjamin L Kidder","Jun 18, 2018"
GSE115909,"Differentially expressed genes after siRNA transfection in human cancer cell lines","Expression profiling by array","Homo sapiens",8,,"TXT","ftp://ftp.ncbi.nlm.nih.gov/geo/series/GSE115nnn/GSE115909/suppl",,,"Naohiko Seki","Jun 18, 2018"
GSE63616,"Chemotherapy induced terminal muscle differentiation in WT1 mutant Wilms tumors is associated with cell cycle exit and a loss of growth potential","Expression profiling by array","Homo sapiens",10,,"TXT","ftp://ftp.ncbi.nlm.nih.gov/geo/series/GSE63nnn/GSE63616/suppl",29542868,,"Brigitte Royer-Pokora","Jun 17, 2018"
GSE83475,"RNA sequencing reveals levamisole target genes PTPRZ1 and MDK and their links to interferon pathway in human podocytes","Expression profiling by high throughput sequencing","Homo sapiens",6,,"CSV;SRA Run Selector","ftp://ftp.ncbi.nlm.nih.gov/geo/series/GSE83nnn/GSE83475/suppl;https://www.ncbi.nlm.nih.gov/Traces/study/?acc=PRJNA326096",,SRP076711,"Lulu Jiang","Jun 17, 2018"
GSE83494,"Metabolite and transcript profile of grapevine clusters at 6th,7th,8th WAA and the effect of 1-MCP on ripening","Expression profiling by high throughput sequencing","Vitis vinifera",26,,"TXT","ftp://ftp.ncbi.nlm.nih.gov/geo/series/GSE83nnn/GSE83494/suppl",,,"Carmen Leida","Jun 17, 2018"
GSE94927,"RNAseq of genetically engineered mouse model (GEMM)  tumors","Expression profiling by high throughput sequencing","Mus musculus",12,,"XLS;SRA Run Selector","ftp://ftp.ncbi.nlm.nih.gov/geo/series/GSE94nnn/GSE94927/suppl;https://www.ncbi.nlm.nih.gov/Traces/study/?acc=PRJNA374857",29892061,SRP099841,"Andrew Futreal","Jun 17, 2018"
GSE102723,"Chemotherapy and terminal skeletal muscle differentiation in WT1 mutant Wilms tumors","Expression profiling by array","Homo sapiens",8,,"TXT","ftp://ftp.ncbi.nlm.nih.gov/geo/series/GSE102nnn/GSE102723/suppl",29542868,,"Brigitte Royer-Pokora","Jun 17, 2018"
GSE106368,"Cooperation of GRSF1 and the mitochondrial degradosome (hSuv3-PNPase complex) in degradation of mitochondrial RNA","Expression profiling by high throughput sequencing;Non-coding RNA profiling by high throughput sequencing","Homo sapiens",41,,"BW;CSV;SRA Run Selector","ftp://ftp.ncbi.nlm.nih.gov/geo/series/GSE106nnn/GSE106368/suppl;https://www.ncbi.nlm.nih.gov/Traces/study/?acc=PRJNA416454",,SRP123065,"Tomasz M. Kulinski","Jun 17, 2018"
GSE109010,"Mutations in the SWI/SNF chromatin remodeling complex induce metabolic rewiring and dependence on oxidative phosphorylation [Affymetrix]","Expression profiling by array","Homo sapiens",12,,"CEL;TXT","ftp://ftp.ncbi.nlm.nih.gov/geo/series/GSE109nnn/GSE109010/suppl",29892061,,"Andrew Futreal","Jun 17, 2018"
GSE109011,"Mutations in the SWI/SNF chromatin remodeling complex induce metabolic rewiring and dependence on oxidative phosphorylation","Expression profiling by array;Expression profiling by high throughput sequencing","Homo sapiens;Mus musculus",24,,"CEL","ftp://ftp.ncbi.nlm.nih.gov/geo/series/GSE109nnn/GSE109011/suppl",29892061,,"Andrew Futreal","Jun 17, 2018"
GSE109020,"Mutations in the SWI/SNF chromatin remodeling complex induce metabolic rewiring and dependence on oxidative phosphorylation","Genome binding/occupancy profiling by high throughput sequencing","Homo sapiens",4,,"BED;BW;XLS;SRA Run Selector","ftp://ftp.ncbi.nlm.nih.gov/geo/series/GSE109nnn/GSE109020/suppl;https://www.ncbi.nlm.nih.gov/Traces/study/?acc=PRJNA429453",29892061,SRP128689,"Kunal Rai","Jun 17, 2018"
GSE112997,"Temporal profiling of redox-dependent heterogeneity in single cells","Expression profiling by high throughput sequencing","Saccharomyces cerevisiae",12,,"TXT;SRA Run Selector","ftp://ftp.ncbi.nlm.nih.gov/geo/series/GSE112nnn/GSE112997/suppl;https://www.ncbi.nlm.nih.gov/Traces/study/?acc=PRJNA449708",29869985,SRP139596,"Nir Friedman","Jun 17, 2018"
GSE100101,"Characterization of regulators of G protein signaling, rgsD and rax1 of Aspergillus fumigatus","Expression profiling by high throughput sequencing","Aspergillus fumigatus",6,,"TXT;SRA Run Selector","ftp://ftp.ncbi.nlm.nih.gov/geo/series/GSE100nnn/GSE100101/suppl;https://www.ncbi.nlm.nih.gov/Traces/study/?acc=PRJNA390719",30692551,SRP109349,"Kwang-Soo Shin","Jun 16, 2018"
GSE100128,"Expression profile of microRNAs in serum extracellular vesicles isolated from 6 healthy subjects","Non-coding RNA profiling by array","Homo sapiens",6,,"TXT","ftp://ftp.ncbi.nlm.nih.gov/geo/series/GSE100nnn/GSE100128/suppl",,,"Satoshi Kondo","Jun 16, 2018"
GSE106327,"The conserved regulatory RNA RsaE down-regulates the arginine degradation pathway in Staphylococcus aureus [Hybrid-Trap-seq]","Expression profiling by high throughput sequencing;Other","Staphylococcus aureus",4,,"CSV;GFF;SRA Run Selector","ftp://ftp.ncbi.nlm.nih.gov/geo/series/GSE106nnn/GSE106327/suppl;https://www.ncbi.nlm.nih.gov/Traces/study/?acc=PRJNA416319",29986060,SRP122931,"Tatiana Rochat","Jun 16, 2018"
GSE106456,"The conserved regulatory RNA RsaE down-regulates the arginine degradation pathway in Staphylococcus aureus [ssRNA-Seq]","Expression profiling by high throughput sequencing","Staphylococcus aureus",10,,"TXT;SRA Run Selector","ftp://ftp.ncbi.nlm.nih.gov/geo/series/GSE106nnn/GSE106456/suppl;https://www.ncbi.nlm.nih.gov/Traces/study/?acc=PRJNA416921",29986060,SRP123506,"Tatiana Rochat","Jun 16, 2018"
GSE106457,"The conserved regulatory RNA RsaE down-regulates the arginine degradation pathway in Staphylococcus aureus","Expression profiling by high throughput sequencing;Other","Staphylococcus aureus",14,,,,29986060,,"Tatiana Rochat","Jun 16, 2018"
GSE114477,"Association of Elevated Urinary miR-126, miR-155 and miR-29b with Diabetic Kidney Disease","Expression profiling by RT-PCR","Homo sapiens",8,,"TXT","ftp://ftp.ncbi.nlm.nih.gov/geo/series/GSE114nnn/GSE114477/suppl",29981742,,"Timothy Bowen","Jun 16, 2018"
GSE115844,"Expression data from edema toxin treated primary hepatocytes from 1–3-day-old neonatal A/J mice","Expression profiling by array","Mus musculus",8,,"CEL;CHP","ftp://ftp.ncbi.nlm.nih.gov/geo/series/GSE115nnn/GSE115844/suppl",,,"Lihong Wu","Jun 16, 2018"
GSE115855,"Genes expression of SU-DHL-2 cells treated with IL-17A","Expression profiling by array","Homo sapiens",6,,"TXT","ftp://ftp.ncbi.nlm.nih.gov/geo/series/GSE115nnn/GSE115855/suppl",,,"Weijie Zhong","Jun 16, 2018"
GSE115863,"Population specific and shared transcriptional responses of fish embryos exposed to PCB153","Expression profiling by high throughput sequencing","Fundulus heteroclitus",20,,"TXT;SRA Run Selector","ftp://ftp.ncbi.nlm.nih.gov/geo/series/GSE115nnn/GSE115863/suppl;https://www.ncbi.nlm.nih.gov/Traces/study/?acc=PRJNA476329",,SRP150628,"Neelakanteswar Aluru","Jun 16, 2018"
GSE115867,"The ESCRT-III protein CHMP1A mediates secretion of sonic hedgehog on a novel class of extracellular vesicles","Expression profiling by high throughput sequencing","Homo sapiens",16,,"TXT;SRA Run Selector","ftp://ftp.ncbi.nlm.nih.gov/geo/series/GSE115nnn/GSE115867/suppl;https://www.ncbi.nlm.nih.gov/Traces/study/?acc=PRJNA476335",30044992,SRP150634,"Frank MJ Jacobs","Jun 16, 2018"
GSE115870,"Real-time quantitative PCR analysis of induced pluripotent derived endothelial cells","Expression profiling by RT-PCR","Homo sapiens",3,,"TXT","ftp://ftp.ncbi.nlm.nih.gov/geo/series/GSE115nnn/GSE115870/suppl",30110647;30044986,,"Sharon Gerecht","Jun 16, 2018"
GSE115874,"The influence of the Chelidonium majus extract NSC-631570 on gene expression in the head and neck carcinoma cell line FaDu","Expression profiling by array","Homo sapiens",3,,"CEL;CHP","ftp://ftp.ncbi.nlm.nih.gov/geo/series/GSE115nnn/GSE115874/suppl",,,"Marianne Schmidt","Jun 16, 2018"
GSE115887,"Expression data from Drd2+ cells of mouse mPFC","Expression profiling by array","Mus musculus",2,,"CEL","ftp://ftp.ncbi.nlm.nih.gov/geo/series/GSE115nnn/GSE115887/suppl",30295716,,"Martin Beaulieu","Jun 16, 2018"
GSE115897,"Separable recruitment of DNA Polymerase α for leading- and lagging-strand replication initiation","Other","Saccharomyces cerevisiae",35,,"BED;XLS;SRA Run Selector","ftp://ftp.ncbi.nlm.nih.gov/geo/series/GSE115nnn/GSE115897/suppl;https://www.ncbi.nlm.nih.gov/Traces/study/?acc=PRJNA476375",,SRP150652,"Duncan Smith","Jun 16, 2018"
GSE115898,"Transcriptional landscape of epithelial and immune cell populations revealed through FACS-seq of healthy human skin","Expression profiling by high throughput sequencing","Homo sapiens",51,,"CSV;SRA Run Selector","ftp://ftp.ncbi.nlm.nih.gov/geo/series/GSE115nnn/GSE115898/suppl;https://www.ncbi.nlm.nih.gov/Traces/study/?acc=PRJNA476386",28465541,SRP150657,"Richard Sungho Ahn","Jun 16, 2018"
GSE29587,"Analysis of MAP Kinase Signaling Molecules p38, JNK, and Erk in Sulfur Mustard Toxicity Using Pharmacological Inhibitors and Gene Expression Profiling","Expression profiling by array","Homo sapiens",108,,"CEL","ftp://ftp.ncbi.nlm.nih.gov/geo/series/GSE29nnn/GSE29587/suppl",,,"James F Dillman","Jun 15, 2018"
GSE29588,"Transcriptional response of porcine skin to sulfur mustard","Expression profiling by array","Sus scrofa",63,,"CEL","ftp://ftp.ncbi.nlm.nih.gov/geo/series/GSE29nnn/GSE29588/suppl",,,"James F Dillman","Jun 15, 2018"
GSE29603,"Gene Expression Profile Comparison of Human Epidermal Keratinocyte Cell Culture Models Following Sulfur Mustard Exposure","Expression profiling by array","Homo sapiens",37,,"CEL","ftp://ftp.ncbi.nlm.nih.gov/geo/series/GSE29nnn/GSE29603/suppl",,,"James F Dillman","Jun 15, 2018"
GSE29604,"Comparison of transcriptional responses to sulfur mustard, nitrogen mustard, and half mustard exposure in epidermal keratinocytes","Expression profiling by array","Homo sapiens",456,,"CEL","ftp://ftp.ncbi.nlm.nih.gov/geo/series/GSE29nnn/GSE29604/suppl",,,"James F Dillman","Jun 15, 2018"
GSE57793,"Expression data from patients with Essential Thrombocythemia (ET), Polycythemia Vera (PV), Primary Myelofibrosis (PMF)","Expression profiling by array","Homo sapiens",66,,"CEL","ftp://ftp.ncbi.nlm.nih.gov/geo/series/GSE57nnn/GSE57793/suppl",27911124,,"Vibe Skov","Jun 15, 2018"
GSE69866,"IL-22 impedes the proliferation of Schwann cells and influence nerve regeneration","Expression profiling by high throughput sequencing","Rattus norvegicus",4,,"TXT;SRA Run Selector","ftp://ftp.ncbi.nlm.nih.gov/geo/series/GSE69nnn/GSE69866/suppl;https://www.ncbi.nlm.nih.gov/Traces/study/?acc=PRJNA287002",,SRP059489,"Shengming Xu","Jun 15, 2018"
GSE69870,"LncRNA MT1JP Interacts with TIAR to Modulate p53 pathway during Tumorigenesis","Non-coding RNA profiling by array","Homo sapiens",18,,"TXT","ftp://ftp.ncbi.nlm.nih.gov/geo/series/GSE69nnn/GSE69870/suppl",26909858,,"Jiao Yuan","Jun 15, 2018"
GSE69891,"Triple Inhibition of TGFb/BMP/GSK3 Signaling in Human Pluripotent Stem Cells Generates PAX6- Neural Progenitors with robust Self-renewal","Expression profiling by high throughput sequencing","Homo sapiens",2,,"TXT;SRA Run Selector","ftp://ftp.ncbi.nlm.nih.gov/geo/series/GSE69nnn/GSE69891/suppl;https://www.ncbi.nlm.nih.gov/Traces/study/?acc=PRJNA287033",,SRP059506,"qianyu chen","Jun 15, 2018"
GSE80803,"Comparison of DEG between neonatal male and female mice age of P0 by CHD8 Asn2373LysfsX2 heterozygote mutation","Expression profiling by high throughput sequencing","Mus musculus",12,,"TXT;SRA Run Selector","ftp://ftp.ncbi.nlm.nih.gov/geo/series/GSE80nnn/GSE80803/suppl;https://www.ncbi.nlm.nih.gov/Traces/study/?acc=PRJNA320001",30104731,SRP074155,"Eunjoon Kim","Jun 15, 2018"
GSE87367,"Comparison of DEG between neonatal male and female mice age of P25 by CHD8 Asn2373LysfsX2 heterozygote mutation.","Expression profiling by high throughput sequencing","Mus musculus",12,,"TXT;SRA Run Selector","ftp://ftp.ncbi.nlm.nih.gov/geo/series/GSE87nnn/GSE87367/suppl;https://www.ncbi.nlm.nih.gov/Traces/study/?acc=PRJNA344501",30104731,SRP090477,"Eunjoon Kim","Jun 15, 2018"
GSE87370,"Comparison of DEG between neonatal male and female mice by CHD8 Asn2373LysfsX2 heterozygote mutation","Expression profiling by high throughput sequencing","Mus musculus",36,,,,30104731,,"Eunjoon Kim","Jun 15, 2018"
GSE90643,"A molecular signature for rejuvenation characterizes lesional and non lesional skin following Metvix treatment in Actinic Keratosis patients.","Expression profiling by array","Homo sapiens",35,,"CEL","ftp://ftp.ncbi.nlm.nih.gov/geo/series/GSE90nnn/GSE90643/suppl",,,"CORINNE MENIGOT","Jun 15, 2018"
GSE91015,"Crispr-Cas9-mediated Aire gene editing in medullary thymic epithelial (mTEC) cells shows its role as a gene expression modulator during thymocyte adhesion","Expression profiling by high throughput sequencing","Mus musculus",8,,"TXT;SRA Run Selector","ftp://ftp.ncbi.nlm.nih.gov/geo/series/GSE91nnn/GSE91015/suppl;https://www.ncbi.nlm.nih.gov/Traces/study/?acc=PRJNA356644",29867946,SRP094724,"Geraldo A Passos","Jun 15, 2018"
GSE92521,"Analysis of parent-of-origin bias in gene expression levels","Expression profiling by high throughput sequencing","Homo sapiens",165,,"TXT;SRA Run Selector","ftp://ftp.ncbi.nlm.nih.gov/geo/series/GSE92nnn/GSE92521/suppl;https://www.ncbi.nlm.nih.gov/Traces/study/?acc=PRJNA357867",,SRP095272,"Andrew Sharp","Jun 15, 2018"
GSE92627,"Effect of GAGE12I and SPIN4 on the gene expression profile of BGC823 gastric cancer cells","Expression profiling by array","Homo sapiens",3,,"TXT","ftp://ftp.ncbi.nlm.nih.gov/geo/series/GSE92nnn/GSE92627/suppl",,,"Bo duan Shi","Jun 15, 2018"
GSE93527,"Expression analysis of human TAG2 primary bladder tumours","Expression profiling by array","Homo sapiens",35,,"CEL","ftp://ftp.ncbi.nlm.nih.gov/geo/series/GSE93nnn/GSE93527/suppl",29136510,,"Margaret A Knowles","Jun 15, 2018"
GSE95536,"Expression of TGFβ-inducible myosin-X predicts survival and chemotherapy resistance in squamous cell lung cancer","Expression profiling by high throughput sequencing","Homo sapiens",24,,"TSV;SRA Run Selector","ftp://ftp.ncbi.nlm.nih.gov/geo/series/GSE95nnn/GSE95536/suppl;https://www.ncbi.nlm.nih.gov/Traces/study/?acc=PRJNA377341",29934580,SRP100878,"Hauke Busch","Jun 15, 2018"
GSE99211,"RNA-seq data analysis of Smad5 knockout and wild type individual mouse amnion samples collected during early embryonic development ","Expression profiling by high throughput sequencing","Mus musculus",12,,"CSV;XLSX;SRA Run Selector","ftp://ftp.ncbi.nlm.nih.gov/geo/series/GSE99nnn/GSE99211/suppl;https://www.ncbi.nlm.nih.gov/Traces/study/?acc=PRJNA387571",29884675,SRP107855,"Stein Aerts","Jun 15, 2018"
GSE99274,"Dynamic bimodal changes in CpG and non-CpG methylation genome-wide upon CGGBP1 loss-of-function","Methylation profiling by high throughput sequencing","Homo sapiens",2,,"BED;TXT;SRA Run Selector","ftp://ftp.ncbi.nlm.nih.gov/geo/series/GSE99nnn/GSE99274/suppl;https://www.ncbi.nlm.nih.gov/Traces/study/?acc=PRJNA387900",29966527,SRP107962,"Umashankar Singh","Jun 15, 2018"
GSE100061,"The C-terminal multimerization domain is essential for leukemia development by CBFβ-SMMHC","Expression profiling by high throughput sequencing","Mus musculus",9,,"XLSX;SRA Run Selector","ftp://ftp.ncbi.nlm.nih.gov/geo/series/GSE100nnn/GSE100061/suppl;https://www.ncbi.nlm.nih.gov/Traces/study/?acc=PRJNA390612",28819283,SRP109270,"Pu Paul Liu","Jun 15, 2018"
GSE103377,"Hippocampus transcriptome analysis of CHD8 Asn2373LysfsX2 heterozygote mutation mice age of P25","Expression profiling by high throughput sequencing","Mus musculus",12,,"TXT;SRA Run Selector","ftp://ftp.ncbi.nlm.nih.gov/geo/series/GSE103nnn/GSE103377/suppl;https://www.ncbi.nlm.nih.gov/Traces/study/?acc=PRJNA401711",30104731,SRP131336,"Eunjoon Kim","Jun 15, 2018"
GSE104127,"Next Generation Sequencing Analysis of WT and Hectd3–/– BMDMs during F. novicida infection","Expression profiling by high throughput sequencing","Mus musculus",6,,"TXT;SRA Run Selector","ftp://ftp.ncbi.nlm.nih.gov/geo/series/GSE104nnn/GSE104127/suppl;https://www.ncbi.nlm.nih.gov/Traces/study/?acc=PRJNA411777",29920190,SRP118600,"Xiaopeng Qi","Jun 15, 2018"
GSE107060,"Transcriptomic analysis of mouse embryonic stem cells during early differentiation and the effect of mTORC1 regulators knockout","Expression profiling by high throughput sequencing","Mus musculus",18,,"TXT;SRA Run Selector","ftp://ftp.ncbi.nlm.nih.gov/geo/series/GSE107nnn/GSE107060/suppl;https://www.ncbi.nlm.nih.gov/Traces/study/?acc=PRJNA418942",,SRP125196,"Meng Li","Jun 15, 2018"
GSE108511,"Comparison of the Transcriptome Profile of four Tissue Specific MSCs: Significance and Therapeutic Implications","Expression profiling by array","Homo sapiens",18,,"CEL;CHP","ftp://ftp.ncbi.nlm.nih.gov/geo/series/GSE108nnn/GSE108511/suppl",,,"DANA HATTAB","Jun 15, 2018"
GSE109132,"One color Agilent experiment of T. cruzi (Dm28C)infected and control human primary cardiomyocyte","Expression profiling by array","Homo sapiens",20,,"TXT","ftp://ftp.ncbi.nlm.nih.gov/geo/series/GSE109nnn/GSE109132/suppl",,,"Gabriela Libisch","Jun 15, 2018"
GSE110811,"Distinct Gene Expression Profiles Define Anaplastic Grade in Retinoblastoma","Expression profiling by array","Homo sapiens",34,,"CEL","ftp://ftp.ncbi.nlm.nih.gov/geo/series/GSE110nnn/GSE110811/suppl",30036517,,"Hans E Grossniklaus","Jun 15, 2018"
GSE111938,"Next Generation Sequencing Analysis of Wild Type Mouse Embryonic Fibroblast (MEFs) Transcriptomes Stimulated by Viral Mimics","Expression profiling by high throughput sequencing","Mus musculus",9,,"TXT;SRA Run Selector","ftp://ftp.ncbi.nlm.nih.gov/geo/series/GSE111nnn/GSE111938/suppl;https://www.ncbi.nlm.nih.gov/Traces/study/?acc=PRJNA438651",,SRP135872,"Piergiorgio Percipalle","Jun 15, 2018"
GSE113294,"Developmental vascular regression is regulated by a Wnt/b-catenin, MYC, P21 (CDKN1A) pathway that controls cell proliferation and cell death","Expression profiling by high throughput sequencing","Mus musculus",1,,"XLSX;SRA Run Selector","ftp://ftp.ncbi.nlm.nih.gov/geo/series/GSE113nnn/GSE113294/suppl;https://www.ncbi.nlm.nih.gov/Traces/study/?acc=PRJNA450678",29777010,SRP140740,"Gowri Nayak Sarangdhar","Jun 15, 2018"
GSE113333,"Human intestinal biopsy gene expression after infection with Salmonella enterica serovar Typhi","Expression profiling by high throughput sequencing","Homo sapiens;Salmonella enterica subsp. enterica serovar Typhi str. Ty2",13,,"DIFF;TXT;SRA Run Selector","ftp://ftp.ncbi.nlm.nih.gov/geo/series/GSE113nnn/GSE113333/suppl;https://www.ncbi.nlm.nih.gov/Traces/study/?acc=PRJNA450828",29735417,SRP140918,"Alessio Fasano","Jun 15, 2018"
GSE113509,"Identification of differentially expressed genes and pathways in mice exposed to mixed field neutron/x-ray radiation","Expression profiling by array","Mus musculus",36,,"TXT","ftp://ftp.ncbi.nlm.nih.gov/geo/series/GSE113nnn/GSE113509/suppl",29954325,,"Constantinos Broustas","Jun 15, 2018"
GSE114580,"Hepatic gene expression in growth restricted fetal sheep after an acute hyperinsulinemic clamp or saline infusion at 0.9 gestation","Expression profiling by array","Bos taurus;Ovis aries",12,,"CEL","ftp://ftp.ncbi.nlm.nih.gov/geo/series/GSE114nnn/GSE114580/suppl",,,"Stephanie R Wesolowski","Jun 15, 2018"
GSE115112,"Estrogen responsive transcriptome of estrogen receptor positive normal human breast cells in 3D cultures","Expression profiling by high throughput sequencing","Homo sapiens",39,,"CSV;GTF;SRA Run Selector","ftp://ftp.ncbi.nlm.nih.gov/geo/series/GSE115nnn/GSE115112/suppl;https://www.ncbi.nlm.nih.gov/Traces/study/?acc=PRJNA473820",,SRP149366,"Paul Yaswen","Jun 15, 2018"
GSE115790,"Transcriptional response to long-term soybean aphid infestation in susceptible and resistant soybean plants","Expression profiling by array","Glycine max",12,,"CEL","ftp://ftp.ncbi.nlm.nih.gov/geo/series/GSE115nnn/GSE115790/suppl",,,"Gustavo Carlos MacIntosh","Jun 15, 2018"
GSE115792,"RNA-Seq of WT and -P treatment","Expression profiling by high throughput sequencing","Musa acuminata subsp. malaccensis",4,,"TXT;SRA Run Selector","ftp://ftp.ncbi.nlm.nih.gov/geo/series/GSE115nnn/GSE115792/suppl;https://www.ncbi.nlm.nih.gov/Traces/study/?acc=PRJNA476062",,SRP150509,"rui xiong","Jun 15, 2018"
GSE115795,"Integrative single-cell analysis reveals human germinal center dynamics de-synchronized in B cell lymphoma","Expression profiling by high throughput sequencing","Homo sapiens",2,,"CSV;SRA Run Selector","ftp://ftp.ncbi.nlm.nih.gov/geo/series/GSE115nnn/GSE115795/suppl;https://www.ncbi.nlm.nih.gov/Traces/study/?acc=PRJNA476067",30104629,SRP150512,"Pierre Milpied","Jun 15, 2018"
GSE115796,"RNAseq of maize stem at three developmental stages","Expression profiling by high throughput sequencing","Zea mays",18,,"XLS;SRA Run Selector","ftp://ftp.ncbi.nlm.nih.gov/geo/series/GSE115nnn/GSE115796/suppl;https://www.ncbi.nlm.nih.gov/Traces/study/?acc=PRJNA476069",,SRP150518,"Hengsheng Wang","Jun 15, 2018"
GSE115799,"Transcriptional analysis of adipose tissue during post-natal development reveals depot-specific responsiveness to maternal dietary supplementation","Expression profiling by array","Homo sapiens;Ovis aries",49,,"CEL","ftp://ftp.ncbi.nlm.nih.gov/geo/series/GSE115nnn/GSE115799/suppl",,,"Hernan Pablo Fainberg","Jun 15, 2018"
GSE115800,"Differentially expressed genes after miRNA or inhibitor transfection in human cancer cell lines","Expression profiling by array","Homo sapiens",8,,"TXT","ftp://ftp.ncbi.nlm.nih.gov/geo/series/GSE115nnn/GSE115800/suppl",30444038,,"Naohiko Seki","Jun 15, 2018"
GSE115801,"Differentially expressed genes after miRNA or siRNA transfection in human cancer cell lines III","Expression profiling by array","Homo sapiens",8,,"TXT","ftp://ftp.ncbi.nlm.nih.gov/geo/series/GSE115nnn/GSE115801/suppl",30444038,,"Naohiko Seki","Jun 15, 2018"
GSE115810,"Expression profiling of endometrial cancer of different grades","Expression profiling by array","Homo sapiens",27,,"CEL;CHP","ftp://ftp.ncbi.nlm.nih.gov/geo/series/GSE115nnn/GSE115810/suppl",,,"Urszula Mazurek","Jun 15, 2018"
GSE115822,"PIXUL-ChIP-seq analysis of genome-wide epigenetic marks binding in human HCT116 cells","Genome binding/occupancy profiling by high throughput sequencing","Homo sapiens",7,,"BROADPEAK;BW;SRA Run Selector","ftp://ftp.ncbi.nlm.nih.gov/geo/series/GSE115nnn/GSE115822/suppl;https://www.ncbi.nlm.nih.gov/Traces/study/?acc=PRJNA476139",,SRP150549,"Karol Bomsztyk","Jun 15, 2018"
GSE70232,"Genome-wide chromatin localization maps of the endogenously expressed AID-labelled kinase/ATPase Rio1 in Saccharomyces cerevisiae W303, as determined under unperturbed culture conditions (YPD medium, exponential growth, 23°C)","Genome binding/occupancy profiling by high throughput sequencing","Saccharomyces cerevisiae",3,,"BED;SRA Run Selector","ftp://ftp.ncbi.nlm.nih.gov/geo/series/GSE70nnn/GSE70232/suppl;https://www.ncbi.nlm.nih.gov/Traces/study/?acc=PRJNA287950",,SRP059895,"Peter De Wulf","Jun 14, 2018"
GSE70286,"Defining the Rio1 transcriptome in the yeast Saccharomyces cerevisiae","Expression profiling by high throughput sequencing","Saccharomyces cerevisiae",6,,"TXT;SRA Run Selector","ftp://ftp.ncbi.nlm.nih.gov/geo/series/GSE70nnn/GSE70286/suppl;https://www.ncbi.nlm.nih.gov/Traces/study/?acc=PRJNA288160",,SRP059888,"Peter De Wulf","Jun 14, 2018"
GSE70287,"The kinase/ATPase Rio1 coordinates yeast metabolism, physiology, growth and cell division at multiple levels","Genome binding/occupancy profiling by high throughput sequencing;Expression profiling by high throughput sequencing","Saccharomyces cerevisiae",9,,"BED;TXT","ftp://ftp.ncbi.nlm.nih.gov/geo/series/GSE70nnn/GSE70287/suppl",,,"Peter De Wulf","Jun 14, 2018"
GSE93673,"Changes in DNA methylation pattern following intervention in PTSD patients","Methylation profiling by high throughput sequencing","Homo sapiens",28,,"TXT;SRA Run Selector","ftp://ftp.ncbi.nlm.nih.gov/geo/series/GSE93nnn/GSE93673/suppl;https://www.ncbi.nlm.nih.gov/Traces/study/?acc=PRJNA361512",29514460,SRP096836,"Sijung Yun","Jun 14, 2018"
GSE94630,"Transcriptome analysis of SATB1- and SATB1+ Hematopoietic stem cells.","Expression profiling by high throughput sequencing","Mus musculus",2,,"TXT;SRA Run Selector","ftp://ftp.ncbi.nlm.nih.gov/geo/series/GSE94nnn/GSE94630/suppl;https://www.ncbi.nlm.nih.gov/Traces/study/?acc=PRJNA371635",29898394,SRP099008,"Daisuke Okuzaki","Jun 14, 2018"
GSE97304,"A Dynamic Interplay of Klf4  Enhancer Elements Drives Naïve-pluripotency","Genome binding/occupancy profiling by high throughput sequencing","Mus musculus",4,,"BED;TXT;SRA Run Selector","ftp://ftp.ncbi.nlm.nih.gov/geo/series/GSE97nnn/GSE97304/suppl;https://www.ncbi.nlm.nih.gov/Traces/study/?acc=PRJNA381228",28982762,SRP102850,"Robert Tjian","Jun 14, 2018"
GSE97795,"The fate of CD8+ T cells during infection is linked to their developmental origin [Naïve_Timestamp]","Expression profiling by high throughput sequencing","Mus musculus",4,,"DIFF;TXT;SRA Run Selector","ftp://ftp.ncbi.nlm.nih.gov/geo/series/GSE97nnn/GSE97795/suppl;https://www.ncbi.nlm.nih.gov/Traces/study/?acc=PRJNA382896",29909981,SRP103925,"Jennifer K Grenier","Jun 14, 2018"
GSE97802,"The fate of CD8+ T cells during infection is linked to their developmental origin","Expression profiling by high throughput sequencing","Mus musculus",20,,"BW","ftp://ftp.ncbi.nlm.nih.gov/geo/series/GSE97nnn/GSE97802/suppl",29909981,,"Jennifer K Grenier","Jun 14, 2018"
GSE98653,"RNA-seq of ten guinea pig tissues from breeders and non-breeders","Expression profiling by high throughput sequencing","Cavia porcellus",238,,"XLS;SRA Run Selector","ftp://ftp.ncbi.nlm.nih.gov/geo/series/GSE98nnn/GSE98653/suppl;https://www.ncbi.nlm.nih.gov/Traces/study/?acc=PRJNA385822",30068345,SRP106639,"Marco Groth","Jun 14, 2018"
GSE98663,"RNA-seq of nine naked mole-rat tissues from breeders and non-breeders","Expression profiling by high throughput sequencing","Heterocephalus glaber",215,,"XLS;SRA Run Selector","ftp://ftp.ncbi.nlm.nih.gov/geo/series/GSE98nnn/GSE98663/suppl;https://www.ncbi.nlm.nih.gov/Traces/study/?acc=PRJNA385839",30068345,SRP106647,"Marco Groth","Jun 14, 2018"
GSE98667,"RNA-seq of naked mole-rat liver from breeders and non-breeders [livers]","Expression profiling by high throughput sequencing","Heterocephalus glaber",23,,"XLS;SRA Run Selector","ftp://ftp.ncbi.nlm.nih.gov/geo/series/GSE98nnn/GSE98667/suppl;https://www.ncbi.nlm.nih.gov/Traces/study/?acc=PRJNA385850",30068345,SRP106650,"Marco Groth","Jun 14, 2018"
GSE98719,"RNA-seq of breeding and non-breeding naked mole-rats and guinea pigs","Expression profiling by high throughput sequencing","Cavia porcellus;Heterocephalus glaber",476,,,,30068345,,"Marco Groth","Jun 14, 2018"
GSE98767,"Integration of genomic driver events and gene expression profiles in cutaneous squamous cell carcinoma","Expression profiling by array","Homo sapiens",54,,"TXT","ftp://ftp.ncbi.nlm.nih.gov/geo/series/GSE98nnn/GSE98767/suppl",,,"Ai Nagano","Jun 14, 2018"
GSE98774,"Investigation of potential tumour suppressor or tumour promoter roles in cutaneous squamous cell carcinoma progression","Expression profiling by array","Homo sapiens",54,,"CEL","ftp://ftp.ncbi.nlm.nih.gov/geo/series/GSE98nnn/GSE98774/suppl",,,"Ai Nagano","Jun 14, 2018"
GSE98780,"The genomic landscape of cutaneous squamous cell carcinoma","Expression profiling by array","Homo sapiens",108,,"CEL","ftp://ftp.ncbi.nlm.nih.gov/geo/series/GSE98nnn/GSE98780/suppl",,,"Ai Nagano","Jun 14, 2018"
GSE99373,"Transcriptomic profile of circulating memory CD4 T cells can differentiate between latent tuberculosis individuals and healthy controls","Expression profiling by high throughput sequencing","Homo sapiens",39,,"XLSX;SRA Run Selector","ftp://ftp.ncbi.nlm.nih.gov/geo/series/GSE99nnn/GSE99373/suppl;https://www.ncbi.nlm.nih.gov/Traces/study/?acc=PRJNA388214",29602771,SRP108135,"Bjoern Peters","Jun 14, 2018"
GSE99853,"Integrated transcriptomics network analysis of miRNA and mRNA in human myometrium in term and preterm labor.","Non-coding RNA profiling by high throughput sequencing","Homo sapiens",20,,"TXT","ftp://ftp.ncbi.nlm.nih.gov/geo/series/GSE99nnn/GSE99853/suppl",29447339,,"William Edward Ackerman IV","Jun 14, 2018"
GSE101421,"Next-generation sequencing facilitates quantitative analysis of DNAM-1+ and DNAM-1- natural killer (NK) cells transcriptomes in mouse MLL-AF9 AML leukemia","Expression profiling by high throughput sequencing","Mus musculus",4,,"TXT;SRA Run Selector","ftp://ftp.ncbi.nlm.nih.gov/geo/series/GSE101nnn/GSE101421/suppl;https://www.ncbi.nlm.nih.gov/Traces/study/?acc=PRJNA394158",29154208,SRP111880,"Guo Guang Zheng","Jun 14, 2018"
GSE101545,"Immunomodulatory effects of dietary seaweeds in LPS challenged Atlantic salmon Salmo salar as determined by deep RNA sequencing of the head kidney transcriptome","Expression profiling by high throughput sequencing","Salmo salar",9,,"XLSX;SRA Run Selector","ftp://ftp.ncbi.nlm.nih.gov/geo/series/GSE101nnn/GSE101545/suppl;https://www.ncbi.nlm.nih.gov/Traces/study/?acc=PRJNA394761",,SRP112619,"Ron P Dirks","Jun 14, 2018"
GSE103771,"Single-cell RNA sequencing of Drosophila melanogaster optic lobe cells","Expression profiling by high throughput sequencing","Drosophila melanogaster",1,,"TXT;SRA Run Selector","ftp://ftp.ncbi.nlm.nih.gov/geo/series/GSE103nnn/GSE103771/suppl;https://www.ncbi.nlm.nih.gov/Traces/study/?acc=PRJNA406953",29909983,SRP117352,"NIKOLAOS KONSTANTINIDES","Jun 14, 2018"
GSE103772,"RNA sequencing of Drosophila melanogaster optic lobe cell types","Expression profiling by high throughput sequencing","Drosophila melanogaster",19,,"TXT;SRA Run Selector","ftp://ftp.ncbi.nlm.nih.gov/geo/series/GSE103nnn/GSE103772/suppl;https://www.ncbi.nlm.nih.gov/Traces/study/?acc=PRJNA406954",29909983,SRP117353,"NIKOLAOS KONSTANTINIDES","Jun 14, 2018"
GSE104103,"SOX9 has distinct regulatory roles in alternative splicing and transcription","Expression profiling by high throughput sequencing","Homo sapiens",13,,"TXT;XLSX;SRA Run Selector","ftp://ftp.ncbi.nlm.nih.gov/geo/series/GSE104nnn/GSE104103/suppl;https://www.ncbi.nlm.nih.gov/Traces/study/?acc=PRJNA408241",29901772,SRP118481,"Peggy Raynaud","Jun 14, 2018"
GSE104670,"Bmp2 and Notch cooperate to pattern the embryonic endocardium","Expression profiling by high throughput sequencing","Mus musculus",8,,"XLS;SRA Run Selector","ftp://ftp.ncbi.nlm.nih.gov/geo/series/GSE104nnn/GSE104670/suppl;https://www.ncbi.nlm.nih.gov/Traces/study/?acc=PRJNA413427",29853617,SRP119485,"Jose Luis de la Pompa","Jun 14, 2018"
GSE104815,"Expression data from childhood obesity","Non-coding RNA profiling by array;Expression profiling by array","Homo sapiens",8,,"TXT","ftp://ftp.ncbi.nlm.nih.gov/geo/series/GSE104nnn/GSE104815/suppl",29884798,,"Yuesheng Liu","Jun 14, 2018"
GSE106234,"Calcipotriol vs. calcitriol in hepatocellular gene expression","Expression profiling by array","Homo sapiens",6,,"CEL","ftp://ftp.ncbi.nlm.nih.gov/geo/series/GSE106nnn/GSE106234/suppl",,,"Christian M Lange","Jun 14, 2018"
GSE107662,"Age-specific biological and molecular profiling distinguishes paediatric from adult acute myeloid leukaemias","Expression profiling by high throughput sequencing","Mus musculus",12,,"TXT;SRA Run Selector","ftp://ftp.ncbi.nlm.nih.gov/geo/series/GSE107nnn/GSE107662/suppl;https://www.ncbi.nlm.nih.gov/Traces/study/?acc=PRJNA420990",30538250,SRP126083,"Othmar Korn","Jun 14, 2018"
GSE107873,"Tetraspanin family member functionally resolves and facilitates the purification of adult pluripotent stem cells used for whole-body regeneration (Single)","Expression profiling by high throughput sequencing","Schmidtea mediterranea",162,,"CSV;XLSX;SRA Run Selector","ftp://ftp.ncbi.nlm.nih.gov/geo/series/GSE107nnn/GSE107873/suppl;https://www.ncbi.nlm.nih.gov/Traces/study/?acc=PRJNA421769",29906446,SRP126427,"Hua Li","Jun 14, 2018"
GSE107874,"A tetraspanin family member functionally resolves and facilitates the purification of adult pluripotent stem cells used for whole-body regeneration (Bulk)","Expression profiling by high throughput sequencing","Schmidtea mediterranea",96,,"XLSX;SRA Run Selector","ftp://ftp.ncbi.nlm.nih.gov/geo/series/GSE107nnn/GSE107874/suppl;https://www.ncbi.nlm.nih.gov/Traces/study/?acc=PRJNA421768",29906446,SRP126428,"Hua Li","Jun 14, 2018"
GSE107875,"A tetraspanin family member functionally resolves and facilitates the purification of adult pluripotent stem cells used for whole-body regeneration","Expression profiling by high throughput sequencing","Schmidtea mediterranea",258,,,,29906446,,"Hua Li","Jun 14, 2018"
GSE108139,"An epigenomic approach to identifying differential overlapping and cis-acting lncRNAs in cisplatin-resistant cancer cells","Expression profiling by array","Homo sapiens",16,,"TXT","ftp://ftp.ncbi.nlm.nih.gov/geo/series/GSE108nnn/GSE108139/suppl",29436261,,"Carlos Rodriguez Antolin","Jun 14, 2018"
GSE109317,"An epigenomic approach to identifying differential overlapping and cis-acting lncRNAs in cisplatin-resistant cancer cells [BiSulfite-seq]","Methylation profiling by high throughput sequencing","Homo sapiens",8,,"TXT;SRA Run Selector","ftp://ftp.ncbi.nlm.nih.gov/geo/series/GSE109nnn/GSE109317/suppl;https://www.ncbi.nlm.nih.gov/Traces/study/?acc=PRJNA430411",29436261,SRP131087,"Carlos Rodriguez Antolin","Jun 14, 2018"
GSE109401,"Proteogenomic Analysis of Medulloblastoma [gene expression microarray]","Expression profiling by array","Homo sapiens",24,,"CEL","ftp://ftp.ncbi.nlm.nih.gov/geo/series/GSE109nnn/GSE109401/suppl",29880060,,"Samuel Rivero-Hinojosa","Jun 14, 2018"
GSE109402,"Proteogenomic Analysis of Medulloblastoma [methylation array]","Methylation profiling by genome tiling array","Homo sapiens",38,,"IDAT;TXT","ftp://ftp.ncbi.nlm.nih.gov/geo/series/GSE109nnn/GSE109402/suppl",29880060,,"Samuel Rivero-Hinojosa","Jun 14, 2018"
GSE109403,"Proteogenomic Analysis of Medulloblastoma","Expression profiling by array;Methylation profiling by genome tiling array","Homo sapiens",62,,"CEL;IDAT","ftp://ftp.ncbi.nlm.nih.gov/geo/series/GSE109nnn/GSE109403/suppl",29880060,,"Samuel Rivero-Hinojosa","Jun 14, 2018"
GSE109455,"Gene regulation in monocytes and CD4+ T cells from low-SES vs. high-SES children with asthma","Expression profiling by array","Homo sapiens",196,,"TXT","ftp://ftp.ncbi.nlm.nih.gov/geo/series/GSE109nnn/GSE109455/suppl",29528197,,"Steve Cole","Jun 14, 2018"
GSE109753,"The fate of CD8+ T cells during infection is linked to their developmental origin [VirtualMemory_and_TrueNaïve_timestamp]","Expression profiling by high throughput sequencing","Mus musculus",6,,"DIFF;TXT;SRA Run Selector","ftp://ftp.ncbi.nlm.nih.gov/geo/series/GSE109nnn/GSE109753/suppl;https://www.ncbi.nlm.nih.gov/Traces/study/?acc=PRJNA431918",29909981,SRP131622,"Jennifer K Grenier","Jun 14, 2018"
GSE109754,"The fate of CD8+ T cells during infection is linked to their developmental origin [Virtual_Memory_following_infection_timestamp]","Expression profiling by high throughput sequencing","Mus musculus",4,,"DIFF;TXT;SRA Run Selector","ftp://ftp.ncbi.nlm.nih.gov/geo/series/GSE109nnn/GSE109754/suppl;https://www.ncbi.nlm.nih.gov/Traces/study/?acc=PRJNA431923",29909981,SRP131625,"Jennifer K Grenier","Jun 14, 2018"
GSE109932,"The probiotic Escherichia coli strain Nissle 1917 combats the lambdoid bacteriophages stx and λ","Expression profiling by high throughput sequencing","Escherichia coli Nissle 1917",6,,"TXT;WIG;SRA Run Selector","ftp://ftp.ncbi.nlm.nih.gov/geo/series/GSE109nnn/GSE109932/suppl;https://www.ncbi.nlm.nih.gov/Traces/study/?acc=PRJNA432361",29896160,SRP131876,"Richa Bharti","Jun 14, 2018"
GSE110030,"The fate of CD8+ T cells during infection is linked to their developmental origin [VirtualMemory_and_TrueNaïve_timestamp_ATACseq]","Genome binding/occupancy profiling by high throughput sequencing","Mus musculus",6,,"BED;BW;TSV;SRA Run Selector","ftp://ftp.ncbi.nlm.nih.gov/geo/series/GSE110nnn/GSE110030/suppl;https://www.ncbi.nlm.nih.gov/Traces/study/?acc=PRJNA432586",29909981,SRP132009,"Jennifer K Grenier","Jun 14, 2018"
GSE110086,"Run or die in the evolution of de novo microRNAs","Expression profiling by high throughput sequencing;Non-coding RNA profiling by high throughput sequencing","Drosophila erecta;Drosophila melanogaster;Drosophila sechellia;Drosophila simulans",10,,"FA;XLSX;SRA Run Selector","ftp://ftp.ncbi.nlm.nih.gov/geo/series/GSE110nnn/GSE110086/suppl;https://www.ncbi.nlm.nih.gov/Traces/study/?acc=PRJNA432727",,SRP132078,"Yixin Zhao","Jun 14, 2018"
GSE110307,"Analysis of differential gene expression in the Streptococcus sanguinis brpL mutant","Expression profiling by high throughput sequencing","Streptococcus sanguinis",16,,"TXT;SRA Run Selector","ftp://ftp.ncbi.nlm.nih.gov/geo/series/GSE110nnn/GSE110307/suppl;https://www.ncbi.nlm.nih.gov/Traces/study/?acc=PRJNA433411",29896189,SRP132410,"Ping Xu","Jun 14, 2018"
GSE111560,"RNA-Seq gene expression regulated by Drosophila insulin-like peptides DILP2 and DILP5 in S2 cells","Expression profiling by high throughput sequencing","Drosophila melanogaster",9,,"CSV;SRA Run Selector","ftp://ftp.ncbi.nlm.nih.gov/geo/series/GSE111nnn/GSE111560/suppl;https://www.ncbi.nlm.nih.gov/Traces/study/?acc=PRJNA437433",29892262,SRP134175,"Stephanie Post","Jun 14, 2018"
GSE111739,"Opposing roles of miR-290 family and muscleblind-like proteins in the regulation of embryonic stem cell-specific alternative splicing and gene expression program","Expression profiling by high throughput sequencing","Mus musculus",8,,"TXT;SRA Run Selector","ftp://ftp.ncbi.nlm.nih.gov/geo/series/GSE111nnn/GSE111739/suppl;https://www.ncbi.nlm.nih.gov/Traces/study/?acc=PRJNA438001",29735517,SRP135104,"Yangming Wang","Jun 14, 2018"
GSE111846,"KDM5B decommissions the H3K4 methylation landscape of self-renewal genes during trophoblast stem cell differentiation [ChIP-seq]","Genome binding/occupancy profiling by high throughput sequencing","Mus musculus",24,,"BEDGRAPH;SRA Run Selector","ftp://ftp.ncbi.nlm.nih.gov/geo/series/GSE111nnn/GSE111846/suppl;https://www.ncbi.nlm.nih.gov/Traces/study/?acc=PRJNA438402",29748167,SRP135824,"Benjamin L Kidder","Jun 14, 2018"
GSE111847,"KDM5B decommissions the H3K4 methylation landscape of self-renewal genes during trophoblast stem cell differentiation [RNA-seq]","Expression profiling by high throughput sequencing","Mus musculus",5,,"BEDGRAPH;TXT;SRA Run Selector","ftp://ftp.ncbi.nlm.nih.gov/geo/series/GSE111nnn/GSE111847/suppl;https://www.ncbi.nlm.nih.gov/Traces/study/?acc=PRJNA438403",29748167,SRP135823,"Benjamin L Kidder","Jun 14, 2018"
GSE111848,"KDM5B decommissions the H3K4 methylation landscape of self-renewal genes during trophoblast stem cell differentiation","Expression profiling by high throughput sequencing;Genome binding/occupancy profiling by high throughput sequencing","Mus musculus",29,,"BEDGRAPH;TXT","ftp://ftp.ncbi.nlm.nih.gov/geo/series/GSE111nnn/GSE111848/suppl",29748167,,"Benjamin L Kidder","Jun 14, 2018"
GSE111912,"The comparison of high-throughput single-cell RNA-seq methods","Expression profiling by high throughput sequencing","Homo sapiens",7,,"TXT;SRA Run Selector","ftp://ftp.ncbi.nlm.nih.gov/geo/series/GSE111nnn/GSE111912/suppl;https://www.ncbi.nlm.nih.gov/Traces/study/?acc=PRJNA438523",30472192,SRP135814,"Xiannian Zhang","Jun 14, 2018"
GSE112360,"The Stat3 target Mettl8 regulates mouse ESCs differentiation via inhibiting JNK pathway","Expression profiling by high throughput sequencing","Mus musculus",2,,"TXT;SRA Run Selector","ftp://ftp.ncbi.nlm.nih.gov/geo/series/GSE112nnn/GSE112360/suppl;https://www.ncbi.nlm.nih.gov/Traces/study/?acc=PRJNA445796",29706498,SRP136518,"Ying Li","Jun 14, 2018"
GSE113208,"RNAseq of Wild Type and IL27ra KO CD8+ Tumor infiltrating lymphocytes isolated from B16F10 melanoma.","Expression profiling by high throughput sequencing","Mus musculus",9,,"TXT;SRA Run Selector","ftp://ftp.ncbi.nlm.nih.gov/geo/series/GSE113nnn/GSE113208/suppl;https://www.ncbi.nlm.nih.gov/Traces/study/?acc=PRJNA450427",29899446,SRP140543,"Asaf Madi","Jun 14, 2018"
GSE113216,"Microarray expression data of naïve CD4 and CD8 T cells stimulated with IL27.","Expression profiling by array","Mus musculus",12,,"CEL;TXT","ftp://ftp.ncbi.nlm.nih.gov/geo/series/GSE113nnn/GSE113216/suppl",29899446,,"Asaf Madi","Jun 14, 2018"
GSE113221,"RNAseq of Wild Type and Prdm1/c-Maf cDKO CD8+ Tumor infiltrating lymphocytes isolated from B16F10 melanoma","Expression profiling by high throughput sequencing","Mus musculus",25,,"TXT;SRA Run Selector","ftp://ftp.ncbi.nlm.nih.gov/geo/series/GSE113nnn/GSE113221/suppl;https://www.ncbi.nlm.nih.gov/Traces/study/?acc=PRJNA453795",29899446,SRP143590,"Asaf Madi","Jun 14, 2018"
GSE113262,"Single cell RNAseq of Wild Type and IL27ra KO Tumor infiltrating lymphocytes isolated from B16F10 melanoma batch 1","Expression profiling by high throughput sequencing","Mus musculus",380,,"TXT;SRA Run Selector","ftp://ftp.ncbi.nlm.nih.gov/geo/series/GSE113nnn/GSE113262/suppl;https://www.ncbi.nlm.nih.gov/Traces/study/?acc=PRJNA453600",29899446,SRP142640,"Asaf Madi","Jun 14, 2018"
GSE113280,"Single cell RNAseq of Wild Type and IL27ra KO Tumor infiltrating lymphocytes isolated from B16F10 melanoma batch 2","Expression profiling by high throughput sequencing","Mus musculus",371,,"TXT;SRA Run Selector","ftp://ftp.ncbi.nlm.nih.gov/geo/series/GSE113nnn/GSE113280/suppl;https://www.ncbi.nlm.nih.gov/Traces/study/?acc=PRJNA454497",29899446,SRP144229,"Asaf Madi","Jun 14, 2018"
GSE113689,"Single cell RNAseq of Wild Type and IL27ra KO Tumor infiltrating lymphocytes isolated from B16F10 melanoma batch 3","Expression profiling by high throughput sequencing","Mus musculus",380,,"TXT;SRA Run Selector","ftp://ftp.ncbi.nlm.nih.gov/geo/series/GSE113nnn/GSE113689/suppl;https://www.ncbi.nlm.nih.gov/Traces/study/?acc=PRJNA453800",29899446,SRP143389,"Asaf Madi","Jun 14, 2018"
GSE113807,"Single cell RNAseq of Wild Type and IL27ra KO Tumor infiltrating lymphocytes isolated from B16F10 melanoma batch 4","Expression profiling by high throughput sequencing","Mus musculus",378,,"TXT;SRA Run Selector","ftp://ftp.ncbi.nlm.nih.gov/geo/series/GSE113nnn/GSE113807/suppl;https://www.ncbi.nlm.nih.gov/Traces/study/?acc=PRJNA454498",29899446,SRP144232,"Asaf Madi","Jun 14, 2018"
GSE113811,"Single cell RNAseq of Wild Type and IL27ra KO Tumor infiltrating lymphocytes isolated from B16F10 melanoma batch 5","Expression profiling by high throughput sequencing","Mus musculus",384,,"TXT;SRA Run Selector","ftp://ftp.ncbi.nlm.nih.gov/geo/series/GSE113nnn/GSE113811/suppl;https://www.ncbi.nlm.nih.gov/Traces/study/?acc=PRJNA454029",29899446,SRP143528,"Asaf Madi","Jun 14, 2018"
GSE113968,"The induction and transcriptional regulation of the co-inhibitory gene module in T cells by IL-27","Expression profiling by high throughput sequencing","Mus musculus",1939,,"CEL","ftp://ftp.ncbi.nlm.nih.gov/geo/series/GSE113nnn/GSE113968/suppl",29899446,,"Asaf Madi","Jun 14, 2018"
GSE114023,"ChIP-seq data for H3K27 acetylation from 7-month-old mdx mouse hearts wild-type and deficient for cardiomyocyte-specific IKKβ","Genome binding/occupancy profiling by high throughput sequencing","Mus musculus",4,,"TXT;SRA Run Selector","ftp://ftp.ncbi.nlm.nih.gov/geo/series/GSE114nnn/GSE114023/suppl;https://www.ncbi.nlm.nih.gov/Traces/study/?acc=PRJNA454903",30143619,SRP144519,"Denis C Guttridge","Jun 14, 2018"
GSE114025,"Expression data from 7-month-old mdx mouse hearts wild-type and deficient for cardiomyocyte-specific IKKβ","Expression profiling by array","Mus musculus",7,,"CEL","ftp://ftp.ncbi.nlm.nih.gov/geo/series/GSE114nnn/GSE114025/suppl",30143619,,"Denis C Guttridge","Jun 14, 2018"
GSE114421,"Paternal malnutrition programs offspring’s breast cancer risk and tumor metabolism in a mouse model (small RNA-seq)","Non-coding RNA profiling by high throughput sequencing","Mus musculus",16,,"TXT;SRA Run Selector","ftp://ftp.ncbi.nlm.nih.gov/geo/series/GSE114nnn/GSE114421/suppl;https://www.ncbi.nlm.nih.gov/Traces/study/?acc=PRJNA471323",30165877,SRP145630,"Lu Jin","Jun 14, 2018"
GSE114422,"Paternal malnutrition programs offspring’s breast cancer risk and tumor metabolism in a mouse model (MBD-seq)","Methylation profiling by high throughput sequencing","Mus musculus",11,,"TXT;SRA Run Selector","ftp://ftp.ncbi.nlm.nih.gov/geo/series/GSE114nnn/GSE114422/suppl;https://www.ncbi.nlm.nih.gov/Traces/study/?acc=PRJNA471326",30165877,SRP145631,"Lu Jin","Jun 14, 2018"
GSE114423,"Paternal malnutrition programs offspring’s breast cancer risk and tumor metabolism in a mouse model","Non-coding RNA profiling by high throughput sequencing;Methylation profiling by high throughput sequencing","Mus musculus",27,,,,30165877,,"Lu Jin","Jun 14, 2018"
GSE115726,"Molecular mechanism of repression of meiotic recombination around centromeres","Genome binding/occupancy profiling by genome tiling array","Schizosaccharomyces pombe",4,,"TXT","ftp://ftp.ncbi.nlm.nih.gov/geo/series/GSE115nnn/GSE115726/suppl",30078721,,"Gerald R Smith","Jun 14, 2018"
GSE115737,"Tamoxifen-induced apoptosis of MCF-7 cells via GPR30/PI3K/MAPKs interactions: Verification by ODE modeling and RNA sequencing","Expression profiling by high throughput sequencing","Homo sapiens",4,,"XLSX;SRA Run Selector","ftp://ftp.ncbi.nlm.nih.gov/geo/series/GSE115nnn/GSE115737/suppl;https://www.ncbi.nlm.nih.gov/Traces/study/?acc=PRJNA475893",30050469,SRP150418,"Milad Rouhimoghadam","Jun 14, 2018"
GSE115739,"Role of GATA in DN3 stage thymocytes","Expression profiling by high throughput sequencing","Mus musculus",4,,"TXT;SRA Run Selector","ftp://ftp.ncbi.nlm.nih.gov/geo/series/GSE115nnn/GSE115739/suppl;https://www.ncbi.nlm.nih.gov/Traces/study/?acc=PRJNA475907",,SRP150426,"Tomonori Hosoya","Jun 14, 2018"
GSE115740,"GATA3 abundance is a critical determinant of T cell receptor beta allelic exclusion [GATA3-GFP]","Expression profiling by high throughput sequencing","Mus musculus",6,,"XLSX;SRA Run Selector","ftp://ftp.ncbi.nlm.nih.gov/geo/series/GSE115nnn/GSE115740/suppl;https://www.ncbi.nlm.nih.gov/Traces/study/?acc=PRJNA475908",,SRP150425,"Tomonori Hosoya","Jun 14, 2018"
GSE115743,"GATA3 abundance is a critical determinant of T cell receptor beta allelic exclusion [GATA3 overexpression]","Expression profiling by high throughput sequencing","Mus musculus",6,,"TXT;SRA Run Selector","ftp://ftp.ncbi.nlm.nih.gov/geo/series/GSE115nnn/GSE115743/suppl;https://www.ncbi.nlm.nih.gov/Traces/study/?acc=PRJNA475906",,SRP150424,"Tomonori Hosoya","Jun 14, 2018"
GSE115745,"GATA3 abundance is a critical determinant of T cell receptor beta allelic exclusion","Expression profiling by high throughput sequencing","Mus musculus",12,,,,,,"Tomonori Hosoya","Jun 14, 2018"
GSE115754,"Nfkbid represents an Idd7 locus gene contributing to impaired thymic deletion of CD8 T-cells in NOD mice","Expression profiling by array","Mus musculus",15,,"CEL","ftp://ftp.ncbi.nlm.nih.gov/geo/series/GSE115nnn/GSE115754/suppl",,,"Timothy Michael Stearns","Jun 14, 2018"
GSE115783,"DNA methylation profiling in nonfunctioning pituitary adenomas","Methylation profiling by genome tiling array","Homo sapiens",40,,"IDAT","ftp://ftp.ncbi.nlm.nih.gov/geo/series/GSE115nnn/GSE115783/suppl",29410024,,"Mateusz Bujko","Jun 14, 2018"
GSE24387,"Gene expression induced by progesterone in mouse T cells","Expression profiling by array","Mus musculus",4,,"CEL;CHP","ftp://ftp.ncbi.nlm.nih.gov/geo/series/GSE24nnn/GSE24387/suppl",22740122,,"Chang Kim","Jun 13, 2018"
GSE31585,"T Cell Genes Regulated by Short Chain Fatty Acids","Expression profiling by array","Mus musculus",14,,"CEL;CHP","ftp://ftp.ncbi.nlm.nih.gov/geo/series/GSE31nnn/GSE31585/suppl",24917457,,"Chang Kim","Jun 13, 2018"
GSE83441,"Characterization of human CD30+ B cells and their relationship to Hodgkin and Reed-Sternberg cells of Hodgkin lymphoma","Expression profiling by array","Homo sapiens",10,,"CEL","ftp://ftp.ncbi.nlm.nih.gov/geo/series/GSE83nnn/GSE83441/suppl",29889102,,"Claudia Döring","Jun 13, 2018"
GSE86215,"Characterize novel lncRNAs responding to stresses in Oryza sativa at transcriptional and post-transcriptional levels","Expression profiling by high throughput sequencing;Non-coding RNA profiling by high throughput sequencing","Oryza sativa Japonica Group",38,,"XLSX;SRA Run Selector","ftp://ftp.ncbi.nlm.nih.gov/geo/series/GSE86nnn/GSE86215/suppl;https://www.ncbi.nlm.nih.gov/Traces/study/?acc=PRJNA340947",29265542,SRP083700,"Jiapei Yuan","Jun 13, 2018"
GSE89554,"Decoupling the influence of growth and defense in the yeast stress response","Expression profiling by high throughput sequencing;Other","Saccharomyces cerevisiae",116,,"XLSX;SRA Run Selector","ftp://ftp.ncbi.nlm.nih.gov/geo/series/GSE89nnn/GSE89554/suppl;https://www.ncbi.nlm.nih.gov/Traces/study/?acc=PRJNA352533",30078561,SRP092616,"Audrey Gasch","Jun 13, 2018"
GSE90906,"Transcriptional repression by FACT is linked to regulation of chromatin accessibility at the promoter of ES cells","Expression profiling by high throughput sequencing;Genome binding/occupancy profiling by high throughput sequencing;Other","Mus musculus",28,,"BW;TAB;TXT;SRA Run Selector","ftp://ftp.ncbi.nlm.nih.gov/geo/series/GSE90nnn/GSE90906/suppl;https://www.ncbi.nlm.nih.gov/Traces/study/?acc=PRJNA356303",30456357,SRP094584,"Peter Tessarz","Jun 13, 2018"
GSE92613,"CBP/p300 transcriptome","Expression profiling by array","Mus musculus",25,,"TXT","ftp://ftp.ncbi.nlm.nih.gov/geo/series/GSE92nnn/GSE92613/suppl",29804834,,"Brian Tate Weinert","Jun 13, 2018"
GSE93784,"Stromal PTEN determines mammary epithelial response to radio-therapy","Expression profiling by array","Mus musculus",6,,"CEL","ftp://ftp.ncbi.nlm.nih.gov/geo/series/GSE93nnn/GSE93784/suppl",,,"Gina Sizemore","Jun 13, 2018"
GSE95043,"Genome-wide mapping of H3K9me2 of wild-type and various deletion strains in fission yeast.","Genome binding/occupancy profiling by high throughput sequencing","Schizosaccharomyces pombe",11,,"BEDGRAPH;SRA Run Selector","ftp://ftp.ncbi.nlm.nih.gov/geo/series/GSE95nnn/GSE95043/suppl;https://www.ncbi.nlm.nih.gov/Traces/study/?acc=PRJNA375810",29899117,SRP100197,"Min Lu","Jun 13, 2018"
GSE95046,"Genome-wide mapping of Ccp1 association sites in fission yeast","Genome binding/occupancy profiling by high throughput sequencing","Schizosaccharomyces pombe",4,,"BEDGRAPH;SRA Run Selector","ftp://ftp.ncbi.nlm.nih.gov/geo/series/GSE95nnn/GSE95046/suppl;https://www.ncbi.nlm.nih.gov/Traces/study/?acc=PRJNA375809",29899117,SRP100198,"Min Lu","Jun 13, 2018"
GSE95047,"Genome-wide mapping of fission yeast","Genome binding/occupancy profiling by high throughput sequencing","Schizosaccharomyces pombe",21,,"BEDGRAPH","ftp://ftp.ncbi.nlm.nih.gov/geo/series/GSE95nnn/GSE95047/suppl",29899117,,"Min Lu","Jun 13, 2018"
GSE96586,"Murine Norovirus Infection Initiates Interferon and TNF Signaling with Significant Alteration of Lipid and Cell Cycle Homeostasis","Expression profiling by high throughput sequencing","Mus musculus",16,,"TXT;SRA Run Selector","ftp://ftp.ncbi.nlm.nih.gov/geo/series/GSE96nnn/GSE96586/suppl;https://www.ncbi.nlm.nih.gov/Traces/study/?acc=PRJNA379104",29735480,SRP101852,"Craig Martens","Jun 13, 2018"
GSE99982,"Arabidopsis NAP-related proteins (NRPs) contribute to the coordination of plant growth, developmental rate, and age-related pathogen resistance under short days","Expression profiling by high throughput sequencing","Arabidopsis thaliana",6,,"CSV;XLSX;SRA Run Selector","ftp://ftp.ncbi.nlm.nih.gov/geo/series/GSE99nnn/GSE99982/suppl;https://www.ncbi.nlm.nih.gov/Traces/study/?acc=PRJNA390277",,SRP109100,"Balazs Balint","Jun 13, 2018"
GSE99992,"Whole blood RNA-seq of pediatric cases of natural Chikungunya infection","Expression profiling by high throughput sequencing","Homo sapiens",172,,"CSV;SRA Run Selector","ftp://ftp.ncbi.nlm.nih.gov/geo/series/GSE99nnn/GSE99992/suppl;https://www.ncbi.nlm.nih.gov/Traces/study/?acc=PRJNA390289",30150281,SRP109111,"Andrew Kasarskis","Jun 13, 2018"
GSE100001,"mRNA expression profiling of siDBP-mesangial cells","Expression profiling by high throughput sequencing","Rattus",6,,"FPKM_TRACKING;SRA Run Selector","ftp://ftp.ncbi.nlm.nih.gov/geo/series/GSE100nnn/GSE100001/suppl;https://www.ncbi.nlm.nih.gov/Traces/study/?acc=PRJNA390306",29568121,SRP109120,"Yang Lu","Jun 13, 2018"
GSE100484,"mRNA profiles of JMJD3 overexpression- and JMJD3 knockout- HL-60 cells","Expression profiling by high throughput sequencing","Homo sapiens",12,,"XLS;SRA Run Selector","ftp://ftp.ncbi.nlm.nih.gov/geo/series/GSE100nnn/GSE100484/suppl;https://www.ncbi.nlm.nih.gov/Traces/study/?acc=PRJNA391934",,SRP110517,"wang yujie","Jun 13, 2018"
GSE100485,"Genome-wide H3K4me3 and H3K27me3 in HL-60 cells.","Genome binding/occupancy profiling by high throughput sequencing","Homo sapiens",6,,"BW;TXT;SRA Run Selector","ftp://ftp.ncbi.nlm.nih.gov/geo/series/GSE100nnn/GSE100485/suppl;https://www.ncbi.nlm.nih.gov/Traces/study/?acc=PRJNA391935",,SRP110518,"wang yujie","Jun 13, 2018"
GSE100486,"Genome-wide C/EBPβ traget genes in C/EBPβ-overexpressed HL-60 cells.","Genome binding/occupancy profiling by high throughput sequencing","Homo sapiens",2,,"BW;XLSX;SRA Run Selector","ftp://ftp.ncbi.nlm.nih.gov/geo/series/GSE100nnn/GSE100486/suppl;https://www.ncbi.nlm.nih.gov/Traces/study/?acc=PRJNA391936",,SRP110519,"wang yujie","Jun 13, 2018"
GSE100487,"Genome-wide C/ebpβ and Jmjd3 traget genes in 32D cells.","Genome binding/occupancy profiling by high throughput sequencing","Mus musculus",2,,"BIGWIG;SRA Run Selector","ftp://ftp.ncbi.nlm.nih.gov/geo/series/GSE100nnn/GSE100487/suppl;https://www.ncbi.nlm.nih.gov/Traces/study/?acc=PRJNA391937",,SRP110520,"wang yujie","Jun 13, 2018"
GSE101851,"Cellular stress alters 3’UTR landscape through alternative polyadenylation and isoform-specific degradation","Expression profiling by high throughput sequencing;Other","Mus musculus",42,,"TXT;SRA Run Selector","ftp://ftp.ncbi.nlm.nih.gov/geo/series/GSE101nnn/GSE101851/suppl;https://www.ncbi.nlm.nih.gov/Traces/study/?acc=PRJNA395709",29891946,SRP113534,"Bin Tian","Jun 13, 2018"
GSE101941,"Gene expression analysis of c-Myc overexpressing human fibroblasts.","Expression profiling by array","Homo sapiens",6,,"CEL","ftp://ftp.ncbi.nlm.nih.gov/geo/series/GSE101nnn/GSE101941/suppl",29472714,,"Jae whan Song","Jun 13, 2018"
GSE105443,"Expression data of miRNAs from PBMC of dogs infected with L. infantum","Non-coding RNA profiling by array","Canis lupus familiaris;synthetic construct",15,,"CEL","ftp://ftp.ncbi.nlm.nih.gov/geo/series/GSE105nnn/GSE105443/suppl",29876389,,"Jaqueline Poleto Bragato","Jun 13, 2018"
GSE106232,"Genome-wide mapping of Cnp1 of wild-type and various deletion strains in fission yeast.","Genome binding/occupancy profiling by high throughput sequencing","Schizosaccharomyces pombe",6,,"BEDGRAPH;SRA Run Selector","ftp://ftp.ncbi.nlm.nih.gov/geo/series/GSE106nnn/GSE106232/suppl;https://www.ncbi.nlm.nih.gov/Traces/study/?acc=PRJNA415969",29899117,SRP121668,"Min Lu","Jun 13, 2018"
GSE107451,"A single-cell transcriptome atlas of the ageing Drosophila brain","Expression profiling by high throughput sequencing;Genome binding/occupancy profiling by high throughput sequencing","Drosophila melanogaster",128,,"BW;TSV;SRA Run Selector","ftp://ftp.ncbi.nlm.nih.gov/geo/series/GSE107nnn/GSE107451/suppl;https://www.ncbi.nlm.nih.gov/Traces/study/?acc=PRJNA420091",29909982,SRP125768,"Stein Aerts","Jun 13, 2018"
GSE109173,"Males undergo a transient X-chromosome inactivation-like state at the onset of naïve cell differentiation","Expression profiling by high throughput sequencing","Mus musculus",45,,"TXT;SRA Run Selector","ftp://ftp.ncbi.nlm.nih.gov/geo/series/GSE109nnn/GSE109173/suppl;https://www.ncbi.nlm.nih.gov/Traces/study/?acc=PRJNA429920",29804891,SRP130963,"Sabine Dietmann","Jun 13, 2018"
GSE109676,"Circular RNA CpG Island Hypermethylation-Associated Silencing in Human Cancer","Non-coding RNA profiling by array","Homo sapiens",9,,"TXT;XLS","ftp://ftp.ncbi.nlm.nih.gov/geo/series/GSE109nnn/GSE109676/suppl",,,"Manuel Castro","Jun 13, 2018"
GSE109806,"Transcriptome profiling of alphaherpesvirus-infected cells treated with the HIV-integrase inhibitor raltegravir reveals profound and specific alterations in host transcription.","Expression profiling by high throughput sequencing","Felis catus",12,,"DIFF;GTF;TXT;SRA Run Selector","ftp://ftp.ncbi.nlm.nih.gov/geo/series/GSE109nnn/GSE109806/suppl;https://www.ncbi.nlm.nih.gov/Traces/study/?acc=PRJNA432069",29916804,SRP131692,"Jennifer K Grenier","Jun 13, 2018"
GSE110427,"ERK3 is essential for establishment of epithelial architecture [ERK3 KD]","Expression profiling by array","Xenopus laevis",6,,"CEL","ftp://ftp.ncbi.nlm.nih.gov/geo/series/GSE110nnn/GSE110427/suppl",29674317,,"Eisuke Nishida","Jun 13, 2018"
GSE110428,"ERK3 is essential for establishment of epithelial architecture [ERK3 KD vs. TFAP2A KD]","Expression profiling by array","Xenopus laevis",6,,"CEL","ftp://ftp.ncbi.nlm.nih.gov/geo/series/GSE110nnn/GSE110428/suppl",29674317,,"Eisuke Nishida","Jun 13, 2018"
GSE110429,"ERK3 is essential for establishment of epithelial architecture","Expression profiling by array","Xenopus laevis",12,,"CEL","ftp://ftp.ncbi.nlm.nih.gov/geo/series/GSE110nnn/GSE110429/suppl",29674317,,"Eisuke Nishida","Jun 13, 2018"
GSE111642,"Transcriptional analysis of murine norovirus infection of primary bone marrow-derived macrophages","Expression profiling by high throughput sequencing","Mus musculus",22,,"TXT;SRA Run Selector","ftp://ftp.ncbi.nlm.nih.gov/geo/series/GSE111nnn/GSE111642/suppl;https://www.ncbi.nlm.nih.gov/Traces/study/?acc=PRJNA437648",29735480,SRP134377,"Craig Martens","Jun 13, 2018"
GSE111663,"Comparative transcriptomic response of primary and immortalized macrophage to murine norovirus infection","Expression profiling by high throughput sequencing","Mus musculus",38,,,,29735480,,"Craig Martens","Jun 13, 2018"
GSE113548,"Personal and transgenerational cues are nonadditive at the phenotypic and molecular level","Expression profiling by high throughput sequencing","Gasterosteus aculeatus",29,,"TXT;SRA Run Selector","ftp://ftp.ncbi.nlm.nih.gov/geo/series/GSE113nnn/GSE113548/suppl;https://www.ncbi.nlm.nih.gov/Traces/study/?acc=PRJNA451491",29988159,SRP142332,"Alison Bell","Jun 13, 2018"
GSE114026,"7-month-old mdx mouse hearts wild-type and deficient for cardiomyocyte-specific IKKβ","Expression profiling by array;Genome binding/occupancy profiling by high throughput sequencing","Mus musculus",11,,"CEL;TXT","ftp://ftp.ncbi.nlm.nih.gov/geo/series/GSE114nnn/GSE114026/suppl",30143619,,"Denis C Guttridge","Jun 13, 2018"
GSE115645,"Acute effects of active breaks during prolonged sitting on subcutaneous adipose tissue gene expression","Expression profiling by array","Homo sapiens",24,,"TXT","ftp://ftp.ncbi.nlm.nih.gov/geo/series/GSE115nnn/GSE115645/suppl",,,"Marta Brozynska","Jun 13, 2018"
GSE115657,"Comparing transcriptomes of wild-type, hyperfilamentous, and hypofilamentous biofilms in S. cerevisiae","Expression profiling by high throughput sequencing","Saccharomyces cerevisiae",21,,"TXT;SRA Run Selector","ftp://ftp.ncbi.nlm.nih.gov/geo/series/GSE115nnn/GSE115657/suppl;https://www.ncbi.nlm.nih.gov/Traces/study/?acc=PRJNA475687",,SRP150321,"Paul J Cullen","Jun 13, 2018"
GSE115662,"Optimizing Personalized Therapy for Rheumatoid Arthritis Using a Novel Drug Combination of Bioactive Chemical Constituents Derived from a Classic Chinese Herbal Formula","Expression profiling by array","Rattus norvegicus",18,,"TXT","ftp://ftp.ncbi.nlm.nih.gov/geo/series/GSE115nnn/GSE115662/suppl",,,"Yanqiong Zhang","Jun 13, 2018"
GSE115675,"Transcriptomic analysis of immunity in rainbow trout (Oncorhynchus mykiss) gills infected by Ichthyophthirius multifiliis","Expression profiling by high throughput sequencing","Oncorhynchus mykiss",20,,"GFF;TSV;XLSX;SRA Run Selector","ftp://ftp.ncbi.nlm.nih.gov/geo/series/GSE115nnn/GSE115675/suppl;https://www.ncbi.nlm.nih.gov/Traces/study/?acc=PRJNA475745",30513380,SRP150342,"Khairul Syahputra","Jun 13, 2018"
GSE115688,"Gene expression profiling of juvenile salmon in Pacific Northwest urban streams","Expression profiling by array","Oncorhynchus kisutch",57,,"RCC","ftp://ftp.ncbi.nlm.nih.gov/geo/series/GSE115nnn/GSE115688/suppl",,,"Andrew Ronald Spanjer","Jun 13, 2018"
GSE115689,"Transcriptome analyses of Atlantic salmon muscle genes induced by DNA vaccine against salmon alphavirus subtype 3 (SAV3)","Expression profiling by array","Oncorhynchus mykiss;Salmo salar",16,,"TXT","ftp://ftp.ncbi.nlm.nih.gov/geo/series/GSE115nnn/GSE115689/suppl",29161315;30273392,,"Aleksei Krasnov","Jun 13, 2018"
GSE115694,"PolyA+ expression profiling of tubulin Gal4 driven targeted DamID in Drosophila melanogaster adults and gonads","Expression profiling by high throughput sequencing","Drosophila melanogaster",24,,"BIGWIG;TXT;SRA Run Selector","ftp://ftp.ncbi.nlm.nih.gov/geo/series/GSE115nnn/GSE115694/suppl;https://www.ncbi.nlm.nih.gov/Traces/study/?acc=PRJNA475772",,SRP150356,"Brian Oliver","Jun 13, 2018"
GSE115695,"RBM-5 modulates U2AF large subunit-dependent alternative splicing in C. elegans","Expression profiling by high throughput sequencing","Caenorhabditis elegans",18,,"TXT;SRA Run Selector","ftp://ftp.ncbi.nlm.nih.gov/geo/series/GSE115nnn/GSE115695/suppl;https://www.ncbi.nlm.nih.gov/Traces/study/?acc=PRJNA475781",30295127,SRP150364,"Chuanman Zhou","Jun 13, 2018"
GSE115698,"Histone deacetylase inhibitors in alveolar rhabdomyosarcoma","Expression profiling by high throughput sequencing","Homo sapiens;Mus musculus",30,,"TXT;SRA Run Selector","ftp://ftp.ncbi.nlm.nih.gov/geo/series/GSE115nnn/GSE115698/suppl;https://www.ncbi.nlm.nih.gov/Traces/study/?acc=PRJNA475783",,SRP150362,"Noah Berlow","Jun 13, 2018"
GSE115719,"Transcriptome analysis of zebrafish wildtype adult brain and rb1-embryonal brain tumors by RNA-Seq","Expression profiling by high throughput sequencing","Danio rerio",24,,"TXT;SRA Run Selector","ftp://ftp.ncbi.nlm.nih.gov/geo/series/GSE115nnn/GSE115719/suppl;https://www.ncbi.nlm.nih.gov/Traces/study/?acc=PRJNA475809",29914980,SRP150378,"Maura McGrail","Jun 13, 2018"
GSE115720,"Transcriptome analysis of wildtype and rb1-/- zebrafish larval head tissue by RNA-Seq","Expression profiling by high throughput sequencing","Danio rerio",12,,"TXT;SRA Run Selector","ftp://ftp.ncbi.nlm.nih.gov/geo/series/GSE115nnn/GSE115720/suppl;https://www.ncbi.nlm.nih.gov/Traces/study/?acc=PRJNA475808",29914980,SRP150379,"Maura McGrail","Jun 13, 2018"
GSE115721,"Transcriptome analysis of zebrafish wildtype adult brain and rb1-embryonal brain tumors, and wildtype and rb1-/- zebrafish larval head tissue, by RNA-Seq","Expression profiling by high throughput sequencing","Danio rerio",36,,,,29914980,,"Maura McGrail","Jun 13, 2018"
GSE77295,"Targeting CREBBP/EP300 in cancer","Expression profiling by high throughput sequencing","Homo sapiens",8,,"XLS;SRA Run Selector","ftp://ftp.ncbi.nlm.nih.gov/geo/series/GSE77nnn/GSE77295/suppl;https://www.ncbi.nlm.nih.gov/Traces/study/?acc=PRJNA309980",29884215,SRP068961,"Maria Barrero","Jun 12, 2018"
GSE87785,"Sequencing-based analyses characterize a tumor suppressive role of mir-1271 repressed by DNA hypermethylation in gastric cancer","Expression profiling by high throughput sequencing;Non-coding RNA profiling by high throughput sequencing;Methylation profiling by high throughput sequencing","Homo sapiens",19,,"BEDGRAPH;XLSX;SRA Run Selector","ftp://ftp.ncbi.nlm.nih.gov/geo/series/GSE87nnn/GSE87785/suppl;https://www.ncbi.nlm.nih.gov/Traces/study/?acc=PRJNA347596",29862663,SRP091347,"Jong Hwan Kim","Jun 12, 2018"
GSE89653,"Waterborne exposure of adult zebrafish to silver nanoparticles and ionic silver results in silver accumulation and effects at cellular and molecular levels","Expression profiling by array","Danio rerio",27,,"TXT","ftp://ftp.ncbi.nlm.nih.gov/geo/series/GSE89nnn/GSE89653/suppl",,,"José María Lacave","Jun 12, 2018"
GSE97928,"Enhancer profiling in metastatic cancer [RNA-Seq]","Expression profiling by high throughput sequencing","Homo sapiens",24,,"TXT;SRA Run Selector","ftp://ftp.ncbi.nlm.nih.gov/geo/series/GSE97nnn/GSE97928/suppl;https://www.ncbi.nlm.nih.gov/Traces/study/?acc=PRJNA383357",29875134,SRP104161,"Sakari Vanharanta","Jun 12, 2018"
GSE98012,"Enhancer profiling in metastatic cancer [ChIP-Seq]","Genome binding/occupancy profiling by high throughput sequencing","Homo sapiens",44,,"BW;SRA Run Selector","ftp://ftp.ncbi.nlm.nih.gov/geo/series/GSE98nnn/GSE98012/suppl;https://www.ncbi.nlm.nih.gov/Traces/study/?acc=PRJNA383670",29875134,SRP104404,"Sakari Vanharanta","Jun 12, 2018"
GSE98015,"Enhancer profiling in metastatic cancer","Expression profiling by high throughput sequencing;Genome binding/occupancy profiling by high throughput sequencing;Other","Homo sapiens",72,,"BED;BW;MATRIX;TXT","ftp://ftp.ncbi.nlm.nih.gov/geo/series/GSE98nnn/GSE98015/suppl",29875134,,"Sakari Vanharanta","Jun 12, 2018"
GSE99051,"Enhancer profiling in metastatic cancer [HiC-seq]","Other","Homo sapiens",4,,"BED;MATRIX;SRA Run Selector","ftp://ftp.ncbi.nlm.nih.gov/geo/series/GSE99nnn/GSE99051/suppl;https://www.ncbi.nlm.nih.gov/Traces/study/?acc=PRJNA387149",29875134,SRP107308,"Sakari Vanharanta","Jun 12, 2018"
GSE99501,"Mixed-species RNAseq analysis of human lymphoma cell adhesion to mouse stromal cells identifies a core gene set that is also differentially expressed in the lymph node microenvironment of MCL and CLL patients.","Expression profiling by high throughput sequencing","Homo sapiens;Mus musculus",16,,"CSV;SRA Run Selector","ftp://ftp.ncbi.nlm.nih.gov/geo/series/GSE99nnn/GSE99501/suppl;https://www.ncbi.nlm.nih.gov/Traces/study/?acc=PRJNA388663",29449436,SRP108358,"Gustav Arvidsson","Jun 12, 2018"
GSE100680,"APP levels mediate beta-amyloid but not tau-related aspects of Alzheimer’s disease in a Down syndrome model of cortical neurogenesis.","Expression profiling by array","Homo sapiens",34,,"TXT","ftp://ftp.ncbi.nlm.nih.gov/geo/series/GSE100nnn/GSE100680/suppl",29861166,,"Othmar Korn","Jun 12, 2018"
GSE101891,"JMJD3 facilitates C/EBPβ-centered transcriptional program to exert oncorepressor activity in AML","Expression profiling by high throughput sequencing;Genome binding/occupancy profiling by high throughput sequencing","Homo sapiens;Mus musculus",26,,"BIGWIG;BW;TXT;XLSX","ftp://ftp.ncbi.nlm.nih.gov/geo/series/GSE101nnn/GSE101891/suppl",30135572,,"wang yujie","Jun 12, 2018"
GSE102096,"Novel MYC-driven medulloblastoma models generated by CRISPR activation of endogenous Myc","Genome binding/occupancy profiling by high throughput sequencing","Mus musculus",4,,"BW;SRA Run Selector","ftp://ftp.ncbi.nlm.nih.gov/geo/series/GSE102nnn/GSE102096/suppl;https://www.ncbi.nlm.nih.gov/Traces/study/?acc=PRJNA396573",29880921,SRP114457,"Beisi Xu","Jun 12, 2018"
GSE104802,"Activity-Induced Regulation of Synaptic Strength through the Chromatin Reader L3mbtl1","Expression profiling by high throughput sequencing;Genome binding/occupancy profiling by high throughput sequencing","Mus musculus",14,,"BED;TXT;SRA Run Selector","ftp://ftp.ncbi.nlm.nih.gov/geo/series/GSE104nnn/GSE104802/suppl;https://www.ncbi.nlm.nih.gov/Traces/study/?acc=PRJNA413882",29898393,SRP119727,"Kensuke Futai","Jun 12, 2018"
GSE106911,"NEDD9 promotes oncogenic signaling, a stem/mesenchymal gene signature, and aggressive ovarian cancer growth in mice","Expression profiling by array","Mus musculus",8,,"TXT","ftp://ftp.ncbi.nlm.nih.gov/geo/series/GSE106nnn/GSE106911/suppl",29773902,,"Denise C Connolly","Jun 12, 2018"
GSE107007,"Aged Hematopoietic Stem Cells Drive Aging-Associated  Immune Remodeling","Expression profiling by high throughput sequencing","Mus musculus",18,,"TXT;SRA Run Selector","ftp://ftp.ncbi.nlm.nih.gov/geo/series/GSE107nnn/GSE107007/suppl;https://www.ncbi.nlm.nih.gov/Traces/study/?acc=PRJNA418778",29891535,SRP125118,"Medhanie Assmelash Mulaw","Jun 12, 2018"
GSE109260,"Chromatin associated RNA sequencing during the IFN response induced by poly(I:C)","Non-coding RNA profiling by high throughput sequencing","Homo sapiens",8,,"TXT;SRA Run Selector","ftp://ftp.ncbi.nlm.nih.gov/geo/series/GSE109nnn/GSE109260/suppl;https://www.ncbi.nlm.nih.gov/Traces/study/?acc=PRJNA430255",29898398,SRP131022,"Alasdair Ivens","Jun 12, 2018"
GSE110229,"Targeting CREBBP/EP300 bromodomains in cancer","Expression profiling by high throughput sequencing","Homo sapiens",10,,"TXT;SRA Run Selector","ftp://ftp.ncbi.nlm.nih.gov/geo/series/GSE110nnn/GSE110229/suppl;https://www.ncbi.nlm.nih.gov/Traces/study/?acc=PRJNA433209",29884215,SRP132298,"Maria Barrero","Jun 12, 2018"
GSE112937,"Tissue-restricted adaptive type-2 immunity is orchestrated by OX40L expression on group 2 innate lymphoid cells","Expression profiling by high throughput sequencing","Mus musculus",18,,"TXT","ftp://ftp.ncbi.nlm.nih.gov/geo/series/GSE112nnn/GSE112937/suppl",29907525,,"Andrew McKenzie","Jun 12, 2018"
GSE113931,"High-resolution comparative analysis of great ape genomes","Expression profiling by high throughput sequencing","Homo sapiens;Pan troglodytes",117,,"TXT;SRA Run Selector","ftp://ftp.ncbi.nlm.nih.gov/geo/series/GSE113nnn/GSE113931/suppl;https://www.ncbi.nlm.nih.gov/Traces/study/?acc=PRJNA470992",29880660,SRP145426,"Alex Aaron Pollen","Jun 12, 2018"
GSE114929,"Differential Expression of LncRNAs  after cisplatin treatment in tongue squamous carcinoma cells","Non-coding RNA profiling by array","Homo sapiens",4,,"TXT","ftp://ftp.ncbi.nlm.nih.gov/geo/series/GSE114nnn/GSE114929/suppl",,,"Guokai Pan","Jun 12, 2018"
GSE115116,"Gene expression profile in tongue squamous carcinoma cells with stably transduced with LINC01011 shRNA under cisplatin treatment","Expression profiling by array","Homo sapiens",6,,"TXT","ftp://ftp.ncbi.nlm.nih.gov/geo/series/GSE115nnn/GSE115116/suppl",,,"Guokai Pan","Jun 12, 2018"
GSE115117,"Differential Expression of miRNAs in control and NR_034085-silenced OSCCs under cisplatin treatment","Non-coding RNA profiling by array","Homo sapiens",6,,"TXT","ftp://ftp.ncbi.nlm.nih.gov/geo/series/GSE115nnn/GSE115117/suppl",,,"Guokai Pan","Jun 12, 2018"
GSE115118,"Analysis of miRNA sublocalization in cisplatin-resistant versus parental CAL-27 cells","Non-coding RNA profiling by array","Homo sapiens",6,,"TXT","ftp://ftp.ncbi.nlm.nih.gov/geo/series/GSE115nnn/GSE115118/suppl",,,"Guokai Pan","Jun 12, 2018"
GSE115119,"Differential Expression of LncRNAs of cisplatin-resistant versus parental CAL-27 cells","Non-coding RNA profiling by array","Homo sapiens",4,,"PAIR","ftp://ftp.ncbi.nlm.nih.gov/geo/series/GSE115nnn/GSE115119/suppl",,,"Guokai Pan","Jun 12, 2018"
GSE115553,"Nitric oxide engages an anti-inflammatory feedback loop mediated by peroxiredoxin 5 in phagocytes","Expression profiling by high throughput sequencing","Mus musculus",112,,"XLSX;SRA Run Selector","ftp://ftp.ncbi.nlm.nih.gov/geo/series/GSE115nnn/GSE115553/suppl;https://www.ncbi.nlm.nih.gov/Traces/study/?acc=PRJNA475463",30044981,SRP150182,"Daniel Bartholomew Graham","Jun 12, 2018"
GSE115564,"ESR1 mutations maintain higher ER pathway activity relative to vehicle and ERa-WT controls following treatment with Raloxifene or fulvestrant.","Expression profiling by array","Homo sapiens",36,,"CEL","ftp://ftp.ncbi.nlm.nih.gov/geo/series/GSE115nnn/GSE115564/suppl",,,"Zhenhua Wu","Jun 12, 2018"
GSE115567,"mRNA Expression Data from Murine Hearts of Wild type (WT) C57Bl/6 mice housed under a 12h light: 12h dark or 12h light: 4h blue: 8h dark cycle for 4 weeks","Expression profiling by array","Mus musculus",6,,"CEL;CHP;TXT","ftp://ftp.ncbi.nlm.nih.gov/geo/series/GSE115nnn/GSE115567/suppl",,,"Dr. Tami A. Martino","Jun 12, 2018"
GSE115568,"mRNA expression data from murine myocardial ischemia/reperfusion (mI/R) hearts following sleeptime or waketime captopril chronotherapy","Expression profiling by array","Mus musculus",12,,"CEL;TXT","ftp://ftp.ncbi.nlm.nih.gov/geo/series/GSE115nnn/GSE115568/suppl",,,"Dr. Tami A. Martino","Jun 12, 2018"
GSE115569,"mRNA expression data from murine hearts of control or melatonin-treated young wild type (WT) C57Bl/6 mice","Expression profiling by array","Mus musculus",12,,"CEL;CHP;TXT","ftp://ftp.ncbi.nlm.nih.gov/geo/series/GSE115nnn/GSE115569/suppl",,,"Dr. Tami A. Martino","Jun 12, 2018"
GSE115570,"RNA sequencing of Cryptococcus neoformans H99 treated with eltrombopag","Expression profiling by high throughput sequencing","Cryptococcus neoformans var. grubii H99",2,,"TXT;SRA Run Selector","ftp://ftp.ncbi.nlm.nih.gov/geo/series/GSE115nnn/GSE115570/suppl;https://www.ncbi.nlm.nih.gov/Traces/study/?acc=PRJNA475496",,SRP150200,"HAO TAI KO","Jun 12, 2018"
GSE115579,"RNA-Seq analysis of hearts from NBCe1 Na-HCO3 cotransporter cardiac conditional knockout (K) vs wild-type (W) mice","Expression profiling by high throughput sequencing","Mus musculus",12,,"XLS;SRA Run Selector","ftp://ftp.ncbi.nlm.nih.gov/geo/series/GSE115nnn/GSE115579/suppl;https://www.ncbi.nlm.nih.gov/Traces/study/?acc=PRJNA475532",,SRP150211,"Mario Medvedovic","Jun 12, 2018"
GSE115581,"miRNAs expression patterns during mouse retina development","Non-coding RNA profiling by array","Homo sapiens;Mus musculus;Rattus norvegicus",9,,"GPR","ftp://ftp.ncbi.nlm.nih.gov/geo/series/GSE115nnn/GSE115581/suppl",,,"YISHEN WANG","Jun 12, 2018"
GSE115590,"Gene expression after HOS cells treated with DGKZ (diacylglycerol kinase zeta)-silencing by a microarray profiling (Affymetrix)","Expression profiling by array","Homo sapiens",6,,"CEL;XLSX","ftp://ftp.ncbi.nlm.nih.gov/geo/series/GSE115nnn/GSE115590/suppl",,,"Wenxi Yu","Jun 12, 2018"
GSE115594,"ML29755 RNA-seq data","Expression profiling by high throughput sequencing","Homo sapiens",11,,"TAB;SRA Run Selector","ftp://ftp.ncbi.nlm.nih.gov/geo/series/GSE115nnn/GSE115594/suppl;https://www.ncbi.nlm.nih.gov/Traces/study/?acc=PRJNA475550",30478423,SRP150229,"Craig Cummings","Jun 12, 2018"
GSE115607,"ChIP-Seq analysis of estrogen deprived MCF7 cells treated with H3B-5942 and standards of care compounds","Genome binding/occupancy profiling by high throughput sequencing","Homo sapiens",11,,"BED;BW;SRA Run Selector","ftp://ftp.ncbi.nlm.nih.gov/geo/series/GSE115nnn/GSE115607/suppl;https://www.ncbi.nlm.nih.gov/Traces/study/?acc=PRJNA475564",,SRP150236,"Zhenhua Wu","Jun 12, 2018"
GSE115608,"Transcriptional profiling of Ishikawa cells treated with H3B-5942, E2, or standard of care compounds","Expression profiling by high throughput sequencing","Homo sapiens",26,,"TXT;SRA Run Selector","ftp://ftp.ncbi.nlm.nih.gov/geo/series/GSE115nnn/GSE115608/suppl;https://www.ncbi.nlm.nih.gov/Traces/study/?acc=PRJNA475565",,SRP150241,"Zhenhua Wu","Jun 12, 2018"
GSE115609,"Transcriptional profiling of MCF7 cells treated with H3B05942, E2, or standard of care compounds","Expression profiling by high throughput sequencing","Homo sapiens",12,,"TXT;SRA Run Selector","ftp://ftp.ncbi.nlm.nih.gov/geo/series/GSE115nnn/GSE115609/suppl;https://www.ncbi.nlm.nih.gov/Traces/study/?acc=PRJNA475566",,SRP150240,"Zhenhua Wu","Jun 12, 2018"
GSE115611,"Discovery of Selective Estrogen Receptor Covalent Antagonists (SERCAs) for the treatment of ERa(WT) and ERa(MUT) breast cancer.","Expression profiling by array;Expression profiling by high throughput sequencing;Genome binding/occupancy profiling by high throughput sequencing","Homo sapiens",85,,"BED;BW;CEL;TXT","ftp://ftp.ncbi.nlm.nih.gov/geo/series/GSE115nnn/GSE115611/suppl",,,"Zhenhua Wu","Jun 12, 2018"
GSE115618,"Comparison of global gene expression in homeostatic and regenerating endothelium of the adult mouse aorta","Expression profiling by high throughput sequencing","Mus musculus",26,,"XLSX;SRA Run Selector","ftp://ftp.ncbi.nlm.nih.gov/geo/series/GSE115nnn/GSE115618/suppl;https://www.ncbi.nlm.nih.gov/Traces/study/?acc=PRJNA475571",30075129;30273401,SRP150243,"Matteo Pellegrini","Jun 12, 2018"
GSE115627,"E14.5-born neurons at P3 repress L4 neuron-type and induce L2/3 neuron-type genes upon Kir2.1 in utero electroporation","Expression profiling by high throughput sequencing","Mus musculus",9,,"TXT;SRA Run Selector","ftp://ftp.ncbi.nlm.nih.gov/geo/series/GSE115nnn/GSE115627/suppl;https://www.ncbi.nlm.nih.gov/Traces/study/?acc=PRJNA475586",,SRP150255,"Denis Jabaudon","Jun 12, 2018"
GSE115628,"Single Cell sequencing of E14.5, E15.5 and E14.5 Kir electroporated cortical neurons.","Expression profiling by high throughput sequencing","Mus musculus",320,,"TXT;SRA Run Selector","ftp://ftp.ncbi.nlm.nih.gov/geo/series/GSE115nnn/GSE115628/suppl;https://www.ncbi.nlm.nih.gov/Traces/study/?acc=PRJNA475585",,SRP150256,"Denis Jabaudon","Jun 12, 2018"
GSE115640,"Tbx5 paralogues during zebrafish development","Expression profiling by high throughput sequencing","Danio rerio",30,,"TXT;SRA Run Selector","ftp://ftp.ncbi.nlm.nih.gov/geo/series/GSE115nnn/GSE115640/suppl;https://www.ncbi.nlm.nih.gov/Traces/study/?acc=PRJNA475603",30532148,SRP150270,"Erin A Boyle Anderson","Jun 12, 2018"
GSE115643,"EVI1 carboxy-terminal phosphorylation is ATM-mediated and sustains transcriptional modulation and self-renewal via enhanced CtBP1 association","Expression profiling by high throughput sequencing","Homo sapiens",24,,"CSV;SRA Run Selector","ftp://ftp.ncbi.nlm.nih.gov/geo/series/GSE115nnn/GSE115643/suppl;https://www.ncbi.nlm.nih.gov/Traces/study/?acc=PRJNA475639",29939287,SRP150287,"Adam Stevens","Jun 12, 2018"
GSE115668,"Heterogeneity in early lymphoid compartments [single-cell RT-PCR]","Expression profiling by RT-PCR","Mus musculus",486,,"CSV","ftp://ftp.ncbi.nlm.nih.gov/geo/series/GSE115nnn/GSE115668/suppl",,,"Shamit Soneji","Jun 12, 2018"
GSE99601,"Whole genome bisulfite sequencing of Ing1/Gadd45a double knockout and wildtype mouse embryonic fibroblasts","Methylation profiling by high throughput sequencing","Mus musculus",2,,"TSV;SRA Run Selector","ftp://ftp.ncbi.nlm.nih.gov/geo/series/GSE99nnn/GSE99601/suppl;https://www.ncbi.nlm.nih.gov/Traces/study/?acc=PRJNA388883",29884649,SRP108476,"Emil Karaulanov","Jun 11, 2018"
GSE99602,"GADD45a ChIP-Seq in mouse embryonic fibroblasts","Genome binding/occupancy profiling by high throughput sequencing","Mus musculus",4,,"BW;SRA Run Selector","ftp://ftp.ncbi.nlm.nih.gov/geo/series/GSE99nnn/GSE99602/suppl;https://www.ncbi.nlm.nih.gov/Traces/study/?acc=PRJNA388887",29884649,SRP108477,"Emil Karaulanov","Jun 11, 2018"
GSE99603,"ING1 ChIP-Seq in mouse embryonic fibroblasts","Genome binding/occupancy profiling by high throughput sequencing","Mus musculus",4,,"BW;SRA Run Selector","ftp://ftp.ncbi.nlm.nih.gov/geo/series/GSE99nnn/GSE99603/suppl;https://www.ncbi.nlm.nih.gov/Traces/study/?acc=PRJNA388884",29884649,SRP108478,"Emil Karaulanov","Jun 11, 2018"
GSE99604,"Gene expression changes in Ing1- and Gadd45a- single- or double-knockout mouse embryonic fibroblasts during adipogenesis","Expression profiling by high throughput sequencing","Mus musculus",12,,"TSV;SRA Run Selector","ftp://ftp.ncbi.nlm.nih.gov/geo/series/GSE99nnn/GSE99604/suppl;https://www.ncbi.nlm.nih.gov/Traces/study/?acc=PRJNA388889",29884649,SRP108479,"Emil Karaulanov","Jun 11, 2018"
GSE99605,"Gene expression changes in white adipose tissue from Ing1- and Gadd45a- single- or double-knockout mice","Expression profiling by array","Mus musculus",12,,"TXT","ftp://ftp.ncbi.nlm.nih.gov/geo/series/GSE99nnn/GSE99605/suppl",29884649,,"Emil Karaulanov","Jun 11, 2018"
GSE99606,"NG Capture-C analysis of GADD45a-bound adipogenic super-enhancers","Other","Mus musculus",12,,"TAR;SRA Run Selector","ftp://ftp.ncbi.nlm.nih.gov/geo/series/GSE99nnn/GSE99606/suppl;https://www.ncbi.nlm.nih.gov/Traces/study/?acc=PRJNA388885",29884649,SRP108480,"Emil Karaulanov","Jun 11, 2018"
GSE99607,"Impaired DNA demethylation of C/EBP sites causes premature aging","Methylation profiling by high throughput sequencing;Genome binding/occupancy profiling by high throughput sequencing;Expression profiling by high throughput sequencing;Expression profiling by array;Other","Mus musculus",58,,"BW;TAR;TSV;TXT","ftp://ftp.ncbi.nlm.nih.gov/geo/series/GSE99nnn/GSE99607/suppl",29884649,,"Emil Karaulanov","Jun 11, 2018"
GSE99769,"Global gene repression by Dicer-independent tRNA fragments","Expression profiling by high throughput sequencing","Homo sapiens",4,,"TXT;SRA Run Selector","ftp://ftp.ncbi.nlm.nih.gov/geo/series/GSE99nnn/GSE99769/suppl;https://www.ncbi.nlm.nih.gov/Traces/study/?acc=PRJNA389574",29844106,SRP108765,"Anindya Dutta","Jun 11, 2018"
GSE101583,"KhpA and KhpB Regulate Peptidoglycan Synthesis and Cell Division in the “Superbug” Streptococcus pneumoniae","Expression profiling by high throughput sequencing","Streptococcus pneumoniae",6,,"TXT;SRA Run Selector","ftp://ftp.ncbi.nlm.nih.gov/geo/series/GSE101nnn/GSE101583/suppl;https://www.ncbi.nlm.nih.gov/Traces/study/?acc=PRJNA394880",28941257,SRP112743,"Malcolm Winkler","Jun 11, 2018"
GSE102342,"Transcriptome Changes During the Progression of Colitis-accelerated Colon Cancer in Mouse and the Blockage by Curcumin","Expression profiling by high throughput sequencing","Mus musculus",12,,"TXT;SRA Run Selector","ftp://ftp.ncbi.nlm.nih.gov/geo/series/GSE102nnn/GSE102342/suppl;https://www.ncbi.nlm.nih.gov/Traces/study/?acc=PRJNA397451",29547900,SRP114987,"Renyi Wu","Jun 11, 2018"
GSE102645,"Methylome Changes During the Progression of Colitis-accelerated Colon Cancer in Mouse and the Blockage by Curcumin","Methylation profiling by high throughput sequencing","Mus musculus",6,,"TXT;SRA Run Selector","ftp://ftp.ncbi.nlm.nih.gov/geo/series/GSE102nnn/GSE102645/suppl;https://www.ncbi.nlm.nih.gov/Traces/study/?acc=PRJNA398261",29547900,SRP115423,"Renyi Wu","Jun 11, 2018"
GSE102648,"Transcriptome and Methylome Changes During the Progression of Colitis-accelerated Colon Cancer in Mouse and the Blockage by Curcumin","Expression profiling by high throughput sequencing;Methylation profiling by high throughput sequencing","Mus musculus",18,,"TXT","ftp://ftp.ncbi.nlm.nih.gov/geo/series/GSE102nnn/GSE102648/suppl",29547900,,"Renyi Wu","Jun 11, 2018"
GSE103403,"Oct4 regulates the embryonic axis and coordinates exit from pluripotency and germ layer specification in the mouse embryo","Expression profiling by high throughput sequencing","Mus musculus",5,,"TXT;SRA Run Selector","ftp://ftp.ncbi.nlm.nih.gov/geo/series/GSE103nnn/GSE103403/suppl;https://www.ncbi.nlm.nih.gov/Traces/study/?acc=PRJNA401721",29915126,SRP116950,"Giuliano Giuseppe Stirparo","Jun 11, 2018"
GSE103591,"Single cell analysis reveals cancer cell heterogeneities in hepatcellular carcinoma","Expression profiling by high throughput sequencing","Homo sapiens",141,,,,29315726,,"Xin Wei Wang","Jun 11, 2018"
GSE103866,"Single cell analysis reveals cancer cell heterogeneities in hepatocellular carcinoma [SMART-seq]","Expression profiling by high throughput sequencing","Homo sapiens",138,,"TXT;SRA Run Selector","ftp://ftp.ncbi.nlm.nih.gov/geo/series/GSE103nnn/GSE103866/suppl;https://www.ncbi.nlm.nih.gov/Traces/study/?acc=PRJNA407354",29315726,SRP117691,"Xin Wei Wang","Jun 11, 2018"
GSE103867,"Single cell analysis reveals cancer cell heterogeneities in hepatocellular carcinoma [Chromium 10X]","Expression profiling by high throughput sequencing","Homo sapiens",3,,"MTX;TSV;SRA Run Selector","ftp://ftp.ncbi.nlm.nih.gov/geo/series/GSE103nnn/GSE103867/suppl;https://www.ncbi.nlm.nih.gov/Traces/study/?acc=PRJNA407353",29315726,SRP117687,"Xin Wei Wang","Jun 11, 2018"
GSE104759,"RNA-sequencing of human mammary epithelial cells (HMLEs) transduced in vitro with a shRNA against SOX4 or a scrambled shRNA in untreated and TGF-β-treated (16 hours) conditions","Expression profiling by high throughput sequencing","Homo sapiens",8,,"TXT;SRA Run Selector","ftp://ftp.ncbi.nlm.nih.gov/geo/series/GSE104nnn/GSE104759/suppl;https://www.ncbi.nlm.nih.gov/Traces/study/?acc=PRJNA413780",30137431;30507376,SRP119659,"Ana Lourenço","Jun 11, 2018"
GSE104760,"SMAD3 and SOX4 binding profiling in human breast cell lines","Genome binding/occupancy profiling by high throughput sequencing","Homo sapiens",25,,"BIGWIG;BW;SRA Run Selector","ftp://ftp.ncbi.nlm.nih.gov/geo/series/GSE104nnn/GSE104760/suppl;https://www.ncbi.nlm.nih.gov/Traces/study/?acc=PRJNA413781",30137431;30507376,SRP119661,"Ana Lourenço","Jun 11, 2018"
GSE104761,"The interplay between SOX4 and SMAD3 in the context of breast cancer","Expression profiling by high throughput sequencing;Genome binding/occupancy profiling by high throughput sequencing","Homo sapiens",50,,"BIGWIG;BW","ftp://ftp.ncbi.nlm.nih.gov/geo/series/GSE104nnn/GSE104761/suppl",30137431;30507376,,"Ana Lourenço","Jun 11, 2018"
GSE113413,"A non-canonical-PPARg/RXRa-binding sequence regulates leptin expression in response to changes in adipose tissue mass","Genome binding/occupancy profiling by high throughput sequencing","Mus musculus",6,,"BEDGRAPH;WIG;SRA Run Selector","ftp://ftp.ncbi.nlm.nih.gov/geo/series/GSE113nnn/GSE113413/suppl;https://www.ncbi.nlm.nih.gov/Traces/study/?acc=PRJNA451426",29891714,SRP142286,"Yinxin Zhang","Jun 11, 2018"
GSE114814,"Next Generation Sequencing for Quantitative Transcriptomic Profiling of TLR7 deficiency in Neurons","Expression profiling by high throughput sequencing","Mus musculus",6,,"XLSX;SRA Run Selector","ftp://ftp.ncbi.nlm.nih.gov/geo/series/GSE114nnn/GSE114814/suppl;https://www.ncbi.nlm.nih.gov/Traces/study/?acc=PRJNA472753",29885943,SRP148781,"Yi-Ping Hsueh","Jun 11, 2018"
GSE115187,"Gene expression changes in Ing1- and Gadd45a- single- or double-knockout mouse embryonic fibroblasts","Expression profiling by high throughput sequencing","Mus musculus",12,,"TSV;SRA Run Selector","ftp://ftp.ncbi.nlm.nih.gov/geo/series/GSE115nnn/GSE115187/suppl;https://www.ncbi.nlm.nih.gov/Traces/study/?acc=PRJNA474036",29884649,SRP149486,"Emil Karaulanov","Jun 11, 2018"
GSE115256,"Low Cell-Matrix Adhesion Reveals Two Subtypes of Human Pluripotent Stem Cells","Expression profiling by high throughput sequencing","Homo sapiens",4,,"TXT;SRA Run Selector","ftp://ftp.ncbi.nlm.nih.gov/geo/series/GSE115nnn/GSE115256/suppl;https://www.ncbi.nlm.nih.gov/Traces/study/?acc=PRJNA474380",,SRP149631,"Leqian Yu","Jun 11, 2018"
GSE115371,"RNA-seq and DNA methylomes of germinating rice and developing coleoptiles (RNA-Seq)","Expression profiling by high throughput sequencing","Oryza sativa",48,,"TXT;SRA Run Selector","ftp://ftp.ncbi.nlm.nih.gov/geo/series/GSE115nnn/GSE115371/suppl;https://www.ncbi.nlm.nih.gov/Traces/study/?acc=PRJNA474721",27859855,SRP149823,"Reena Narsai","Jun 11, 2018"
GSE115372,"RNA-seq and DNA methylomes of germinating rice and developing coleoptiles (Methyl-Seq)","Methylation profiling by high throughput sequencing","Oryza sativa",18,,"TXT;SRA Run Selector","ftp://ftp.ncbi.nlm.nih.gov/geo/series/GSE115nnn/GSE115372/suppl;https://www.ncbi.nlm.nih.gov/Traces/study/?acc=PRJNA474723",27859855,SRP149824,"Reena Narsai","Jun 11, 2018"
GSE115373,"RNA-seq and DNA methylomes of germinating rice and developing coleoptiles","Expression profiling by high throughput sequencing;Methylation profiling by high throughput sequencing","Oryza sativa",66,,,,27859855,,"Reena Narsai","Jun 11, 2018"
GSE115546,"Evaluation of induced cellular cytokine profile in response to Rifampin-mono resistant Mycobacterium tuberculosis strain","Expression profiling by RT-PCR","Homo sapiens",3,,"TXT","ftp://ftp.ncbi.nlm.nih.gov/geo/series/GSE115nnn/GSE115546/suppl",,,"Farzam Vaziri","Jun 11, 2018"
GSE115548,"Dual bioaugmentation with Desulfitobacterium hafniense Y51 and redox-trained fermenting communities for decontamination of PCE polluted river sediment: a microcosm study","Expression profiling by array","Desulfitobacterium hafniense;Desulfitobacterium hafniense Y51",4,,"TXT","ftp://ftp.ncbi.nlm.nih.gov/geo/series/GSE115nnn/GSE115548/suppl",,,"Ye Tian","Jun 11, 2018"
GSE115597,"Regulatory network controlling tumor-promoting inflammation in human cancers [ChIP-seq]","Genome binding/occupancy profiling by high throughput sequencing","Homo sapiens",10,,"TXT;SRA Run Selector","ftp://ftp.ncbi.nlm.nih.gov/geo/series/GSE115nnn/GSE115597/suppl;https://www.ncbi.nlm.nih.gov/Traces/study/?acc=PRJNA475553",,SRP150228,"Zhe Ji","Jun 11, 2018"
GSE115598,"Regulatory network controlling tumor-promoting inflammation in human cancers [RNA-seq]","Expression profiling by high throughput sequencing","Homo sapiens",9,,"TXT;SRA Run Selector","ftp://ftp.ncbi.nlm.nih.gov/geo/series/GSE115nnn/GSE115598/suppl;https://www.ncbi.nlm.nih.gov/Traces/study/?acc=PRJNA475554",,SRP150227,"Zhe Ji","Jun 11, 2018"
GSE115599,"Regulatory network controlling tumor-promoting inflammation in human cancers","Expression profiling by high throughput sequencing;Genome binding/occupancy profiling by high throughput sequencing","Homo sapiens",19,,"TXT","ftp://ftp.ncbi.nlm.nih.gov/geo/series/GSE115nnn/GSE115599/suppl",,,"Zhe Ji","Jun 11, 2018"
GSE69738,"Gene body H2B1ub regulates RNA Polymerase II pause release and is not needed for transcription elongation","Expression profiling by high throughput sequencing;Other;Genome binding/occupancy profiling by high throughput sequencing","Homo sapiens",18,,"BIGWIG;BW;TXT;SRA Run Selector","ftp://ftp.ncbi.nlm.nih.gov/geo/series/GSE69nnn/GSE69738/suppl;https://www.ncbi.nlm.nih.gov/Traces/study/?acc=PRJNA286307",,SRP059327,"Eran Rosenthal","Jun 10, 2018"
GSE80181,"Murine mammary epithelial cell methylome and ATAC-seq analyses","Methylation profiling by high throughput sequencing","Mus musculus",12,,"BIGWIG;NARROWPEAK;TXT;SRA Run Selector","ftp://ftp.ncbi.nlm.nih.gov/geo/series/GSE80nnn/GSE80181/suppl;https://www.ncbi.nlm.nih.gov/Traces/study/?acc=PRJNA318243",29921600,SRP073188,"Rama Khokha","Jun 10, 2018"
GSE86009,"Lkb1 interacts with a ciliopathy complex to regulate inflammation (array)","Expression profiling by array","Mus musculus",10,,"CEL","ftp://ftp.ncbi.nlm.nih.gov/geo/series/GSE86nnn/GSE86009/suppl",29925518,,"Hauke Busch","Jun 10, 2018"
GSE86010,"Lkb1 interacts with a ciliopathy complex to regulate inflammation (RNA-Seq)","Expression profiling by high throughput sequencing","Canis lupus familiaris",4,,"TSV","ftp://ftp.ncbi.nlm.nih.gov/geo/series/GSE86nnn/GSE86010/suppl",29925518,,"Hauke Busch","Jun 10, 2018"
GSE86011,"Lkb1 interacts with a ciliopathy complex to regulate inflammation","Expression profiling by array;Expression profiling by high throughput sequencing","Canis lupus familiaris;Mus musculus",14,,"CEL;TSV","ftp://ftp.ncbi.nlm.nih.gov/geo/series/GSE86nnn/GSE86011/suppl",29925518,,"Hauke Busch","Jun 10, 2018"
GSE99737,"Platelet Transcriptome Profiling in HIV and ABCC4 as a Biomarker of Platelet Activity","Expression profiling by high throughput sequencing","Homo sapiens",9,,"CSV;TXT;SRA Run Selector","ftp://ftp.ncbi.nlm.nih.gov/geo/series/GSE99nnn/GSE99737/suppl;https://www.ncbi.nlm.nih.gov/Traces/study/?acc=PRJNA389458",30062189,SRP108739,"Jeffrey Stuart Berger","Jun 10, 2018"
GSE103145,"Identification and analysis of adenine N6-methylation sites in the rice genome","Methylation profiling by high throughput sequencing","Oryza sativa Japonica Group",6,,"BED;GFF;SRA Run Selector","ftp://ftp.ncbi.nlm.nih.gov/geo/series/GSE103nnn/GSE103145/suppl;https://www.ncbi.nlm.nih.gov/Traces/study/?acc=PRJNA400255",30061746,SRP116222,"chao zhou","Jun 10, 2018"
GSE103528,"CARM1/PRMT4 is essential for myeloid leukemogenesis but dispensable for normal hematopoiesis","Expression profiling by high throughput sequencing","Homo sapiens",27,,"TXT;SRA Run Selector","ftp://ftp.ncbi.nlm.nih.gov/geo/series/GSE103nnn/GSE103528/suppl;https://www.ncbi.nlm.nih.gov/Traces/study/?acc=PRJNA401819",29894694,SRP117046,"Stephen Nimer","Jun 10, 2018"
GSE111962,"RNA Framework: an all-in-one toolkit for the analysis of RNA structures and post-transcriptional modifications","Other","Escherichia coli",2,,"SRA Run Selector","https://www.ncbi.nlm.nih.gov/Traces/study/?acc=PRJNA438686",29893890,SRP135893,"Danny Incarnato","Jun 10, 2018"
GSE115539,"Network integrative genomic and transcriptomic analysis of carbapenem-resistant Klebsiella pneumoniae strains identifies genes for resistance and virulence","Expression profiling by high throughput sequencing","Klebsiella pneumoniae",4,,"TXT;SRA Run Selector","ftp://ftp.ncbi.nlm.nih.gov/geo/series/GSE115nnn/GSE115539/suppl;https://www.ncbi.nlm.nih.gov/Traces/study/?acc=PRJNA475291",,SRP150097,"Muyoung Lee","Jun 10, 2018"
GSE69740,"Menin-MLL inhibitors block oncogenic transformation by MLL fusion proteins in a fusion partner independent manner","Expression profiling by high throughput sequencing","Mus musculus",18,,"TXT;SRA Run Selector","ftp://ftp.ncbi.nlm.nih.gov/geo/series/GSE69nnn/GSE69740/suppl;https://www.ncbi.nlm.nih.gov/Traces/study/?acc=PRJNA286308",,SRP059329,"Jingya Wang","Jun 09, 2018"
GSE109255,"Effect of BRD4 deletion on the Transcriptome of Different Thymocyte Subpopulations","Expression profiling by high throughput sequencing","Mus musculus",38,,"TSV;SRA Run Selector","ftp://ftp.ncbi.nlm.nih.gov/geo/series/GSE109nnn/GSE109255/suppl;https://www.ncbi.nlm.nih.gov/Traces/study/?acc=PRJNA430246",29972774,SRP131016,"Dinah S. Singer","Jun 09, 2018"
GSE110245,"mRNA Expression Data from Murine Hearts of Transgenic Clock delta 19/delta 19 mice (Clock mice) and Wild type (WT) mice Fed a High-Fat (HFD) or Standard Chow (SC) Diet for 24 weeks","Expression profiling by array","Mus musculus",16,,"CEL","ftp://ftp.ncbi.nlm.nih.gov/geo/series/GSE110nnn/GSE110245/suppl",,,"Dr. Tami A. Martino","Jun 09, 2018"
GSE114073,"SMA1, a homolog of the splicing factor Prp28, has a multifaceted role in miRNA biogenesis in Arabidopsis","Non-coding RNA profiling by high throughput sequencing","Arabidopsis thaliana",4,,"TXT;SRA Run Selector","ftp://ftp.ncbi.nlm.nih.gov/geo/series/GSE114nnn/GSE114073/suppl;https://www.ncbi.nlm.nih.gov/Traces/study/?acc=PRJNA464058",,SRP144660,"Chi Zhang","Jun 09, 2018"
GSE115439,"Lsr2 binding sites and gene expression of wild type and lsr2 mutants of Streptomyces venezuelae during late development in liquid culture","Expression profiling by high throughput sequencing;Genome binding/occupancy profiling by high throughput sequencing","Streptomyces venezuelae",16,,,,,,"Marie Elliot","Jun 09, 2018"
GSE115509,"mRNA-sequencing of U87 glioblastoma and DAOY medulloblastoma spheroidal aggregates undergoing electrotaxis","Expression profiling by high throughput sequencing","Homo sapiens",18,,"TSV;SRA Run Selector","ftp://ftp.ncbi.nlm.nih.gov/geo/series/GSE115nnn/GSE115509/suppl;https://www.ncbi.nlm.nih.gov/Traces/study/?acc=PRJNA475228",,SRP150065,"Johnathan G Lyon","Jun 09, 2018"
GSE115511,"Drosophila melanogaster late third instar larval ovary and gonadal fatbody polyA+ RNA-Seq profiling.","Expression profiling by high throughput sequencing","Drosophila melanogaster",16,,"BIGWIG;TXT;SRA Run Selector","ftp://ftp.ncbi.nlm.nih.gov/geo/series/GSE115nnn/GSE115511/suppl;https://www.ncbi.nlm.nih.gov/Traces/study/?acc=PRJNA475243",,SRP150067,"Brian Oliver","Jun 09, 2018"
GSE115513,"miRNA and colorectal cancer:  associations with tumor phenotype and survival","Non-coding RNA profiling by array","Homo sapiens",1513,,"TXT","ftp://ftp.ncbi.nlm.nih.gov/geo/series/GSE115nnn/GSE115513/suppl",26740022,,"Jennifer Herrick","Jun 09, 2018"
GSE115515,"Identification of chloroquine diphosphate as an autophagy inhibitor to treat PANC-1 cells [miRNA]","Non-coding RNA profiling by array","Homo sapiens",2,,"TXT","ftp://ftp.ncbi.nlm.nih.gov/geo/series/GSE115nnn/GSE115515/suppl",30570107,,"Qiao Yu","Jun 09, 2018"
GSE115516,"Identification of chloroquine diphosphate as an autophagy inhibitor to treat PANC-1 cells [mRNA, circRNA, lncRNA]","Expression profiling by array;Non-coding RNA profiling by array","Homo sapiens",2,,"TXT","ftp://ftp.ncbi.nlm.nih.gov/geo/series/GSE115nnn/GSE115516/suppl",30570107,,"Qiao Yu","Jun 09, 2018"
GSE115517,"Identification of chloroquine diphosphate as an autophagy inhibitor to treat PANC-1 cells","Expression profiling by array;Non-coding RNA profiling by array","Homo sapiens",4,,"TXT","ftp://ftp.ncbi.nlm.nih.gov/geo/series/GSE115nnn/GSE115517/suppl",30570107,,"Qiao Yu","Jun 09, 2018"
GSE115522,"Transcriptional dysregulation in a primary cortical neuron model of Huntington's disease","Expression profiling by high throughput sequencing","Mus musculus",12,,"TXT;SRA Run Selector","ftp://ftp.ncbi.nlm.nih.gov/geo/series/GSE115nnn/GSE115522/suppl;https://www.ncbi.nlm.nih.gov/Traces/study/?acc=PRJNA475261",29891550,SRP150077,"Hiroko Yano","Jun 09, 2018"
GSE115523,"The role of Twist1 in mutant huntingtin-induced transcriptional alterations","Expression profiling by high throughput sequencing","Mus musculus",16,,"TXT;SRA Run Selector","ftp://ftp.ncbi.nlm.nih.gov/geo/series/GSE115nnn/GSE115523/suppl;https://www.ncbi.nlm.nih.gov/Traces/study/?acc=PRJNA475260",29891550,SRP150075,"Hiroko Yano","Jun 09, 2018"
GSE115528,"Time resolved transcriptome of isolated biofilm cells compared with planktonic cells","Expression profiling by high throughput sequencing","Bacillus cereus ATCC 14579",14,,"RPKM;TXT;SRA Run Selector","ftp://ftp.ncbi.nlm.nih.gov/geo/series/GSE115nnn/GSE115528/suppl;https://www.ncbi.nlm.nih.gov/Traces/study/?acc=PRJNA475272",,SRP150083,"Anne de Jong","Jun 09, 2018"
GSE115537,"Gene expression of wild type and lsr2 mutants of Streptomyces venezuelae during late development in liquid culture","Expression profiling by high throughput sequencing","Streptomyces venezuelae",12,,"CSV;SRA Run Selector","ftp://ftp.ncbi.nlm.nih.gov/geo/series/GSE115nnn/GSE115537/suppl;https://www.ncbi.nlm.nih.gov/Traces/study/?acc=PRJNA475289",,SRP150096,"Marie Elliot","Jun 09, 2018"
GSE115538,"Identifying Lsr2 binding sites in Streptomyces venezuelae","Genome binding/occupancy profiling by high throughput sequencing","Streptomyces venezuelae",4,,"CSV;SRA Run Selector","ftp://ftp.ncbi.nlm.nih.gov/geo/series/GSE115nnn/GSE115538/suppl;https://www.ncbi.nlm.nih.gov/Traces/study/?acc=PRJNA475288",,SRP150095,"Marie Elliot","Jun 09, 2018"
GSE83125,"Major Facilitator Superfamily Domain Containing 7C (Mfsd7c) Mediates the Effects of Heme on Cell Metabolism, Motility and Transcription","Expression profiling by high throughput sequencing","Mus musculus",6,,"TXT;XLSX;SRA Run Selector","ftp://ftp.ncbi.nlm.nih.gov/geo/series/GSE83nnn/GSE83125/suppl;https://www.ncbi.nlm.nih.gov/Traces/study/?acc=PRJNA324823",,SRP076283,"Charles Arthur Whittaker","Jun 08, 2018"
GSE92434,"RNA- and ATAC-seq data of Wt, Ebf1-KO and Pax5-KO FL-ProB-cells.","Other;Genome binding/occupancy profiling by high throughput sequencing;Expression profiling by high throughput sequencing","Mus musculus",18,,"BEDGRAPH;TXT;SRA Run Selector","ftp://ftp.ncbi.nlm.nih.gov/geo/series/GSE92nnn/GSE92434/suppl;https://www.ncbi.nlm.nih.gov/Traces/study/?acc=PRJNA357562",29899037,SRP095167,"Mikael Sigvardsson","Jun 08, 2018"
GSE94154,"Gene expression after 24h Cocoa Extract incubation in HT29 cells","Expression profiling by array","Homo sapiens",6,,"CEL","ftp://ftp.ncbi.nlm.nih.gov/geo/series/GSE94nnn/GSE94154/suppl",,,"Carlos J Ciudad","Jun 08, 2018"
GSE95354,"Differentially transcribed miRNAs in stress-induced premature senecence (SIPS)","Non-coding RNA profiling by high throughput sequencing","Homo sapiens",12,,"TSV;SRA Run Selector","ftp://ftp.ncbi.nlm.nih.gov/geo/series/GSE95nnn/GSE95354/suppl;https://www.ncbi.nlm.nih.gov/Traces/study/?acc=PRJNA376731",29779019,SRP100689,"Markus Schosserer","Jun 08, 2018"
GSE98753,"FBXL19 transcriptionally primes promoters of developmental genes via CDK8-Mediator recruitment [ChIP-seq 1]","Genome binding/occupancy profiling by high throughput sequencing","Mus musculus",12,,"BW;SRA Run Selector","ftp://ftp.ncbi.nlm.nih.gov/geo/series/GSE98nnn/GSE98753/suppl;https://www.ncbi.nlm.nih.gov/Traces/study/?acc=PRJNA386116",29809150,SRP106778,"Emilia Dimitrova","Jun 08, 2018"
GSE98754,"FBXL19 transcriptionally primes promoters of developmental genes via CDK8-Mediator recruitment [ChIP-seq 2]","Genome binding/occupancy profiling by high throughput sequencing","Mus musculus",8,,"BW;SRA Run Selector","ftp://ftp.ncbi.nlm.nih.gov/geo/series/GSE98nnn/GSE98754/suppl;https://www.ncbi.nlm.nih.gov/Traces/study/?acc=PRJNA386117",29809150,SRP106777,"Emilia Dimitrova","Jun 08, 2018"
GSE98755,"FBXL19 transcriptionally primes promoters of developmental genes via CDK8-Mediator recruitment [RNA-seq]","Expression profiling by high throughput sequencing","Mus musculus",12,,"BW;SRA Run Selector","ftp://ftp.ncbi.nlm.nih.gov/geo/series/GSE98nnn/GSE98755/suppl;https://www.ncbi.nlm.nih.gov/Traces/study/?acc=PRJNA386118",29809150,SRP106779,"Emilia Dimitrova","Jun 08, 2018"
GSE98756,"FBXL19 recruits CDK8-Mediator to CpG islands and primes developmental genes for activation during lineage commitment","Genome binding/occupancy profiling by high throughput sequencing;Expression profiling by high throughput sequencing","Mus musculus",32,,,,29809150,,"Emilia Dimitrova","Jun 08, 2018"
GSE100772,"Transcription profiles of WT or MST1/2-KO total, CD8+ and CD8- DCs in vivo","Expression profiling by array","Mus musculus",34,,"CEL","ftp://ftp.ncbi.nlm.nih.gov/geo/series/GSE100nnn/GSE100772/suppl",29849151,,"Jiyang Yu","Jun 08, 2018"
GSE103625,"Polycomb-Dependent Chromatin Looping Contributes to Gene Silencing during Drosophila Development","Other","Drosophila melanogaster",12,,"TXT;SRA Run Selector","ftp://ftp.ncbi.nlm.nih.gov/geo/series/GSE103nnn/GSE103625/suppl;https://www.ncbi.nlm.nih.gov/Traces/study/?acc=PRJNA403800",30008320,SRP117144,"Jia-Ming Chang","Jun 08, 2018"
GSE103902,"Master retinal transcription factors define a subgroup-specific photoreceptor program and implicate novel dependencies in medulloblastoma","Expression profiling by array","Homo sapiens",6,,"CEL","ftp://ftp.ncbi.nlm.nih.gov/geo/series/GSE103nnn/GSE103902/suppl",29533784,,"Wilfrid Richer","Jun 08, 2018"
GSE104093,"Aberrant expression of histone homocysteinylation: Implications for neural tube defects (ChIP-seq)","Genome binding/occupancy profiling by high throughput sequencing","Mus musculus",3,,"TXT;SRA Run Selector","ftp://ftp.ncbi.nlm.nih.gov/geo/series/GSE104nnn/GSE104093/suppl;https://www.ncbi.nlm.nih.gov/Traces/study/?acc=PRJNA408235",,SRP118471,"Qin Zhang","Jun 08, 2018"
GSE104094,"Aberrant expression of histone homocysteinylation: Implications for neural tube defects (RNA-seq)","Expression profiling by high throughput sequencing","Mus musculus",2,,"TXT;SRA Run Selector","ftp://ftp.ncbi.nlm.nih.gov/geo/series/GSE104nnn/GSE104094/suppl;https://www.ncbi.nlm.nih.gov/Traces/study/?acc=PRJNA408236",,SRP118473,"Qin Zhang","Jun 08, 2018"
GSE104095,"Aberrant expression of histone homocysteinylation: Implications for neural tube defects","Genome binding/occupancy profiling by high throughput sequencing;Expression profiling by high throughput sequencing","Mus musculus",5,,"TXT","ftp://ftp.ncbi.nlm.nih.gov/geo/series/GSE104nnn/GSE104095/suppl",,,"Qin Zhang","Jun 08, 2018"
GSE104434,"Enteric bacteria increase the defenses against oxidative stress in Entamoeba histolytica","Expression profiling by high throughput sequencing","Entamoeba histolytica",33,,"TXT;SRA Run Selector","ftp://ftp.ncbi.nlm.nih.gov/geo/series/GSE104nnn/GSE104434/suppl;https://www.ncbi.nlm.nih.gov/Traces/study/?acc=PRJNA412624",29899530,SRP119142,"Rachel Legendre","Jun 08, 2018"
GSE104656,"Effect of Pre- and Postnatal Exposure to urban PM2.5 on the Transcriptome of the Developing and Early-Life Mouse Lung","Expression profiling by array","Mus musculus",26,,"CEL;CHP","ftp://ftp.ncbi.nlm.nih.gov/geo/series/GSE104nnn/GSE104656/suppl",29883952,,"Espen E Groth","Jun 08, 2018"
GSE106307,"human serum: Control vs. patients with repeated implantation failure","Non-coding RNA profiling by array","Cytomegalovirus;Homo sapiens;Human alphaherpesvirus 1;Human alphaherpesvirus 2;Human immunodeficiency virus 1;Human polyomavirus 1;JC polyomavirus;Lymphocryptovirus;Macaca mulatta polyomavirus 1;Merkel cell polyomavirus;Rhadinovirus",6,,"GPR;TXT","ftp://ftp.ncbi.nlm.nih.gov/geo/series/GSE106nnn/GSE106307/suppl",,,"lin liu","Jun 08, 2018"
GSE107065,"The thyroid hormone receptors regulate the expression of microRNAs with key roles in skin homeostasis","Non-coding RNA profiling by high throughput sequencing","Mus musculus",9,,"CSV;SRA Run Selector","ftp://ftp.ncbi.nlm.nih.gov/geo/series/GSE107nnn/GSE107065/suppl;https://www.ncbi.nlm.nih.gov/Traces/study/?acc=PRJNA418948",29742977,SRP125200,"Monica Martinez-Fernandez","Jun 08, 2018"
GSE107107,"Exosomal microRNA (miRNA) expression in Blonchoalveolar lavage fluid (BALF) collected from mice infected with influenza virus and inoculated with poly(I:C).","Non-coding RNA profiling by array","Mus musculus",15,,"TXT","ftp://ftp.ncbi.nlm.nih.gov/geo/series/GSE107nnn/GSE107107/suppl",29373693,,"Tadashi Maemura","Jun 08, 2018"
GSE107108,"Gene expression in MLE-12 cells transfected with microRNA (miRNA; miR) mimics  upon influenza virus infection","Expression profiling by array","Mus musculus",6,,"TXT","ftp://ftp.ncbi.nlm.nih.gov/geo/series/GSE107nnn/GSE107108/suppl",29373693,,"Tadashi Maemura","Jun 08, 2018"
GSE107766,"Best practices for eCLIP experiments and analysis [uncertain quality]","Other","Homo sapiens",150,,"BED;BW;SRA Run Selector","ftp://ftp.ncbi.nlm.nih.gov/geo/series/GSE107nnn/GSE107766/suppl;https://www.ncbi.nlm.nih.gov/Traces/study/?acc=PRJNA421346",,SRP126276,"Gene Yeo","Jun 08, 2018"
GSE107767,"Best practices for eCLIP experiments and analysis [poor quality]","Other","Homo sapiens",228,,"BED;BW;SRA Run Selector","ftp://ftp.ncbi.nlm.nih.gov/geo/series/GSE107nnn/GSE107767/suppl;https://www.ncbi.nlm.nih.gov/Traces/study/?acc=PRJNA421344",,SRP126277,"Gene Yeo","Jun 08, 2018"
GSE107768,"Best practices for eCLIP experiments and analysis","Other","Homo sapiens",378,,"BED;BW","ftp://ftp.ncbi.nlm.nih.gov/geo/series/GSE107nnn/GSE107768/suppl",,,"Gene Yeo","Jun 08, 2018"
GSE108468,"Lysine benzoylation is a novel histone mark [ChIP-seq]","Genome binding/occupancy profiling by high throughput sequencing","Homo sapiens",6,,"BROADPEAK;SRA Run Selector","ftp://ftp.ncbi.nlm.nih.gov/geo/series/GSE108nnn/GSE108468/suppl;https://www.ncbi.nlm.nih.gov/Traces/study/?acc=PRJNA427338",30154464,SRP127413,"He Huang","Jun 08, 2018"
GSE108469,"Lysine benzoylation is a novel histone mark [RNA-seq]","Expression profiling by high throughput sequencing","Homo sapiens",8,,"TXT;SRA Run Selector","ftp://ftp.ncbi.nlm.nih.gov/geo/series/GSE108nnn/GSE108469/suppl;https://www.ncbi.nlm.nih.gov/Traces/study/?acc=PRJNA427337",30154464,SRP127412,"He Huang","Jun 08, 2018"
GSE108470,"Lysine benzoylation is a novel histone mark","Expression profiling by high throughput sequencing;Genome binding/occupancy profiling by high throughput sequencing","Homo sapiens",14,,"BROADPEAK","ftp://ftp.ncbi.nlm.nih.gov/geo/series/GSE108nnn/GSE108470/suppl",30154464,,"He Huang","Jun 08, 2018"
GSE110238,"Expression profiling in cellular miRNAs of human bone marrow stromal cells derived from multiple myeloma patients","Expression profiling by RT-PCR","Homo sapiens",11,,"TXT","ftp://ftp.ncbi.nlm.nih.gov/geo/series/GSE110nnn/GSE110238/suppl",,,"Tomohiro Umezu","Jun 08, 2018"
GSE110271,"Expression profiling in exosomal miRNAs of human bone marrow stromal cells derived from multiple myeloma patients","Expression profiling by RT-PCR","Homo sapiens",11,,"TXT","ftp://ftp.ncbi.nlm.nih.gov/geo/series/GSE110nnn/GSE110271/suppl",,,"Tomohiro Umezu","Jun 08, 2018"
GSE110702,"Salicylic acid inhibits transcriptional repression activities of its receptors to promote defense gene expression","Expression profiling by high throughput sequencing","Arabidopsis thaliana",16,,"TXT;SRA Run Selector","ftp://ftp.ncbi.nlm.nih.gov/geo/series/GSE110nnn/GSE110702/suppl;https://www.ncbi.nlm.nih.gov/Traces/study/?acc=PRJNA434313",29656896,SRP132955,"Yuelin Zhang","Jun 08, 2018"
GSE112417,"Histone Variant H2A.Z Defines Cell Identity in Vascular Smooth Muscle Cells as Revealed by Single-Cell Transcriptomics","Expression profiling by high throughput sequencing;Genome binding/occupancy profiling by high throughput sequencing","Homo sapiens;Mus musculus",52,,"BIGWIG;CSV;TXT;SRA Run Selector","ftp://ftp.ncbi.nlm.nih.gov/geo/series/GSE112nnn/GSE112417/suppl;https://www.ncbi.nlm.nih.gov/Traces/study/?acc=PRJNA445961",29871976,SRP136608,"Li Wang","Jun 08, 2018"
GSE112860,"mRNA expression of murine hematopoietic stem cells and ex vivo murine MLL-AF9 cells deficient for total PRDM16 or f-PRDM16, and AF9 cells overexpressing individual PRDM16 isoforms","Expression profiling by high throughput sequencing","Mus musculus",32,,"TXT","ftp://ftp.ncbi.nlm.nih.gov/geo/series/GSE112nnn/GSE112860/suppl",29878897,,"Hans-Willem Snoeck","Jun 08, 2018"
GSE113393,"Transcriptional profiling of Regulatory T (Treg) cells and CD4+ conventional T (Tconv) cells from vTreg53 TCR transgenic and PPARg reporter mice","Expression profiling by high throughput sequencing","Mus musculus",62,,"TXT;SRA Run Selector","ftp://ftp.ncbi.nlm.nih.gov/geo/series/GSE113nnn/GSE113393/suppl;https://www.ncbi.nlm.nih.gov/Traces/study/?acc=PRJNA451014",29887374,SRP141181,"CBDM Lab","Jun 08, 2018"
GSE113412,"Tracking adipose-tissue Treg provenance, dependencies, and activities via T cell receptor transgenic mice","Genome binding/occupancy profiling by high throughput sequencing","Mus musculus",26,,"BW;SRA Run Selector","ftp://ftp.ncbi.nlm.nih.gov/geo/series/GSE113nnn/GSE113412/suppl;https://www.ncbi.nlm.nih.gov/Traces/study/?acc=PRJNA451105",29887374,SRP141334,"CBDM Lab","Jun 08, 2018"
GSE113536,"Paneth cells acquire multi-potency upon Notch activation after irradiation","Expression profiling by high throughput sequencing","Mus musculus",8,,"TXT;SRA Run Selector","ftp://ftp.ncbi.nlm.nih.gov/geo/series/GSE113nnn/GSE113536/suppl;https://www.ncbi.nlm.nih.gov/Traces/study/?acc=PRJNA451469",29887318,SRP142313,"Michael Verzi","Jun 08, 2018"
GSE113975,"Total and GC B cells with or without miR-146a","Expression profiling by high throughput sequencing","Mus musculus",12,,"XLS;SRA Run Selector","ftp://ftp.ncbi.nlm.nih.gov/geo/series/GSE113nnn/GSE113975/suppl;https://www.ncbi.nlm.nih.gov/Traces/study/?acc=PRJNA454714",,SRP144378,"Li-Fan Lu","Jun 08, 2018"
GSE115442,"Coordinate regulation of alternative pre-mRNA splicing events by the human RNA chaperone proteins hnRNPA1 and DDX5","Other","Homo sapiens",18,,"SRA Run Selector","https://www.ncbi.nlm.nih.gov/Traces/study/?acc=PRJNA475024",30042133,SRP149970,"Yeon Lee","Jun 08, 2018"
GSE115447,"RNAseq data of brain cortex from mice at d10 post-microglia depletion and non-depleted controls","Expression profiling by high throughput sequencing","Mus musculus",6,,"TXT;SRA Run Selector","ftp://ftp.ncbi.nlm.nih.gov/geo/series/GSE115nnn/GSE115447/suppl;https://www.ncbi.nlm.nih.gov/Traces/study/?acc=PRJNA475033",30385785,SRP149974,"Stephen Rubino","Jun 08, 2018"
GSE115453,"Comparative analysis of human bone marrow-derived MSCs and corneal stromal cells","Expression profiling by RT-PCR","Homo sapiens",13,,"TXT","ftp://ftp.ncbi.nlm.nih.gov/geo/series/GSE115nnn/GSE115453/suppl",,,"Steffi Matthyssen","Jun 08, 2018"
GSE115454,"Epigenetic optical mapping of 5-hydroxymethylcytosine in nanochannel arrays","Methylation profiling by high throughput sequencing","Homo sapiens",2,,"BEDGRAPH;BW;SRA Run Selector","ftp://ftp.ncbi.nlm.nih.gov/geo/series/GSE115nnn/GSE115454/suppl;https://www.ncbi.nlm.nih.gov/Traces/study/?acc=PRJNA475101",29924591,SRP149981,"Yuval Ebenstein","Jun 08, 2018"
GSE115455,"A cancer avatar models prospectively guides therapy","Expression profiling by array","Homo sapiens",4,,"TXT","ftp://ftp.ncbi.nlm.nih.gov/geo/series/GSE115nnn/GSE115455/suppl",30202792,,"Mohamed E. Abazeed","Jun 08, 2018"
GSE115459,"Exosome-transmitted RVT1 from reactive astrocytes promotes recurrence glioblastoma proliferation","Expression profiling by array;Non-coding RNA profiling by array","Homo sapiens",9,,"TXT","ftp://ftp.ncbi.nlm.nih.gov/geo/series/GSE115nnn/GSE115459/suppl",,,"chen wanghao","Jun 08, 2018"
GSE115474,"Stretch growth does not alter gene expression","Expression profiling by high throughput sequencing","Rattus norvegicus",6,,"PDF;TSV;XLS;SRA Run Selector","ftp://ftp.ncbi.nlm.nih.gov/geo/series/GSE115nnn/GSE115474/suppl;https://www.ncbi.nlm.nih.gov/Traces/study/?acc=PRJNA475127",,SRP150003,"Vittoria Raffa","Jun 08, 2018"
GSE115478,"Drosophila melanogaster late third instar larval testes and gonadal fatbody RNA-seq profiling","Expression profiling by high throughput sequencing","Drosophila melanogaster",20,,"BIGWIG;GTF;TXT;SRA Run Selector","ftp://ftp.ncbi.nlm.nih.gov/geo/series/GSE115nnn/GSE115478/suppl;https://www.ncbi.nlm.nih.gov/Traces/study/?acc=PRJNA475132",,SRP150006,"Brian Oliver","Jun 08, 2018"
GSE115527,"CREB Controls Cortical Circuit Plasticity and Functional Recovery after Stroke","Expression profiling by array","Mus musculus",24,,"XLSX","ftp://ftp.ncbi.nlm.nih.gov/geo/series/GSE115nnn/GSE115527/suppl",29884780,,"Riki Kawaguchi","Jun 08, 2018"
GSE73345,"RNA-seq: weight cycling time series (eWAT)","Expression profiling by high throughput sequencing","Mus musculus",27,,"TXT;SRA Run Selector","ftp://ftp.ncbi.nlm.nih.gov/geo/series/GSE73nnn/GSE73345/suppl;https://www.ncbi.nlm.nih.gov/Traces/study/?acc=PRJNA296757",29762555,SRP064030,"Je Kyung Seong","Jun 07, 2018"
GSE96824,"QsRNA-seq: a method for high-throughput profiling and quantifying small RNAs","Non-coding RNA profiling by high throughput sequencing","Caenorhabditis elegans;Homo sapiens",18,,"XLSX;SRA Run Selector","ftp://ftp.ncbi.nlm.nih.gov/geo/series/GSE96nnn/GSE96824/suppl;https://www.ncbi.nlm.nih.gov/Traces/study/?acc=PRJNA379828",30107842,SRP102187,"Ayelet Lamm","Jun 07, 2018"
GSE99991,"Investigating the role of SMCHD1 in de novo X chromosome inactivation","Expression profiling by high throughput sequencing;Genome binding/occupancy profiling by high throughput sequencing;Other;Third-party reanalysis","Mus musculus",53,,"BED;BEDGRAPH;BW;TXT;SRA Run Selector","ftp://ftp.ncbi.nlm.nih.gov/geo/series/GSE99nnn/GSE99991/suppl;https://www.ncbi.nlm.nih.gov/Traces/study/?acc=PRJNA390409",29887375,SRP109128,"Chen-Yu Wang","Jun 07, 2018"
GSE102590,"A Cdk9-PP1 switch regulates the elongation-termination transition of RNA polymerase II","Other;Genome binding/occupancy profiling by high throughput sequencing","Schizosaccharomyces pombe",52,,"BEDGRAPH;BIGWIG;BW;SRA Run Selector","ftp://ftp.ncbi.nlm.nih.gov/geo/series/GSE102nnn/GSE102590/suppl;https://www.ncbi.nlm.nih.gov/Traces/study/?acc=PRJNA398083",29899453,SRP115327,"Robert P Fisher","Jun 07, 2018"
GSE103860,"Differential circular RNAs expression in ovary during oviposition in honey bees","Non-coding RNA profiling by high throughput sequencing","Apis mellifera",12,,"TXT;SRA Run Selector","ftp://ftp.ncbi.nlm.nih.gov/geo/series/GSE103nnn/GSE103860/suppl;https://www.ncbi.nlm.nih.gov/Traces/study/?acc=PRJNA407316",29709513,SRP117804,"Xiao Chen","Jun 07, 2018"
GSE106622,"Transcriptomic insight into molecular processes of light-induced rapid darkening of non-obligative cave dweller Oreolalax rhodostigmatus (Megophryidae, Anura) and their genetic basis of pigmentation strategy","Expression profiling by high throughput sequencing","Oreolalax rhodostigmatus",13,,"FASTA;XLSX;SRA Run Selector","ftp://ftp.ncbi.nlm.nih.gov/geo/series/GSE106nnn/GSE106622/suppl;https://www.ncbi.nlm.nih.gov/Traces/study/?acc=PRJNA417470",29855256,SRP124485,"xungang wang","Jun 07, 2018"
GSE107635,"Neuronal integrity, not activity, drives synaptic material clearance by microglia after CNS injury","Expression profiling by high throughput sequencing","Mus musculus",8,,"TSV;SRA Run Selector","ftp://ftp.ncbi.nlm.nih.gov/geo/series/GSE107nnn/GSE107635/suppl;https://www.ncbi.nlm.nih.gov/Traces/study/?acc=PRJNA420938",,SRP126052,"Christopher Overall","Jun 07, 2018"
GSE108036,"Comparative analysis of cartilage tissue from ANP32A knockout mice and wildtype C57/Bl6 mice","Expression profiling by array","Mus musculus",8,,"CEL;XLSX","ftp://ftp.ncbi.nlm.nih.gov/geo/series/GSE108nnn/GSE108036/suppl",30209244,,"Rik Lories","Jun 07, 2018"
GSE109863,"Hepatic pyruvate kinase muscle isoform 2 (Pkm2) induction in response to 2,3,7,8-tetrachlorodibenzo-p-dioxin (TCDD)-elicited oxidative stress is independent of NRF2  (RNA-Seq)","Expression profiling by high throughput sequencing","Mus musculus",42,,"TXT;SRA Run Selector","ftp://ftp.ncbi.nlm.nih.gov/geo/series/GSE109nnn/GSE109863/suppl;https://www.ncbi.nlm.nih.gov/Traces/study/?acc=PRJNA432212",29752288,SRP131784,"Timothy R Zacharewski","Jun 07, 2018"
GSE109865,"Hepatic pyruvate kinase muscle isoform 2 (Pkm2) induction in response to 2,3,7,8-tetrachlorodibenzo-p-dioxin (TCDD)-elicited oxidative stress is independent of NRF2  (ChIP-Seq)","Genome binding/occupancy profiling by high throughput sequencing","Mus musculus",3,,"BW;SRA Run Selector","ftp://ftp.ncbi.nlm.nih.gov/geo/series/GSE109nnn/GSE109865/suppl;https://www.ncbi.nlm.nih.gov/Traces/study/?acc=PRJNA432215",29752288,SRP131786,"Timothy R Zacharewski","Jun 07, 2018"
GSE109866,"Comparison of hepatic NRF2 and AHR binding in 2,3,7,8-tetrachlorodibenzo-p-dioxin (TCDD) treated mice demonstrates NRF2-independent PKM2 induction","Expression profiling by high throughput sequencing;Genome binding/occupancy profiling by high throughput sequencing","Mus musculus",45,,"BW;TXT","ftp://ftp.ncbi.nlm.nih.gov/geo/series/GSE109nnn/GSE109866/suppl",29752288,,"Timothy R Zacharewski","Jun 07, 2018"
GSE110054,"Transcriptional responses of melanoma cells to BRAF inhibition","Expression profiling by high throughput sequencing","Homo sapiens",10,,"TXT;SRA Run Selector","ftp://ftp.ncbi.nlm.nih.gov/geo/series/GSE110nnn/GSE110054/suppl;https://www.ncbi.nlm.nih.gov/Traces/study/?acc=PRJNA432707",29657129,SRP132121,"Jennifer Tsoi","Jun 07, 2018"
GSE111007,"RNA-Seq profiling of iPSC-derived ventricular and atrial cardiomyocytes","Expression profiling by high throughput sequencing","Homo sapiens",8,,"TXT;SRA Run Selector","ftp://ftp.ncbi.nlm.nih.gov/geo/series/GSE111nnn/GSE111007/suppl;https://www.ncbi.nlm.nih.gov/Traces/study/?acc=PRJNA435578",29925689,SRP133294,"Gabriela Salinas-Riester","Jun 07, 2018"
GSE111150,"Optimization of interneuron function by direct coupling of cell migration and axonal targeting","Expression profiling by high throughput sequencing","Mus musculus",6,,"TXT;SRA Run Selector","ftp://ftp.ncbi.nlm.nih.gov/geo/series/GSE111nnn/GSE111150/suppl;https://www.ncbi.nlm.nih.gov/Traces/study/?acc=PRJNA436013",29915195,SRP133513,"Lynette Lim","Jun 07, 2018"
GSE112415,"A network of noncoding regulatory RNAs acts in the mammalian brain I","Expression profiling by high throughput sequencing","Mus musculus",96,,"TXT;SRA Run Selector","ftp://ftp.ncbi.nlm.nih.gov/geo/series/GSE112nnn/GSE112415/suppl;https://www.ncbi.nlm.nih.gov/Traces/study/?acc=PRJNA445959",29887379,SRP136604,"David P Bartel","Jun 07, 2018"
GSE112634,"A network of noncoding regulatory RNAs acts in the mammalian brain II","Expression profiling by high throughput sequencing","Mus musculus",33,,"TXT;SRA Run Selector","ftp://ftp.ncbi.nlm.nih.gov/geo/series/GSE112nnn/GSE112634/suppl;https://www.ncbi.nlm.nih.gov/Traces/study/?acc=PRJNA448588",29887379,SRP137009,"David P Bartel","Jun 07, 2018"
GSE112635,"A network of noncoding regulatory RNAs acts in the mammalian brain","Expression profiling by high throughput sequencing;Non-coding RNA profiling by high throughput sequencing","Homo sapiens;Mus musculus",153,,,,29887379,,"David P Bartel","Jun 07, 2018"
GSE112913,"A network of noncoding regulatory RNAs acts in the mammalian brain III","Non-coding RNA profiling by high throughput sequencing","Mus musculus",18,,"TXT","ftp://ftp.ncbi.nlm.nih.gov/geo/series/GSE112nnn/GSE112913/suppl",29887379,,"David P Bartel","Jun 07, 2018"
GSE112915,"A network of noncoding regulatory RNAs acts in the mammalian brain IV","Non-coding RNA profiling by high throughput sequencing","Homo sapiens",6,,"TXT","ftp://ftp.ncbi.nlm.nih.gov/geo/series/GSE112nnn/GSE112915/suppl",29887379,,"David P Bartel","Jun 07, 2018"
GSE114242,"Higher-order inter-chromosomal hubs shape 3-dimensional genome organization in the nucleus","Other","Homo sapiens;Mus musculus",20,,"RTF;TXT;SRA Run Selector","ftp://ftp.ncbi.nlm.nih.gov/geo/series/GSE114nnn/GSE114242/suppl;https://www.ncbi.nlm.nih.gov/Traces/study/?acc=PRJNA472993",29887377,SRP148905,"Sofia Agustina Quinodoz","Jun 07, 2018"
GSE115396,"Combinitorial Approaches to Viral Attenuation","Expression profiling by high throughput sequencing","Enterobacteria phage T7",64,,"TXT;SRA Run Selector","ftp://ftp.ncbi.nlm.nih.gov/geo/series/GSE115nnn/GSE115396/suppl;https://www.ncbi.nlm.nih.gov/Traces/study/?acc=PRJNA474818",30073203,SRP149883,"Claus Wilke","Jun 07, 2018"
GSE115410,"Gene expression profiling of adult human hepatocytes","Expression profiling by array","Homo sapiens",9,,"CEL;CHP","ftp://ftp.ncbi.nlm.nih.gov/geo/series/GSE115nnn/GSE115410/suppl",29883712,,"Sanjeev Gupta","Jun 07, 2018"
GSE115438,"Positional specificity of different transcription factor classes within enhancers","Genome binding/occupancy profiling by high throughput sequencing;Third-party reanalysis","Homo sapiens",2,,"GAPPEDPEAK;NARROWPEAK;SRA Run Selector","ftp://ftp.ncbi.nlm.nih.gov/geo/series/GSE115nnn/GSE115438/suppl;https://www.ncbi.nlm.nih.gov/Traces/study/?acc=PRJNA474957",29987030,SRP149948,"Sharon R Grossman","Jun 07, 2018"
GSE70365,"Effect of TDNC1 ectopic expression on global gene expression pattern","Expression profiling by array","Homo sapiens",6,,"CEL","ftp://ftp.ncbi.nlm.nih.gov/geo/series/GSE70nnn/GSE70365/suppl",,,"Naghmeh Nikpoor","Jun 06, 2018"
GSE77294,"RNA-seq of Drosophila unfertilized eggs","Expression profiling by high throughput sequencing","Drosophila melanogaster",3,,"XLSX;SRA Run Selector","ftp://ftp.ncbi.nlm.nih.gov/geo/series/GSE77nnn/GSE77294/suppl;https://www.ncbi.nlm.nih.gov/Traces/study/?acc=PRJNA309976",,SRP068959,"Jun Wei Pek","Jun 06, 2018"
GSE89689,"Role of Hmgb1 in hepatocarcinogenesis","Expression profiling by high throughput sequencing","Mus musculus",15,,"TXT;SRA Run Selector","ftp://ftp.ncbi.nlm.nih.gov/geo/series/GSE89nnn/GSE89689/suppl;https://www.ncbi.nlm.nih.gov/Traces/study/?acc=PRJNA352961",29558367,SRP093283,"Robert F Schwabe","Jun 06, 2018"
GSE92507,"Overexpression of KLF genes in retinal ganglion cells","Expression profiling by array","Rattus norvegicus",28,,"CEL;TXT","ftp://ftp.ncbi.nlm.nih.gov/geo/series/GSE92nnn/GSE92507/suppl",29860460,,"Jeffrey L Goldberg","Jun 06, 2018"
GSE95101,"Gene expression profiling of leiomyoma and myometrium specimens collected at distinct phases of the menstrual cycle","Expression profiling by array","Homo sapiens",38,,"TXT","ftp://ftp.ncbi.nlm.nih.gov/geo/series/GSE95nnn/GSE95101/suppl",28637297,,"Chad Creighton","Jun 06, 2018"
GSE95726,"Copy number profiling of prostate cancers from 40 African American patients","Genome variation profiling by SNP array","Homo sapiens",80,,"CEL","ftp://ftp.ncbi.nlm.nih.gov/geo/series/GSE95nnn/GSE95726/suppl",28611045,,"Chad Creighton","Jun 06, 2018"
GSE99790,"Persistence of stem cell metabolism in cancers as a failure of differentiation","Expression profiling by high throughput sequencing","Homo sapiens",20,,"TSV;SRA Run Selector","ftp://ftp.ncbi.nlm.nih.gov/geo/series/GSE99nnn/GSE99790/suppl;https://www.ncbi.nlm.nih.gov/Traces/study/?acc=PRJNA389596",29045536,SRP108785,"qiong xu","Jun 06, 2018"
GSE101140,"Global gene expression analysis of HDF, HDF OBM, CiOB, MSC-OBs, pOBs","Expression profiling by array","Homo sapiens",5,,"CEL","ftp://ftp.ncbi.nlm.nih.gov/geo/series/GSE101nnn/GSE101140/suppl",29855543,,"Kenta Yamamoto","Jun 06, 2018"
GSE101568,"RNAseq analysis of latex samples from healthy and Tapping Panel Dryness-affected trees.","Expression profiling by high throughput sequencing","Hevea brasiliensis",21,,"FASTA;TXT;SRA Run Selector","ftp://ftp.ncbi.nlm.nih.gov/geo/series/GSE101nnn/GSE101568/suppl;https://www.ncbi.nlm.nih.gov/Traces/study/?acc=PRJNA394848",29855601,SRP112717,"Véronique BRUNAUD","Jun 06, 2018"
GSE103225,"Transcriptome-pathology correlations predict CSNK1E-mediated TDP-43 phosphorylation in sporadic amyotrophic lateral sclerosis","Expression profiling by high throughput sequencing","Homo sapiens",10,,"BB;BED;BW;SRA Run Selector","ftp://ftp.ncbi.nlm.nih.gov/geo/series/GSE103nnn/GSE103225/suppl;https://www.ncbi.nlm.nih.gov/Traces/study/?acc=PRJNA400580",,SRP116386,"Gene Yeo","Jun 06, 2018"
GSE107349,"Isolation of A Unique Hepatic Stellate Cell Population Expressing Integrin a8 from Embryonic Mouse Livers","Expression profiling by high throughput sequencing","Mus musculus",6,,"CEL;TXT","ftp://ftp.ncbi.nlm.nih.gov/geo/series/GSE107nnn/GSE107349/suppl",29665133,,"Kinji Asahina","Jun 06, 2018"
GSE107405,"Combined BET bromodomain and CDK2 inhibition in MYC-driven medulloblastoma","Expression profiling by high throughput sequencing","Homo sapiens;Mus musculus",50,,"TSV;SRA Run Selector","ftp://ftp.ncbi.nlm.nih.gov/geo/series/GSE107nnn/GSE107405/suppl;https://www.ncbi.nlm.nih.gov/Traces/study/?acc=PRJNA420018",29511348,SRP125728,"Fredrik Johansson Swartling","Jun 06, 2018"
GSE107947,"Dissection of influenza infection in vivo by single-cell RNA-sequencing","Expression profiling by high throughput sequencing","Mus musculus",10,,"TXT;SRA Run Selector","ftp://ftp.ncbi.nlm.nih.gov/geo/series/GSE107nnn/GSE107947/suppl;https://www.ncbi.nlm.nih.gov/Traces/study/?acc=PRJNA421984",29886109,SRP126527,"Irit Gat-Viks","Jun 06, 2018"
GSE108527,"DDM1 represses noncoding RNA expression and RNA-directed DNA methylation in heterochromatin","Methylation profiling by high throughput sequencing;Non-coding RNA profiling by high throughput sequencing","Oryza sativa Japonica Group",3,,"BW;SRA Run Selector","ftp://ftp.ncbi.nlm.nih.gov/geo/series/GSE108nnn/GSE108527/suppl;https://www.ncbi.nlm.nih.gov/Traces/study/?acc=PRJNA427582",29794169,SRP127576,"Feng Tan","Jun 06, 2018"
GSE108875,"Expression data from mouse spleens after experimental stroke (reanalysis of dataset GSE70841 with additional experimental)","Expression profiling by array","Mus musculus",12,,"CEL;CHP","ftp://ftp.ncbi.nlm.nih.gov/geo/series/GSE108nnn/GSE108875/suppl",29872438,,"Laura McCulloch","Jun 06, 2018"
GSE108962,"Radiation-induced GEPs in immortalized and primary breast cells","Expression profiling by array","Homo sapiens",72,,"TXT","ftp://ftp.ncbi.nlm.nih.gov/geo/series/GSE108nnn/GSE108962/suppl",29617354,,"Valentina Bravatà","Jun 06, 2018"
GSE109004,"Transcriptome analysis of LRP5- and LRP6-depleted HCC38 cells.","Expression profiling by array","Homo sapiens",30,,"CEL","ftp://ftp.ncbi.nlm.nih.gov/geo/series/GSE109nnn/GSE109004/suppl",29854300,,"Thierry Dubois","Jun 06, 2018"
GSE109103,"Comparative analysis of the cistromes of ERα and phosphorylated CREB1 in breast cancer cells","Genome binding/occupancy profiling by high throughput sequencing","Homo sapiens",12,,"BIGWIG;SRA Run Selector","ftp://ftp.ncbi.nlm.nih.gov/geo/series/GSE109nnn/GSE109103/suppl;https://www.ncbi.nlm.nih.gov/Traces/study/?acc=PRJNA429642",30456355,SRP128916,"Didier Picard","Jun 06, 2018"
GSE109582,"HDAC genes play distinct and redundant roles in Cryptococcus neoformans virulence","Expression profiling by high throughput sequencing","Cryptococcus neoformans var. grubii H99",6,,"CSV;CXB;SRA Run Selector","ftp://ftp.ncbi.nlm.nih.gov/geo/series/GSE109nnn/GSE109582/suppl;https://www.ncbi.nlm.nih.gov/Traces/study/?acc=PRJNA431436",29581526,SRP131272,"Shannon Esher","Jun 06, 2018"
GSE110873,"The lack of α1,3-fucosyltransferase (Osfuct) affects in anther and pollen development in rice (Oryza sativa)","Expression profiling by genome tiling array","Oryza sativa",6,,"PAIR;PROBE","ftp://ftp.ncbi.nlm.nih.gov/geo/series/GSE110nnn/GSE110873/suppl",29670011,,"Yeon-Ki Kim","Jun 06, 2018"
GSE111110,"Gene expression of liver of vaccination-protected mice in response to early patent infections of Plasmodium chabaudi blood-stage malaria","Expression profiling by array;Non-coding RNA profiling by array","Mus musculus",12,,"TXT","ftp://ftp.ncbi.nlm.nih.gov/geo/series/GSE111nnn/GSE111110/suppl",29843710,,"Marcos J Araúzo-Bravo","Jun 06, 2018"
GSE111340,"The EBV-Encoded Oncoprotein, LMP1, Induces an Epithelial-to-Mesenchymal Transition (EMT) via its CTAR1 Domain Through Integrin-Mediated ERK-MAPK Signalling","Expression profiling by array","Canis lupus familiaris",15,,"CEL","ftp://ftp.ncbi.nlm.nih.gov/geo/series/GSE111nnn/GSE111340/suppl",29723998,,"Wenbin Wei","Jun 06, 2018"
GSE111867,"RNA sequencing-based analysis of the visceral tissue transcriptome of chicken embryo infected with F48E9 or La Sota","Expression profiling by high throughput sequencing","Gallus gallus",3,,"TXT;SRA Run Selector","ftp://ftp.ncbi.nlm.nih.gov/geo/series/GSE111nnn/GSE111867/suppl;https://www.ncbi.nlm.nih.gov/Traces/study/?acc=PRJNA438447",,SRP135760,"Yanqing Jia","Jun 06, 2018"
GSE111868,"miRNA expression profiles of chicken embryonic visceral tissue infected with F48E9 or La Sota","Non-coding RNA profiling by high throughput sequencing","Gallus gallus",3,,"TXT;SRA Run Selector","ftp://ftp.ncbi.nlm.nih.gov/geo/series/GSE111nnn/GSE111868/suppl;https://www.ncbi.nlm.nih.gov/Traces/study/?acc=PRJNA438448",,SRP135759,"Yanqing Jia","Jun 06, 2018"
GSE111869,"Chicken embryonic visceral tissue with F48E9 or La Sota","Expression profiling by high throughput sequencing;Non-coding RNA profiling by high throughput sequencing","Gallus gallus",6,,"TXT","ftp://ftp.ncbi.nlm.nih.gov/geo/series/GSE111nnn/GSE111869/suppl",,,"Yanqing Jia","Jun 06, 2018"
GSE111993,"Metabolomics and transcriptomics identify multiple downstream targets of Paraburkholderia phymatum σ54 during symbiosis with Phaseolus vulgaris","Expression profiling by high throughput sequencing","Paraburkholderia phymatum STM815",4,,"TXT;SRA Run Selector","ftp://ftp.ncbi.nlm.nih.gov/geo/series/GSE111nnn/GSE111993/suppl;https://www.ncbi.nlm.nih.gov/Traces/study/?acc=PRJNA438899",29614780,SRP135975,"Gabriella Pessi","Jun 06, 2018"
GSE113177,"Male Germ Cells Support Long-Term Propagation of Zika Virus","Expression profiling by high throughput sequencing","Mus musculus",6,,"XLS;SRA Run Selector","ftp://ftp.ncbi.nlm.nih.gov/geo/series/GSE113nnn/GSE113177/suppl;https://www.ncbi.nlm.nih.gov/Traces/study/?acc=PRJNA450377",29844387,SRP140492,"Shuibing Chen","Jun 06, 2018"
GSE113310,"Functional characterization of NSE4A subunit of SMC5/6 complex in Arabidopsis","Expression profiling by high throughput sequencing","Arabidopsis thaliana",4,,"CSV;SRA Run Selector","ftp://ftp.ncbi.nlm.nih.gov/geo/series/GSE113nnn/GSE113310/suppl;https://www.ncbi.nlm.nih.gov/Traces/study/?acc=PRJNA450796",,SRP140870,"Ales Pecinka","Jun 06, 2018"
GSE113479,"Cell culture-based model system for FOXO3 activity","Expression profiling by array","Homo sapiens",27,,"CEL","ftp://ftp.ncbi.nlm.nih.gov/geo/series/GSE113nnn/GSE113479/suppl",30030980,,"Henk van Ooijen","Jun 06, 2018"
GSE114371,"AmpliSeq Transcriptome Analysis of Human Alveolar and Monocyte-Derived Macrophages Over Time in Response to Mycobacterium tuberculosis infection","Expression profiling by high throughput sequencing;Non-coding RNA profiling by high throughput sequencing","Homo sapiens",36,,"TXT;SRA Run Selector","ftp://ftp.ncbi.nlm.nih.gov/geo/series/GSE114nnn/GSE114371/suppl;https://www.ncbi.nlm.nih.gov/Traces/study/?acc=PRJNA471095",29847580,SRP145502,"Maciej Pietrzak","Jun 06, 2018"
GSE115075,"RNA-seq Analysis of the effect of Tfcp2l1 overexpression on Human ESC maintenace","Expression profiling by high throughput sequencing","Homo sapiens",2,,"TXT;SRA Run Selector","ftp://ftp.ncbi.nlm.nih.gov/geo/series/GSE115nnn/GSE115075/suppl;https://www.ncbi.nlm.nih.gov/Traces/study/?acc=PRJNA473659",,SRP149318,"shoudong ye","Jun 06, 2018"
GSE115276,"Maternal care boosted by paternal imprinting in mammals","Expression profiling by array","Mus musculus",24,,"CEL","ftp://ftp.ncbi.nlm.nih.gov/geo/series/GSE115nnn/GSE115276/suppl",30063711,,"Rosalind M John","Jun 06, 2018"
GSE115333,"Jun O-GlcNAcylatSchwann cell O-GlcNAcylation promotes peripheral nerve remyelination via attenuation of the AP-1 transcription factor JUNion promotes peripheral nerve remyelination after nerve injury","Expression profiling by array","Mus musculus",6,,"TXT","ftp://ftp.ncbi.nlm.nih.gov/geo/series/GSE115nnn/GSE115333/suppl",30012597,,"sungsu kim","Jun 06, 2018"
GSE115359,"Gene expression changes in HEI-193 (NF2-deficient Schwannoma) cells by NF2-restoring or TEW7197 treatment.","Expression profiling by array","Homo sapiens",4,,"CEL;XLSX","ftp://ftp.ncbi.nlm.nih.gov/geo/series/GSE115nnn/GSE115359/suppl",30135214,,"Bum-Joon Park","Jun 06, 2018"
GSE115386,"Toxicogenomic responses of low level anticancer drug exposures in Daphnia magna","Expression profiling by high throughput sequencing","Daphnia magna",15,,"FASTA;TXT;SRA Run Selector","ftp://ftp.ncbi.nlm.nih.gov/geo/series/GSE115nnn/GSE115386/suppl;https://www.ncbi.nlm.nih.gov/Traces/study/?acc=PRJNA453118",,SRP142416,"Helen C Poynton","Jun 06, 2018"
GSE76759,"Effect of Mycoplasma hyorhinis infection on H292 lung adenocarcinoma cells","Expression profiling by array","Homo sapiens",4,,"IDAT;TXT","ftp://ftp.ncbi.nlm.nih.gov/geo/series/GSE76nnn/GSE76759/suppl",29737431,,"Mariya Alexandrovna Smetanina","Jun 05, 2018"
GSE89325,"Pathway analysis identifies altered mitochondrial metabolism, neurotransmission, structural pathways and complement cascade in retina/RPE/choroid in chick model of form-deprivation myopia","Expression profiling by array","Gallus gallus",4,,"CEL","ftp://ftp.ncbi.nlm.nih.gov/geo/series/GSE89nnn/GSE89325/suppl",29967729,,"Loretta Giummarra","Jun 05, 2018"
GSE93514,"MACROD2 haploinsufficiency promotes chromosome instability and growth of intestinal tumors","Expression profiling by high throughput sequencing","Mus musculus",18,,"TXT;SRA Run Selector","ftp://ftp.ncbi.nlm.nih.gov/geo/series/GSE93nnn/GSE93514/suppl;https://www.ncbi.nlm.nih.gov/Traces/study/?acc=PRJNA360971",29880585,SRP096580,"Oliver Sieber","Jun 05, 2018"
GSE94073,"Amplification-based expression data show bias towards long gene misregulation in synaptic disorders","Expression profiling by array","Homo sapiens",24,,"CSV","ftp://ftp.ncbi.nlm.nih.gov/geo/series/GSE94nnn/GSE94073/suppl",30104565,,"Hari Krishna Yalamanchili","Jun 05, 2018"
GSE96616,"Minor spliceosome inactivation in the developing mouse cortex causes self-amplifying radial glial cell death and microcephaly.","Expression profiling by high throughput sequencing","Mus musculus",10,,"TXT;SRA Run Selector","ftp://ftp.ncbi.nlm.nih.gov/geo/series/GSE96nnn/GSE96616/suppl;https://www.ncbi.nlm.nih.gov/Traces/study/?acc=PRJNA379174",30093551,SRP101886,"Rahul N Kanadia","Jun 05, 2018"
GSE97595,"Biochemical and structural insights into the function of small RNA methyltransferase Hen1 in animals","Non-coding RNA profiling by high throughput sequencing","Mus musculus",6,,"TXT;SRA Run Selector","ftp://ftp.ncbi.nlm.nih.gov/geo/series/GSE97nnn/GSE97595/suppl;https://www.ncbi.nlm.nih.gov/Traces/study/?acc=PRJNA382396",29703750,SRP103781,"Fengjuan Zhang","Jun 05, 2018"
GSE99785,"Comparative transcriptomics in two extreme neopterans reveal general trends in the evolution of modern insects","Expression profiling by high throughput sequencing","Blattella germanica",22,,"CSV;SRA Run Selector","ftp://ftp.ncbi.nlm.nih.gov/geo/series/GSE99nnn/GSE99785/suppl;https://www.ncbi.nlm.nih.gov/Traces/study/?acc=PRJNA389591",,SRP108777,"Guillem Ylla","Jun 05, 2018"
GSE100619,"High-Resolution temporal profiling of developing pancreas uncovers the mechanisms of endocrine cell fate determination [Drop-seq]","Expression profiling by high throughput sequencing","Mus musculus",2,,"TXT;SRA Run Selector","ftp://ftp.ncbi.nlm.nih.gov/geo/series/GSE100nnn/GSE100619/suppl;https://www.ncbi.nlm.nih.gov/Traces/study/?acc=PRJNA392311",,SRP110702,"Malgorzata Borowiak","Jun 05, 2018"
GSE100620,"High-Resolution temporal profiling of developing pancreas uncovers the mechanisms of endocrine cell fate determination [MATQ-seq]","Expression profiling by high throughput sequencing","Mus musculus",27,,"TXT;SRA Run Selector","ftp://ftp.ncbi.nlm.nih.gov/geo/series/GSE100nnn/GSE100620/suppl;https://www.ncbi.nlm.nih.gov/Traces/study/?acc=PRJNA392310",,SRP110701,"Malgorzata Borowiak","Jun 05, 2018"
GSE100621,"High-Resolution temporal profiling of developing pancreas uncovers the mechanisms of endocrine cell fate determination [ATAC-Seq]","Genome binding/occupancy profiling by high throughput sequencing","Mus musculus",6,,"BEDGRAPH;SRA Run Selector","ftp://ftp.ncbi.nlm.nih.gov/geo/series/GSE100nnn/GSE100621/suppl;https://www.ncbi.nlm.nih.gov/Traces/study/?acc=PRJNA392309",,SRP110700,"Malgorzata Borowiak","Jun 05, 2018"
GSE100622,"High-Resolution temporal profiling of developing pancreas uncovers the mechanisms of endocrine cell fate determination","Expression profiling by high throughput sequencing;Genome binding/occupancy profiling by high throughput sequencing","Mus musculus",35,,"BEDGRAPH;TXT","ftp://ftp.ncbi.nlm.nih.gov/geo/series/GSE100nnn/GSE100622/suppl",,,"Malgorzata Borowiak","Jun 05, 2018"
GSE102118,"Genomic signatures of platinum re-sensitization in ovarian cancer [RNA-Seq]","Expression profiling by high throughput sequencing","Homo sapiens",92,,"TSV;SRA Run Selector","ftp://ftp.ncbi.nlm.nih.gov/geo/series/GSE102nnn/GSE102118/suppl;https://www.ncbi.nlm.nih.gov/Traces/study/?acc=PRJNA396733",29229600,SRP114518,"Kenneth Nephew","Jun 05, 2018"
GSE102119,"Methylomic signatures of platinum re-sensitization in ovarian cancer [Illumina HumanMethylation450 BeadChip]","Methylation profiling by genome tiling array","Homo sapiens",146,,"CSV;IDAT","ftp://ftp.ncbi.nlm.nih.gov/geo/series/GSE102nnn/GSE102119/suppl",29229600,,"Kenneth Nephew","Jun 05, 2018"
GSE102120,"Genomic and Epigenomic Signatures of Platinum Re-sensitization in ovarian cancer","Expression profiling by high throughput sequencing;Methylation profiling by genome tiling array","Homo sapiens",238,,"IDAT","ftp://ftp.ncbi.nlm.nih.gov/geo/series/GSE102nnn/GSE102120/suppl",29229600,,"Kenneth Nephew","Jun 05, 2018"
GSE103767,"Analysis of differential gene expression in Mus spretus mice exposed to p,p’-DDE","Expression profiling by array","Mus musculus;Mus spretus",8,,"GPR","ftp://ftp.ncbi.nlm.nih.gov/geo/series/GSE103nnn/GSE103767/suppl",29554563,,"Nieves Abril","Jun 05, 2018"
GSE105045,"Cerebellar gene expression from Mecp2-null and WT mice [RNA-Seq data set]","Expression profiling by high throughput sequencing","Mus musculus",6,,"TXT;SRA Run Selector","ftp://ftp.ncbi.nlm.nih.gov/geo/series/GSE105nnn/GSE105045/suppl;https://www.ncbi.nlm.nih.gov/Traces/study/?acc=PRJNA414468",30104565,SRP120041,"Ayush T Raman","Jun 05, 2018"
GSE105046,"Cerebellar gene expression from Mecp2-null and WT mice [Nanostring data set]","Expression profiling by array","Homo sapiens;Mus musculus",6,,"CSV;TXT","ftp://ftp.ncbi.nlm.nih.gov/geo/series/GSE105nnn/GSE105046/suppl",30104565,,"Ayush T Raman","Jun 05, 2018"
GSE105047,"Cerebellar gene expression from Mecp2-null and WT mice","Expression profiling by high throughput sequencing;Expression profiling by array","Homo sapiens;Mus musculus",12,,,,30104565,,"Ayush T Raman","Jun 05, 2018"
GSE107399,"Rett Syndrome in a dish model","Expression profiling by high throughput sequencing","Homo sapiens",30,,"TAB;SRA Run Selector","ftp://ftp.ncbi.nlm.nih.gov/geo/series/GSE107nnn/GSE107399/suppl;https://www.ncbi.nlm.nih.gov/Traces/study/?acc=PRJNA419983",29742391;30104565,SRP125710,"Ayush T Raman","Jun 05, 2018"
GSE107497,"Genomic analysis for hematopoietic stem and progenitors cells (HSPC) generated in vitro according to ex vivo expansion protocols and their comparison with HSPC obtained fresh","Expression profiling by array","Homo sapiens",19,,"CEL;CHP","ftp://ftp.ncbi.nlm.nih.gov/geo/series/GSE107nnn/GSE107497/suppl",29701016,,"Hector Mayani","Jun 05, 2018"
GSE107607,"A modular dCas9-SunTag DNMT3A epigenome editing system overcomes pervasive off-target activity of direct fusion dCas9-DNMT3A constructs","Genome binding/occupancy profiling by high throughput sequencing;Methylation profiling by high throughput sequencing","Homo sapiens",166,,"BIGWIG;TXT;SRA Run Selector","ftp://ftp.ncbi.nlm.nih.gov/geo/series/GSE107nnn/GSE107607/suppl;https://www.ncbi.nlm.nih.gov/Traces/study/?acc=PRJNA420755",29907613,SRP125973,"Christian Pflueger","Jun 05, 2018"
GSE107910,"Single-cell RNA sequencing resolves cellular heterogeneity throughout embryonic development of the thymus","Expression profiling by high throughput sequencing","Mus musculus",27,,"FA;TXT;SRA Run Selector","ftp://ftp.ncbi.nlm.nih.gov/geo/series/GSE107nnn/GSE107910/suppl;https://www.ncbi.nlm.nih.gov/Traces/study/?acc=PRJNA421909",29884461,SRP126497,"Rene Maehr","Jun 05, 2018"
GSE108005,"The zinc finger transcription factor PQM-1 is a mediator of transcellular chaperone signalling and novel regulator of proteostasis in C. elegans","Expression profiling by high throughput sequencing","Caenorhabditis elegans",6,,"DIFF;SRA Run Selector","ftp://ftp.ncbi.nlm.nih.gov/geo/series/GSE108nnn/GSE108005/suppl;https://www.ncbi.nlm.nih.gov/Traces/study/?acc=PRJNA422207",,SRP126629,"Patricija van Oosten-Hawle","Jun 05, 2018"
GSE108418,"Protein kinase A-mediated phosphorylation regulates STAT3 activation and oncogenic EZH2 activity","Expression profiling by high throughput sequencing","Homo sapiens",8,,"TXT;XLSX;SRA Run Selector","ftp://ftp.ncbi.nlm.nih.gov/geo/series/GSE108nnn/GSE108418/suppl;https://www.ncbi.nlm.nih.gov/Traces/study/?acc=PRJNA427214",29576612,SRP127370,"Kenneth Nephew","Jun 05, 2018"
GSE109116,"A compendium of long non-coding RNAs transcriptional fingerprint in multiple myeloma.","Non-coding RNA profiling by array","Homo sapiens",34,,"CEL","ftp://ftp.ncbi.nlm.nih.gov/geo/series/GSE109nnn/GSE109116/suppl",29700321,,"Luca Agnelli","Jun 05, 2018"
GSE109342,"A compendium of long non-coding RNAs transcriptional fingerprint in multiple myeloma","Expression profiling by high throughput sequencing;Non-coding RNA profiling by high throughput sequencing","Homo sapiens",30,,"TXT;SRA Run Selector","ftp://ftp.ncbi.nlm.nih.gov/geo/series/GSE109nnn/GSE109342/suppl;https://www.ncbi.nlm.nih.gov/Traces/study/?acc=PRJNA430521",29700321,SRP131125,"Luca Agnelli","Jun 05, 2018"
GSE110577,"Notch signaling facilitates in vitro generation of cross-presenting classical dendritic cells","Expression profiling by high throughput sequencing","Mus musculus",8,,"BW;TXT;SRA Run Selector","ftp://ftp.ncbi.nlm.nih.gov/geo/series/GSE110nnn/GSE110577/suppl;https://www.ncbi.nlm.nih.gov/Traces/study/?acc=PRJNA434005",29925006,SRP132820,"Margaret E Kirkling","Jun 05, 2018"
GSE111399,"Characteristics of differentiated newly identified adipose precursor cells","Expression profiling by array","Mus musculus",2,,"TXT","ftp://ftp.ncbi.nlm.nih.gov/geo/series/GSE111nnn/GSE111399/suppl",,,"Kazuo Kajita","Jun 05, 2018"
GSE111441,"Alterations in sperm DNA Methylation, Non-Coding RNA expression, and histone retention mediate Vinclozolin induced epigenetic transgenerational inheritance of disease","Genome binding/occupancy profiling by high throughput sequencing;Methylation profiling by high throughput sequencing","Rattus norvegicus",30,,"CSV;PDF;SRA Run Selector","ftp://ftp.ncbi.nlm.nih.gov/geo/series/GSE111nnn/GSE111441/suppl;https://www.ncbi.nlm.nih.gov/Traces/study/?acc=PRJNA437012",29732173,SRP133977,"Michael K Skinner","Jun 05, 2018"
GSE111702,"The role of PKC-beta in B cell activation","Expression profiling by high throughput sequencing","Mus musculus",10,,"TXT;SRA Run Selector","ftp://ftp.ncbi.nlm.nih.gov/geo/series/GSE111nnn/GSE111702/suppl;https://www.ncbi.nlm.nih.gov/Traces/study/?acc=PRJNA437924",,SRP134939,"Carlson Tsui","Jun 05, 2018"
GSE112029,"ZNF281 inhibits neuronal differentiation","Expression profiling by array","Homo sapiens",8,,"TXT","ftp://ftp.ncbi.nlm.nih.gov/geo/series/GSE112nnn/GSE112029/suppl",29941555,,"Artem Smirnov","Jun 05, 2018"
GSE113036,"Pericyte-to-neuron reprogramming via unfolding of a neural stem cell-like program","Expression profiling by high throughput sequencing","Homo sapiens",770,,"CSV;MTX;TSV;SRA Run Selector","ftp://ftp.ncbi.nlm.nih.gov/geo/series/GSE113nnn/GSE113036/suppl;https://www.ncbi.nlm.nih.gov/Traces/study/?acc=PRJNA464430",29915193,SRP144912,"Gray Camp","Jun 05, 2018"
GSE113573,"DHX15 regulates CMTR1-dependent gene expression and cell proliferation","Expression profiling by high throughput sequencing","Homo sapiens",12,,"CSV;SRA Run Selector","ftp://ftp.ncbi.nlm.nih.gov/geo/series/GSE113nnn/GSE113573/suppl;https://www.ncbi.nlm.nih.gov/Traces/study/?acc=PRJNA453131",30079402,SRP142438,"Alison Galloway","Jun 05, 2018"
GSE113831,"The influenza B virus hemagglutinin head domain is less tolerant to transposon mutagenesis than that of the influenza A virus","Expression profiling by high throughput sequencing;Other","Influenza A virus;Influenza B virus",26,,"FASTA;XLSX;SRA Run Selector","ftp://ftp.ncbi.nlm.nih.gov/geo/series/GSE113nnn/GSE113831/suppl;https://www.ncbi.nlm.nih.gov/Traces/study/?acc=PRJNA454204",29899093,SRP143990,"Peter Palese","Jun 05, 2018"
GSE115145,"MACROD2 Haploinsufficiency Impairs Catalytic Activity of PARP1 and Promotes Chromosome Instability and Growth of Intestinal Tumors","Genome variation profiling by SNP array;SNP genotyping by SNP array","Homo sapiens",651,,"TXT","ftp://ftp.ncbi.nlm.nih.gov/geo/series/GSE115nnn/GSE115145/suppl",29880585,,"Oliver Sieber","Jun 05, 2018"
GSE115260,"Culture on stiff matrix changes the whole-genome transcriptional profile of fibroblasts","Expression profiling by array","Mus musculus",2,,"GPR","ftp://ftp.ncbi.nlm.nih.gov/geo/series/GSE115nnn/GSE115260/suppl",,,"CHUN CHEN","Jun 05, 2018"
GSE115262,"RNA-Seq profiling in PBMCs and spinal cord from ALS patients and healthy controls","Expression profiling by high throughput sequencing","Homo sapiens",31,,"TXT","ftp://ftp.ncbi.nlm.nih.gov/geo/series/GSE115nnn/GSE115262/suppl",30720798,,"Raffaele A Calogero","Jun 05, 2018"
GSE115270,"Differential expression profiling of the TamR cells following AR knockdown","Expression profiling by array","Homo sapiens",6,,"CEL","ftp://ftp.ncbi.nlm.nih.gov/geo/series/GSE115nnn/GSE115270/suppl",,,"Heloisa Helena Milioli","Jun 05, 2018"
GSE115272,"Effect of GA on PAC and PAO1 treated Arabidopsis seeds","Expression profiling by high throughput sequencing","Arabidopsis thaliana",20,,"TXT;SRA Run Selector","ftp://ftp.ncbi.nlm.nih.gov/geo/series/GSE115nnn/GSE115272/suppl;https://www.ncbi.nlm.nih.gov/Traces/study/?acc=PRJNA474441",30149837,SRP149670,"Hicham CHAHTANE","Jun 05, 2018"
GSE115278,"Epigenome-wide association study in peripheral white blood cells: Methyl Epigenome Network Association (MENA) project","Methylation profiling by array;Methylation profiling by genome tiling array","Homo sapiens",474,,"IDAT;TXT","ftp://ftp.ncbi.nlm.nih.gov/geo/series/GSE115nnn/GSE115278/suppl",,,"Ana Arpón","Jun 05, 2018"
GSE115292,"Transcriptional profile of Mycobacterium tuberculosis in an in vitro model of intraocular tuberculosis","Expression profiling by array","Mycobacterium tuberculosis;Mycobacterium tuberculosis H37Rv",8,,"TXT","ftp://ftp.ncbi.nlm.nih.gov/geo/series/GSE115nnn/GSE115292/suppl",30333960,,"Indu Verma","Jun 05, 2018"
GSE115294,"Genome-wide mapping of Yap1 in the normal and hypertrophied hearts","Genome binding/occupancy profiling by high throughput sequencing","Mus musculus",3,,"BW;XLSX;SRA Run Selector","ftp://ftp.ncbi.nlm.nih.gov/geo/series/GSE115nnn/GSE115294/suppl;https://www.ncbi.nlm.nih.gov/Traces/study/?acc=PRJNA474494",,SRP149702,"Maha Abdellatif","Jun 05, 2018"
GSE115302,"Next Generation Sequencing Facilitates Quantitative Analysis of ALDH+ E-BCSC, CD24-CD44+ M-BCSC and Bulk tumor cell Transcriptomes from MC1 and Vari068 PDX models of TNBC","Expression profiling by high throughput sequencing","Homo sapiens",6,,"XLSX;SRA Run Selector","ftp://ftp.ncbi.nlm.nih.gov/geo/series/GSE115nnn/GSE115302/suppl;https://www.ncbi.nlm.nih.gov/Traces/study/?acc=PRJNA474498",,SRP149709,"Ming Luo","Jun 05, 2018"
GSE115308,"DNA Methylation by Restriction Modification Systems Affects the Global Transcriptome Profile in Borrelia burgdorferi.","Expression profiling by high throughput sequencing;Methylation profiling by high throughput sequencing","Borreliella burgdorferi",11,,"BW;CSV;GFF;SRA Run Selector","ftp://ftp.ncbi.nlm.nih.gov/geo/series/GSE115nnn/GSE115308/suppl;https://www.ncbi.nlm.nih.gov/Traces/study/?acc=PRJNA474509",,SRP149718,"Tim Casselli","Jun 05, 2018"
GSE115309,"Staphylococcus aureus TCH1516 response to sub-inhibitory concentrations of Nafcillin in different media conditions","Expression profiling by high throughput sequencing","Staphylococcus aureus",15,,"TXT;SRA Run Selector","ftp://ftp.ncbi.nlm.nih.gov/geo/series/GSE115nnn/GSE115309/suppl;https://www.ncbi.nlm.nih.gov/Traces/study/?acc=PRJNA422941",,SRP127172,"Saugat Poudel","Jun 05, 2018"
GSE115311,"CRISPR/Cas9-mediated Gene Knockout Reveals a Guardian Role of NF-kB/RelA in Maintaining the Homeostasis of Human Vascular Cells","Expression profiling by high throughput sequencing","Homo sapiens",42,,"TSV;SRA Run Selector","ftp://ftp.ncbi.nlm.nih.gov/geo/series/GSE115nnn/GSE115311/suppl;https://www.ncbi.nlm.nih.gov/Traces/study/?acc=PRJNA474512",29968158,SRP149723,"Zunpeng Liu","Jun 05, 2018"
GSE115376,"Transcription (co)factor and miRNA regulatory landscape of EMT","Expression profiling by high throughput sequencing;Non-coding RNA profiling by high throughput sequencing","Mus musculus",54,,,,30108334,,"Robert Ivanek","Jun 05, 2018"
GSE40371,"Expression from C. elegans L1 animals","Expression profiling by array","Caenorhabditis elegans",9,,"CEL;CHP","ftp://ftp.ncbi.nlm.nih.gov/geo/series/GSE40nnn/GSE40371/suppl",20368426,,"WeiPing Chen","Jun 04, 2018"
GSE69576,"High-throughput transcriptome sequencing analysis provides insights into preliminary biotransformation mechanism of Rhodopseudomonas palustris treated with alpha-rhamnetin-3-rhamnose","Expression profiling by high throughput sequencing","Rhodopseudomonas palustris",2,,"TXT;XLS;SRA Run Selector","ftp://ftp.ncbi.nlm.nih.gov/geo/series/GSE69nnn/GSE69576/suppl;https://www.ncbi.nlm.nih.gov/Traces/study/?acc=PRJNA285884",,SRP059072,"lei Bi","Jun 04, 2018"
GSE92464,"Heterogeneity in early lymphoid compartments [CLP]","Expression profiling by high throughput sequencing","Mus musculus",13,,"TXT;SRA Run Selector","ftp://ftp.ncbi.nlm.nih.gov/geo/series/GSE92nnn/GSE92464/suppl;https://www.ncbi.nlm.nih.gov/Traces/study/?acc=PRJNA357997",,SRP095321,"Shamit Soneji","Jun 04, 2018"
GSE92465,"Heterogeneity in early lymphoid compartments [LP]","Expression profiling by high throughput sequencing","Mus musculus",10,,"TXT;SRA Run Selector","ftp://ftp.ncbi.nlm.nih.gov/geo/series/GSE92nnn/GSE92465/suppl;https://www.ncbi.nlm.nih.gov/Traces/study/?acc=PRJNA357996",,SRP095324,"Shamit Soneji","Jun 04, 2018"
GSE96654,"Epigenetic Drift of H3K27me3 in Aging Links Glycolysis to Healthy Longevity","Expression profiling by high throughput sequencing;Genome binding/occupancy profiling by high throughput sequencing;Non-coding RNA profiling by high throughput sequencing","Drosophila melanogaster",135,,"BW;CSV;SRA Run Selector","ftp://ftp.ncbi.nlm.nih.gov/geo/series/GSE96nnn/GSE96654/suppl;https://www.ncbi.nlm.nih.gov/Traces/study/?acc=PRJNA379297",29809154,SRP101956,"Hui Wang","Jun 04, 2018"
GSE99647,"RNA-sequencing of shSRC-1 and shNT tamoxifen treated LY2 cells","Expression profiling by high throughput sequencing","Homo sapiens",8,,"TXT;SRA Run Selector","ftp://ftp.ncbi.nlm.nih.gov/geo/series/GSE99nnn/GSE99647/suppl;https://www.ncbi.nlm.nih.gov/Traces/study/?acc=PRJNA389214",29567811,SRP108577,"Leonie Young","Jun 04, 2018"
GSE99648,"MeDIP-sequencing of shSRC-1 and shNT tamoxifen treated LY2 cells","Methylation profiling by high throughput sequencing","Homo sapiens",4,,"WIG;SRA Run Selector","ftp://ftp.ncbi.nlm.nih.gov/geo/series/GSE99nnn/GSE99648/suppl;https://www.ncbi.nlm.nih.gov/Traces/study/?acc=PRJNA389215",29567811,SRP108576,"Leonie Young","Jun 04, 2018"
GSE99649,"RNA-sequencing and MeDIP-sequencing of shSRC-1 and shNT tamoxifen treated LY2 cells","Expression profiling by high throughput sequencing;Methylation profiling by high throughput sequencing","Homo sapiens",12,,"WIG","ftp://ftp.ncbi.nlm.nih.gov/geo/series/GSE99nnn/GSE99649/suppl",29567811,,"Leonie Young","Jun 04, 2018"
GSE100689,"An integrated global regulatory network of hematopoietic precursor cell self-renewal and differentiation","Genome binding/occupancy profiling by high throughput sequencing","Mus musculus",6,,"XLSX;SRA Run Selector","ftp://ftp.ncbi.nlm.nih.gov/geo/series/GSE100nnn/GSE100689/suppl;https://www.ncbi.nlm.nih.gov/Traces/study/?acc=PRJNA392673",29892750,SRP110817,"Raquel Cuevas Diaz Duran","Jun 04, 2018"
GSE100796,"Human-specific features of special gene expression and regulation in eight brain regions","Expression profiling by high throughput sequencing","Gorilla gorilla;Homo sapiens;Hylobates lar;Pan troglodytes",107,,"TXT;SRA Run Selector","ftp://ftp.ncbi.nlm.nih.gov/geo/series/GSE100nnn/GSE100796/suppl;https://www.ncbi.nlm.nih.gov/Traces/study/?acc=PRJNA393104",29898898,SRP111096,"Yasuhiro Go","Jun 04, 2018"
GSE101182,"Hepatic lipid metabolism in chicken lines divergently selected for abdominal fat content","Expression profiling by high throughput sequencing","Gallus gallus",10,,"TXT;SRA Run Selector","ftp://ftp.ncbi.nlm.nih.gov/geo/series/GSE101nnn/GSE101182/suppl;https://www.ncbi.nlm.nih.gov/Traces/study/?acc=PRJNA393848",29792171;29222335,SRP111541,"Zhi-Qiang Du","Jun 04, 2018"
GSE101827,"The transcription factor Grainyhead primes epithelial enhancers for spatiotemporal activation by displacing nucleosomes [ATAC-seq]","Genome binding/occupancy profiling by high throughput sequencing","Drosophila melanogaster",46,,"BW;TSV;SRA Run Selector","ftp://ftp.ncbi.nlm.nih.gov/geo/series/GSE101nnn/GSE101827/suppl;https://www.ncbi.nlm.nih.gov/Traces/study/?acc=PRJNA395597",29867222,SRP113497,"Jelle Jacobs","Jun 04, 2018"
GSE102439,"The transcription factor Grainyhead primes epithelial enhancers for spatiotemporal activation by displacing nucleosomes [evolutionary study]","Genome binding/occupancy profiling by high throughput sequencing","Drosophila ananassae;Drosophila erecta;Drosophila melanogaster;Drosophila mojavensis;Drosophila persimilis;Drosophila pseudoobscura;Drosophila sechellia;Drosophila simulans;Drosophila virilis;Drosophila willistoni;Drosophila yakuba",24,,"BW;SRA Run Selector","ftp://ftp.ncbi.nlm.nih.gov/geo/series/GSE102nnn/GSE102439/suppl;https://www.ncbi.nlm.nih.gov/Traces/study/?acc=PRJNA397749",29867222,SRP115122,"Jelle Jacobs","Jun 04, 2018"
GSE102441,"The transcription factor Grainyhead primes epithelial enhancers for spatiotemporal activation by displacing nucleosomes","Genome binding/occupancy profiling by high throughput sequencing","Drosophila ananassae;Drosophila erecta;Drosophila melanogaster;Drosophila mojavensis;Drosophila persimilis;Drosophila pseudoobscura;Drosophila sechellia;Drosophila simulans;Drosophila virilis;Drosophila willistoni;Drosophila yakuba;Homo sapiens",175,,"BW","ftp://ftp.ncbi.nlm.nih.gov/geo/series/GSE102nnn/GSE102441/suppl",29867222,,"Jelle Jacobs","Jun 04, 2018"
GSE102544,"The transcription factor Grainyhead primes epithelial enhancers for spatiotemporal activation by displacing nucleosomes [scATAC-seq]","Genome binding/occupancy profiling by high throughput sequencing","Drosophila melanogaster",96,,"TSV;SRA Run Selector","ftp://ftp.ncbi.nlm.nih.gov/geo/series/GSE102nnn/GSE102544/suppl;https://www.ncbi.nlm.nih.gov/Traces/study/?acc=PRJNA398011",29867222,SRP115281,"Jelle Jacobs","Jun 04, 2018"
GSE103356,"SPINK7 transcriptome","Expression profiling by high throughput sequencing","Homo sapiens",9,,"CSV","ftp://ftp.ncbi.nlm.nih.gov/geo/series/GSE103nnn/GSE103356/suppl",,,"Nurit Pereg Azouz","Jun 04, 2018"
GSE104481,"ChIP-Seq of H4K5acK8ac, H3K27ac, H3K4me1, H3K4me3, H3K36me3, H3K9me3, H3K27me3 and BRD2 in H23 NSCLC cell line","Genome binding/occupancy profiling by high throughput sequencing","Homo sapiens",23,,"NARROWPEAK;SRA Run Selector","ftp://ftp.ncbi.nlm.nih.gov/geo/series/GSE104nnn/GSE104481/suppl;https://www.ncbi.nlm.nih.gov/Traces/study/?acc=PRJNA412811",30080437,SRP119243,"Aki Minoda","Jun 04, 2018"
GSE106358,"Skin gene expression is prognostic for the trajectory of skin disease in patients with diffuse cutaneous systemic sclerosis","Expression profiling by array","Homo sapiens",69,,"TXT","ftp://ftp.ncbi.nlm.nih.gov/geo/series/GSE106nnn/GSE106358/suppl",29858547,,"Janina Reeder","Jun 04, 2018"
GSE106649,"Bases of antisense lncRNA-associated regulation of gene expression in fission yeast","Other;Expression profiling by high throughput sequencing","Schizosaccharomyces pombe",4,,"TXT;SRA Run Selector","ftp://ftp.ncbi.nlm.nih.gov/geo/series/GSE106nnn/GSE106649/suppl;https://www.ncbi.nlm.nih.gov/Traces/study/?acc=PRJNA417503",29975684,SRP124874,"Maxime Wery","Jun 04, 2018"
GSE106805,"DNA methylation regulates the neonatal CD4+ T-cell response to pneumonia in mice","Expression profiling by high throughput sequencing","Mus musculus",12,,"TXT;SRA Run Selector","ftp://ftp.ncbi.nlm.nih.gov/geo/series/GSE106nnn/GSE106805/suppl;https://www.ncbi.nlm.nih.gov/Traces/study/?acc=PRJNA418111",29866884,SRP124835,"Benjamin Singer","Jun 04, 2018"
GSE106806,"	DNA methylation regulates the neonatal CD4+ T-cell response to pneumonia in mice","Methylation profiling by high throughput sequencing","Mus musculus",12,,"COV;SRA Run Selector","ftp://ftp.ncbi.nlm.nih.gov/geo/series/GSE106nnn/GSE106806/suppl;https://www.ncbi.nlm.nih.gov/Traces/study/?acc=PRJNA418112",29866884,SRP124836,"Benjamin Singer","Jun 04, 2018"
GSE106807,"DNA methylation regulates the neonatal CD4+ T-cell response to pneumonia in mice","Expression profiling by high throughput sequencing;Methylation profiling by high throughput sequencing","Mus musculus",24,,"COV","ftp://ftp.ncbi.nlm.nih.gov/geo/series/GSE106nnn/GSE106807/suppl",29866884,,"Benjamin Singer","Jun 04, 2018"
GSE108019,"The transcription factor Grainyhead primes epithelial enhancers for spatiotemporal activation by displacing nucleosomes [ATAC-seq Grh mutants and Human GRHL]","Genome binding/occupancy profiling by high throughput sequencing","Drosophila melanogaster;Homo sapiens",9,,"BW;SRA Run Selector","ftp://ftp.ncbi.nlm.nih.gov/geo/series/GSE108nnn/GSE108019/suppl;https://www.ncbi.nlm.nih.gov/Traces/study/?acc=PRJNA422244",29867222,SRP126647,"Jelle Jacobs","Jun 04, 2018"
GSE108621,"Transcriptional profiling of HT-29 cells with different treatments","Expression profiling by high throughput sequencing","Homo sapiens",12,,"CSV;SRA Run Selector","ftp://ftp.ncbi.nlm.nih.gov/geo/series/GSE108nnn/GSE108621/suppl;https://www.ncbi.nlm.nih.gov/Traces/study/?acc=PRJNA427878",29703889,SRP127714,"Zaijun Ma","Jun 04, 2018"
GSE108682,"THE POLYCOMB PROTEINS RING1B AND EZH2 REPRESS THE TUMORAL PROINFLAMMATORY FUNCTION IN METASTASIZING PRIMARY CUTANEOUS SQUAMOUS CELL CARCINOMA","Expression profiling by array","Homo sapiens",8,,"CEL","ftp://ftp.ncbi.nlm.nih.gov/geo/series/GSE108nnn/GSE108682/suppl",29394319,,"Lara Nonell","Jun 04, 2018"
GSE109306,"Early lineage segregation of multipotent embryonic mammary gland progenitors [expression]","Expression profiling by array","Mus musculus",7,,"CEL","ftp://ftp.ncbi.nlm.nih.gov/geo/series/GSE109nnn/GSE109306/suppl",29784918,,"Alexandra Van Keymeulen","Jun 04, 2018"
GSE109707,"Early lineage segregation of multipotent embryonic mammary gland progenitors [RNA-seq I]","Expression profiling by high throughput sequencing","Mus musculus",8,,"TXT;SRA Run Selector","ftp://ftp.ncbi.nlm.nih.gov/geo/series/GSE109nnn/GSE109707/suppl;https://www.ncbi.nlm.nih.gov/Traces/study/?acc=PRJNA431773",29784918,SRP131487,"Alexandra Van Keymeulen","Jun 04, 2018"
GSE109711,"Early lineage segregation of multipotent embryonic mammary gland progenitors","Expression profiling by array;Expression profiling by high throughput sequencing","Mus musculus",399,,"CEL","ftp://ftp.ncbi.nlm.nih.gov/geo/series/GSE109nnn/GSE109711/suppl",29784918,,"Alexandra Van Keymeulen","Jun 04, 2018"
GSE110351,"Early lineage segregation of multipotent embryonic mammary gland progenitors  [RNA-Seq II]","Expression profiling by high throughput sequencing","Mus musculus",384,,"CSV;SRA Run Selector","ftp://ftp.ncbi.nlm.nih.gov/geo/series/GSE110nnn/GSE110351/suppl;https://www.ncbi.nlm.nih.gov/Traces/study/?acc=PRJNA433520",29784918,SRP132491,"Alexandra Van Keymeulen","Jun 04, 2018"
GSE112289,"Extracellular RNA profiles with human age","Expression profiling by high throughput sequencing","Homo sapiens",23,,"TXT;SRA Run Selector","ftp://ftp.ncbi.nlm.nih.gov/geo/series/GSE112nnn/GSE112289/suppl;https://www.ncbi.nlm.nih.gov/Traces/study/?acc=PRJNA445476",29797538,SRP136360,"Kevin G Becker","Jun 04, 2018"
GSE112348,"Evaluation of the post-stroke transcriptome of the mouse cortex using genome-wide RNA-seq","Expression profiling by high throughput sequencing","Mus musculus",12,,"GTF;SRA Run Selector","ftp://ftp.ncbi.nlm.nih.gov/geo/series/GSE112nnn/GSE112348/suppl;https://www.ncbi.nlm.nih.gov/Traces/study/?acc=PRJNA445719",29862458,SRP136487,"Ashutosh Dharap","Jun 04, 2018"
GSE112482,"Celll type specific gene expression from healthy human lung tissue infected with mycobacterium tuberculosis (ILC).","Expression profiling by high throughput sequencing","Homo sapiens",96,,"TXT;SRA Run Selector","ftp://ftp.ncbi.nlm.nih.gov/geo/series/GSE112nnn/GSE112482/suppl;https://www.ncbi.nlm.nih.gov/Traces/study/?acc=PRJNA447933",29977236,SRP136693,"Jeroen Maertzdorf","Jun 04, 2018"
GSE112483,"Celll type specific gene expression from healthy human lung tissue infected with mycobacterium tuberculosis (innate).","Expression profiling by high throughput sequencing","Homo sapiens",92,,"TXT;SRA Run Selector","ftp://ftp.ncbi.nlm.nih.gov/geo/series/GSE112nnn/GSE112483/suppl;https://www.ncbi.nlm.nih.gov/Traces/study/?acc=PRJNA447934",29977236,SRP136694,"Jeroen Maertzdorf","Jun 04, 2018"
GSE113560,"Distinct macrophage populations upon physiological changes in adipose tissue [scRNA-seq]","Expression profiling by high throughput sequencing","Mus musculus",37,,"TXT;SRA Run Selector","ftp://ftp.ncbi.nlm.nih.gov/geo/series/GSE113nnn/GSE113560/suppl;https://www.ncbi.nlm.nih.gov/Traces/study/?acc=PRJNA451512",29760084,SRP142354,"Hee-Woong Lim","Jun 04, 2018"
GSE113583,"Distinct macrophage populations upon physiological changes in adipose tissue [ATAC-seq]","Genome binding/occupancy profiling by high throughput sequencing","Mus musculus",6,,"BW;SRA Run Selector","ftp://ftp.ncbi.nlm.nih.gov/geo/series/GSE113nnn/GSE113583/suppl;https://www.ncbi.nlm.nih.gov/Traces/study/?acc=PRJNA453154",29760084,SRP142461,"Hee-Woong Lim","Jun 04, 2018"
GSE113594,"Distinct macrophage populations upon physiological changes in adipose tissue [RNA-seq]","Expression profiling by high throughput sequencing","Mus musculus",27,,"TXT;SRA Run Selector","ftp://ftp.ncbi.nlm.nih.gov/geo/series/GSE113nnn/GSE113594/suppl;https://www.ncbi.nlm.nih.gov/Traces/study/?acc=PRJNA453187",29760084,SRP142481,"Hee-Woong Lim","Jun 04, 2018"
GSE113595,"Distinct macrophage populations upon physiological changes in adipose tissue","Expression profiling by high throughput sequencing;Genome binding/occupancy profiling by high throughput sequencing","Mus musculus",70,,,,29760084,,"Hee-Woong Lim","Jun 04, 2018"
GSE113635,"ChIP-Seq of H4K5acK8ac in GM12878, K562","Genome binding/occupancy profiling by high throughput sequencing","Homo sapiens",6,,"NARROWPEAK;SRA Run Selector","ftp://ftp.ncbi.nlm.nih.gov/geo/series/GSE113nnn/GSE113635/suppl;https://www.ncbi.nlm.nih.gov/Traces/study/?acc=PRJNA453768",30080437,SRP143363,"Aki Minoda","Jun 04, 2018"
GSE113711,"CAGE profiling after treatment with JQ1 BET inhibitor in lung cancer cell line.","Expression profiling by high throughput sequencing","Homo sapiens",27,,"BED;TXT;SRA Run Selector","ftp://ftp.ncbi.nlm.nih.gov/geo/series/GSE113nnn/GSE113711/suppl;https://www.ncbi.nlm.nih.gov/Traces/study/?acc=PRJNA453767",30080437,SRP143362,"Aki Minoda","Jun 04, 2018"
GSE113714,"ChIP-Seq of H4K5acK8ac and BRD2 in H23 NSCLC cell line treated with 500 nM JQ1 for 24h","Genome binding/occupancy profiling by high throughput sequencing","Homo sapiens",8,,"BED;BROADPEAK;SRA Run Selector","ftp://ftp.ncbi.nlm.nih.gov/geo/series/GSE113nnn/GSE113714/suppl;https://www.ncbi.nlm.nih.gov/Traces/study/?acc=PRJNA453774",30080437,SRP143364,"Aki Minoda","Jun 04, 2018"
GSE113715,"ChIP-Seq and CAGE profiling of cell lines","Expression profiling by high throughput sequencing;Genome binding/occupancy profiling by high throughput sequencing","Homo sapiens",64,,"BED;BROADPEAK;NARROWPEAK","ftp://ftp.ncbi.nlm.nih.gov/geo/series/GSE113nnn/GSE113715/suppl",30080437,,"Aki Minoda","Jun 04, 2018"
GSE113945,"Human ZNF341 deficiency underlies a recessive form of hyper IgE syndrome by disrupting STAT3 transcription-dependent STAT3 activity","Expression profiling by array","Homo sapiens",11,,"CEL","ftp://ftp.ncbi.nlm.nih.gov/geo/series/GSE113nnn/GSE113945/suppl",29907691,,"Tanwir Habib","Jun 04, 2018"
GSE115240,"FGF2 induces migration of human bone marrow stromal cells by increasing core-fucosylations on N-glycans of integrins","Expression profiling by high throughput sequencing","Homo sapiens",8,,"TXT;XLSX;SRA Run Selector","ftp://ftp.ncbi.nlm.nih.gov/geo/series/GSE115nnn/GSE115240/suppl;https://www.ncbi.nlm.nih.gov/Traces/study/?acc=PRJNA474227",29983388,SRP149572,"Fernando A Fierro","Jun 04, 2018"
GSE115254,"Alkylation-induced gene expression changes in Aag knock-out liver","Expression profiling by array","Mus musculus",12,,"CEL","ftp://ftp.ncbi.nlm.nih.gov/geo/series/GSE115nnn/GSE115254/suppl",,,"Lisiane Borges Meira","Jun 04, 2018"
GSE97541,"A Unique B-cell Regulome links Notch to Downstream Oncogenic Pathways in Small B-cell Lymphoma","Genome binding/occupancy profiling by high throughput sequencing;Expression profiling by high throughput sequencing;Other","Homo sapiens",111,,"TDF;TXT;SRA Run Selector","ftp://ftp.ncbi.nlm.nih.gov/geo/series/GSE97nnn/GSE97541/suppl;https://www.ncbi.nlm.nih.gov/Traces/study/?acc=PRJNA382194",29045844,SRP103812,"Russell James Hubbard Ryan","Jun 03, 2018"
GSE99904,"Glucose competition between immune cells and microbial pathogens controls infections","Expression profiling by high throughput sequencing","Candida albicans;Mus musculus",18,,"CSV;SRA Run Selector","ftp://ftp.ncbi.nlm.nih.gov/geo/series/GSE99nnn/GSE99904/suppl;https://www.ncbi.nlm.nih.gov/Traces/study/?acc=PRJNA390053",29719235,SRP108976,"Traude Beilharz","Jun 03, 2018"
GSE113680,"Gene expression signatures during differentiation of mouse hippocampal neurons in primary culture","Expression profiling by array","Mus musculus",12,,"CEL","ftp://ftp.ncbi.nlm.nih.gov/geo/series/GSE113nnn/GSE113680/suppl",,,"Camille Stephan Otto Attolini","Jun 03, 2018"
GSE114895,"Thymic tuft cell single-cell mRNA analysis","Expression profiling by high throughput sequencing","Mus musculus",319,,"RDA;TXT;SRA Run Selector","ftp://ftp.ncbi.nlm.nih.gov/geo/series/GSE114nnn/GSE114895/suppl;https://www.ncbi.nlm.nih.gov/Traces/study/?acc=PRJNA472990",30022164,SRP148902,"Aparna Rajiv Rajpurkar","Jun 03, 2018"
GSE94067,"PRMT5-regulates developmental myelination","Expression profiling by high throughput sequencing","Mus musculus",8,,"TXT;SRA Run Selector","ftp://ftp.ncbi.nlm.nih.gov/geo/series/GSE94nnn/GSE94067/suppl;https://www.ncbi.nlm.nih.gov/Traces/study/?acc=PRJNA368711",,SRP097760,"Patrizia Casaccia","Jun 02, 2018"
GSE101988,"Acid suspends the circadian clock in hypoxia through inhibition of mTOR","Expression profiling by high throughput sequencing","Homo sapiens",26,,"TXT;SRA Run Selector","ftp://ftp.ncbi.nlm.nih.gov/geo/series/GSE101nnn/GSE101988/suppl;https://www.ncbi.nlm.nih.gov/Traces/study/?acc=PRJNA396153",29861175,SRP113754,"Chi Van Dang","Jun 02, 2018"
GSE104375,"Comparison of gene expressions between LB81 yogurt-intake mice and control mice in the intestine, liver and spleen at 28 months of age","Expression profiling by array","Mus musculus",10,,"CEL","ftp://ftp.ncbi.nlm.nih.gov/geo/series/GSE104nnn/GSE104375/suppl",29767727,,"Yuki Usui","Jun 02, 2018"
GSE111578,"Comparison of gene expressions between young and aged mice in the intestine, liver and spleen tissues","Expression profiling by array","Mus musculus",10,,"CEL","ftp://ftp.ncbi.nlm.nih.gov/geo/series/GSE111nnn/GSE111578/suppl",29767727,,"Yuki Usui","Jun 02, 2018"
GSE111579,"Effects of long-term intake of a yogurt fermented with Lactobacillus delbrueckii subsp. bulgaricus 2038 and Streptococcus thermophilus 1131 on mice","Expression profiling by array","Mus musculus",20,,"CEL","ftp://ftp.ncbi.nlm.nih.gov/geo/series/GSE111nnn/GSE111579/suppl",29767727,,"Yuki Usui","Jun 02, 2018"
GSE115188,"The influence of adolescent nicotine exposure on ethanol intake brain gene expression","Expression profiling by high throughput sequencing","Mus musculus",16,,"TXT;SRA Run Selector","ftp://ftp.ncbi.nlm.nih.gov/geo/series/GSE115nnn/GSE115188/suppl;https://www.ncbi.nlm.nih.gov/Traces/study/?acc=PRJNA474041",29912970,SRP149490,"Aswathy Sebastian","Jun 02, 2018"
GSE115195,"The in vitro influence of orexin A on the porcine endometrium on days 15 to 16 of gestation.","Expression profiling by array","Sus scrofa;Sus scrofa domesticus",4,,"TXT","ftp://ftp.ncbi.nlm.nih.gov/geo/series/GSE115nnn/GSE115195/suppl",,,"Kamil Dobrzyn","Jun 02, 2018"
GSE115202,"Effects of microbiota on intestinal macrophages","Expression profiling by high throughput sequencing","Mus musculus",30,,"TXT;SRA Run Selector","ftp://ftp.ncbi.nlm.nih.gov/geo/series/GSE115nnn/GSE115202/suppl;https://www.ncbi.nlm.nih.gov/Traces/study/?acc=PRJNA474102",,SRP149529,"Franziska Schmidt","Jun 02, 2018"
GSE115207,"Discovery of YAP target genes with TNFa or IL-1b induction","Expression profiling by array","Homo sapiens",6,,"GPR","ftp://ftp.ncbi.nlm.nih.gov/geo/series/GSE115nnn/GSE115207/suppl",30315101,,"Qiong Zhang","Jun 02, 2018"
GSE115234,"Oncogenic KRAS(G12V) and BRAF(V600E) in intestinal organoids","Expression profiling by high throughput sequencing","Mus musculus",6,,"TXT;SRA Run Selector","ftp://ftp.ncbi.nlm.nih.gov/geo/series/GSE115nnn/GSE115234/suppl;https://www.ncbi.nlm.nih.gov/Traces/study/?acc=PRJNA474218",,SRP149567,"Markus Morkel","Jun 02, 2018"
GSE35244,"Gene expression analysis of a human thymic cell line model of AIRE molecular function","Expression profiling by array","Homo sapiens",6,,"CEL","ftp://ftp.ncbi.nlm.nih.gov/geo/series/GSE35nnn/GSE35244/suppl",,,"Thomas Richard Lovewell","Jun 01, 2018"
GSE55343,"Integrative Analysis of Tamoxifen-resistant Cell Line Models Based on Sequencing Genomes, Transcriptomes and Epigenomes [seq]","Expression profiling by high throughput sequencing;Non-coding RNA profiling by high throughput sequencing;Methylation profiling by high throughput sequencing","Homo sapiens",26,,"TXT;SRA Run Selector","ftp://ftp.ncbi.nlm.nih.gov/geo/series/GSE55nnn/GSE55343/suppl;https://www.ncbi.nlm.nih.gov/Traces/study/?acc=PRJNA239371",,SRP038938,"Jian Li","Jun 01, 2018"
GSE55380,"Integrative Analysis of Tamoxifen-resistant Cell Line Models Based on Sequencing Genomes, Transcriptomes and Epigenomes [aCGH]","Genome variation profiling by array","Homo sapiens",4,,"TXT","ftp://ftp.ncbi.nlm.nih.gov/geo/series/GSE55nnn/GSE55380/suppl",,,"Jian Li","Jun 01, 2018"
GSE55383,"Integrative Analysis of Tamoxifen-resistant Cell Line Models Based on Sequencing Genomes, Transcriptomes and Epigenomes","Expression profiling by high throughput sequencing;Non-coding RNA profiling by high throughput sequencing;Methylation profiling by high throughput sequencing;Genome variation profiling by array","Homo sapiens",30,,"TXT","ftp://ftp.ncbi.nlm.nih.gov/geo/series/GSE55nnn/GSE55383/suppl",,,"Jian Li","Jun 01, 2018"
GSE57262,"PRKCI promotes immune suppression in ovarian tumors through YAP1","Expression profiling by array","Homo sapiens",12,,"CEL","ftp://ftp.ncbi.nlm.nih.gov/geo/series/GSE57nnn/GSE57262/suppl",,,"Sharmistha Sarkar","Jun 01, 2018"
GSE70277,"Transcriptional repression of IRF7 by MYC is critical for antiviral immune response in human pDC [pDC]","Expression profiling by array","Homo sapiens",12,,"TXT","ftp://ftp.ncbi.nlm.nih.gov/geo/series/GSE70nnn/GSE70277/suppl",,,"Nicole Baldwin","Jun 01, 2018"
GSE76094,"Expression data after knockdown of MYB-NFIB and IGF1R/INSR inhibition in ACC cells","Expression profiling by array","Homo sapiens",18,,"CEL;CHP","ftp://ftp.ncbi.nlm.nih.gov/geo/series/GSE76nnn/GSE76094/suppl",28954282,,"Mattias Andersson","Jun 01, 2018"
GSE78895,"Rictor/mTORC2 signaling has opposing functions in adult glioma and childhood SHH medulloblastoma","Expression profiling by array","Mus musculus",32,,"CEL;TXT","ftp://ftp.ncbi.nlm.nih.gov/geo/series/GSE78nnn/GSE78895/suppl",29996106,,"Yuan Zhu","Jun 01, 2018"
GSE82319,"PRKCI promotes immune suppression in ovarian cancer through YAP1","Expression profiling by array","Mus musculus",8,,"CEL","ftp://ftp.ncbi.nlm.nih.gov/geo/series/GSE82nnn/GSE82319/suppl",,,"Sharmistha Sarkar","Jun 01, 2018"
GSE83626,"Molecular classification of primary cultures of glioblastoma multiforme","Expression profiling by array","Homo sapiens",12,,"TXT","ftp://ftp.ncbi.nlm.nih.gov/geo/series/GSE83nnn/GSE83626/suppl",28720668,,"Raluca TEUSAN","Jun 01, 2018"
GSE85906,"mRNA sequence data of three powdery mildew fungi - GcM3, OnM2 and GcC1 (mycelia and haustoria containing infected plant leaves)","Expression profiling by high throughput sequencing","Golovinomyces cichoracearum;Oidium neolycopersici",12,,"FA;GFF;TXT;SRA Run Selector","ftp://ftp.ncbi.nlm.nih.gov/geo/series/GSE85nnn/GSE85906/suppl;https://www.ncbi.nlm.nih.gov/Traces/study/?acc=PRJNA339777",,SRP082565,"Shunyuan Xiao","Jun 01, 2018"
GSE88804,"Expression data of 13 surgical samples of adenoid cystic carcinoma (ACC), 2 ACC xenografts, and 7 normal salivary gland tissues (NSGs)","Expression profiling by array","Homo sapiens",22,,"CEL;CHP","ftp://ftp.ncbi.nlm.nih.gov/geo/series/GSE88nnn/GSE88804/suppl",28954282,,"Mattias Andersson","Jun 01, 2018"
GSE88992,"Global expression profiling of hippocampus in a mouse model for Mesio-Temporal Lobe Epilepsy","Expression profiling by array","Mus musculus",17,,"CEL","ftp://ftp.ncbi.nlm.nih.gov/geo/series/GSE88nnn/GSE88992/suppl",30114263,,"Despina Sanoudou","Jun 01, 2018"
GSE90010,"Expression data from human macrophages","Expression profiling by array","Homo sapiens",24,,"CEL","ftp://ftp.ncbi.nlm.nih.gov/geo/series/GSE90nnn/GSE90010/suppl",,,"John Alexander Marwick","Jun 01, 2018"
GSE90785,"Reconstitution of the human pancreatic niche stimulates differentiation of hESCs into beta cells and reveals new signals for pancreatic endocrine cell maturation","Expression profiling by high throughput sequencing","Homo sapiens",8,,"XLS;XLSX;SRA Run Selector","ftp://ftp.ncbi.nlm.nih.gov/geo/series/GSE90nnn/GSE90785/suppl;https://www.ncbi.nlm.nih.gov/Traces/study/?acc=PRJNA355891",,SRP094450,"Malgorzata Borowiak","Jun 01, 2018"
GSE94571,"Impact of rex delation on the transcriptome of Streptococcus pneumoniae D39","Expression profiling by array","Streptococcus pneumoniae D39",2,,"TXT","ftp://ftp.ncbi.nlm.nih.gov/geo/series/GSE94nnn/GSE94571/suppl",,,"Sulman Shafeeq","Jun 01, 2018"
GSE94572,"Transcriptome response of the Streptococcus pneumoniae D39 wild-type to NADH","Expression profiling by array","Streptococcus pneumoniae D39",2,,"TXT","ftp://ftp.ncbi.nlm.nih.gov/geo/series/GSE94nnn/GSE94572/suppl",,,"Sulman Shafeeq","Jun 01, 2018"
GSE94573,"Impact of NADH on gene expression of Streptococcus pneumoniae and role of Rex as a transcriptional repressor of the Rex regulon","Expression profiling by array","Streptococcus pneumoniae D39",4,,"TXT","ftp://ftp.ncbi.nlm.nih.gov/geo/series/GSE94nnn/GSE94573/suppl",,,"Sulman Shafeeq","Jun 01, 2018"
GSE95289,"Transcript expression of microdissected xenografted glioblastomas with and without treatment with Lck-I","Expression profiling by high throughput sequencing","Homo sapiens",5,,"TXT;SRA Run Selector","ftp://ftp.ncbi.nlm.nih.gov/geo/series/GSE95nnn/GSE95289/suppl;https://www.ncbi.nlm.nih.gov/Traces/study/?acc=PRJNA376570",,SRP100629,"Nikos Tapinos","Jun 01, 2018"
GSE97125,"Proteolytic processing of LRP2 on RPE cells regulates BMP activity to control eye size and refractive error","Expression profiling by high throughput sequencing","Danio rerio",36,,"XLSX;SRA Run Selector","ftp://ftp.ncbi.nlm.nih.gov/geo/series/GSE97nnn/GSE97125/suppl;https://www.ncbi.nlm.nih.gov/Traces/study/?acc=PRJNA380770",,SRP102601,"Ross F Collery","Jun 01, 2018"
GSE97906,"Effect of a progressive weaning on behavioural and physiologic indicators in foals (Equus caballus)","Expression profiling by array","Equus caballus",64,,"TXT","ftp://ftp.ncbi.nlm.nih.gov/geo/series/GSE97nnn/GSE97906/suppl",30005282,,"Aline FOURY","Jun 01, 2018"
GSE97907,"Effect of a progressive weaning on behavioural and physiologic indicators in mares (Equus caballus)","Expression profiling by array","Equus caballus",32,,"TXT","ftp://ftp.ncbi.nlm.nih.gov/geo/series/GSE97nnn/GSE97907/suppl",30005282,,"Aline FOURY","Jun 01, 2018"
GSE97908,"Effect of a progressive weaning on behavioural and physiologic indicators in foals and mares (Equus caballus)","Expression profiling by array","Equus caballus",96,,"TXT","ftp://ftp.ncbi.nlm.nih.gov/geo/series/GSE97nnn/GSE97908/suppl",30005282,,"Aline FOURY","Jun 01, 2018"
GSE98053,"VT257_DengueVaccination","Expression profiling by array","Homo sapiens",177,,"SRR","ftp://ftp.ncbi.nlm.nih.gov/geo/series/GSE98nnn/GSE98053/suppl",30010906,,"Stephen Popper","Jun 01, 2018"
GSE98205,"Promoter DNA sequence guides factors that position the +1 nucleosome and facilitate TBP binding [array]","Expression profiling by array","Saccharomyces cerevisiae;Saccharomyces cerevisiae S288C;Saccharomyces cerevisiae W303",12,,"TXT","ftp://ftp.ncbi.nlm.nih.gov/geo/series/GSE98nnn/GSE98205/suppl",29979971,,"Slawomir Kubik","Jun 01, 2018"
GSE98259,"Promoter DNA sequence guides factors that position the +1 nucleosome and facilitate TBP binding [sequencing]","Genome binding/occupancy profiling by high throughput sequencing","Saccharomyces cerevisiae",52,,"BW;SRA Run Selector","ftp://ftp.ncbi.nlm.nih.gov/geo/series/GSE98nnn/GSE98259/suppl;https://www.ncbi.nlm.nih.gov/Traces/study/?acc=PRJNA384445",29979971,SRP105300,"Slawomir Kubik","Jun 01, 2018"
GSE98260,"Promoter DNA sequence guides factors that position the +1 nucleosome and facilitate TBP binding","Expression profiling by array;Genome binding/occupancy profiling by high throughput sequencing","Saccharomyces cerevisiae;Saccharomyces cerevisiae S288C;Saccharomyces cerevisiae W303",64,,"BW;TXT","ftp://ftp.ncbi.nlm.nih.gov/geo/series/GSE98nnn/GSE98260/suppl",29979971,,"Slawomir Kubik","Jun 01, 2018"
GSE98497,"Comparing the Transcriptomes of Wild Type and Mtor-Gdf9-Cre mediated Oocyte-Conditional Knockout Mouse ovaries by RNA-Seq Analysis","Expression profiling by high throughput sequencing","Mus musculus",12,,"TXT;SRA Run Selector","ftp://ftp.ncbi.nlm.nih.gov/geo/series/GSE98nnn/GSE98497/suppl;https://www.ncbi.nlm.nih.gov/Traces/study/?acc=PRJNA385270",29784807,SRP106322,"You-Qiang Su","Jun 01, 2018"
GSE98502,"Gene expression profiling coupled with the Connectivity Map database-mining reveals potential therapeutic drugs for Hirschsprung disease","Expression profiling by array","Homo sapiens",16,,"TXT","ftp://ftp.ncbi.nlm.nih.gov/geo/series/GSE98nnn/GSE98502/suppl",,,"Liang Zhang","Jun 01, 2018"
GSE98850,"Ribosomal Oxygenase 2 Constrains A Latent Anthelmintic Pathway In Intestinal Epithelial Cells","Expression profiling by high throughput sequencing","Mus musculus",11,,"TXT;SRA Run Selector","ftp://ftp.ncbi.nlm.nih.gov/geo/series/GSE98nnn/GSE98850/suppl;https://www.ncbi.nlm.nih.gov/Traces/study/?acc=PRJNA386444",,SRP106946,"David Finkelstein","Jun 01, 2018"
GSE98920,"Dual effect of the Nrf2 inhibitor for inhibition of HCV and cell proliferation","Expression profiling by array","Homo sapiens",2,,"TXT","ftp://ftp.ncbi.nlm.nih.gov/geo/series/GSE98nnn/GSE98920/suppl",,,"Satoshi Kondo","Jun 01, 2018"
GSE99425,"Vesicle treatment of HCT8 cells","Genome binding/occupancy profiling by high throughput sequencing","Homo sapiens",8,,"TXT;SRA Run Selector","ftp://ftp.ncbi.nlm.nih.gov/geo/series/GSE99nnn/GSE99425/suppl;https://www.ncbi.nlm.nih.gov/Traces/study/?acc=PRJNA388434",29743643,SRP108272,"Siv Gilfillan","Jun 01, 2018"
GSE99433,"p63 regulates the switch from multipotency to unipotency during embryonic MG development","Expression profiling by array","Mus musculus",3,,"CEL","ftp://ftp.ncbi.nlm.nih.gov/geo/series/GSE99nnn/GSE99433/suppl",29784918,,"Aline Wuidart","Jun 01, 2018"
GSE99492,"Effect of Tmsb4x knockout on TGF-ß/MRTF signaling","Expression profiling by array","Mus musculus",5,,"TXT","ftp://ftp.ncbi.nlm.nih.gov/geo/series/GSE99nnn/GSE99492/suppl",,,"Tsuyoshi Morita","Jun 01, 2018"
GSE99564,"Gene expression in mouse ventromedial hypothalamus (VMH) after deletion of SIRT1 in SF1 neurons","Expression profiling by array","Mus musculus",6,,"TXT","ftp://ftp.ncbi.nlm.nih.gov/geo/series/GSE99nnn/GSE99564/suppl",,,"Giorgio Ramadori","Jun 01, 2018"
GSE99640,"Functional study on the cooperation of ASXL1 and RUNX1 mutations for myeloid leukemia transformation","Expression profiling by array","Homo sapiens",3,,"CEL","ftp://ftp.ncbi.nlm.nih.gov/geo/series/GSE99nnn/GSE99640/suppl",,,"Yun-Shien Lee","Jun 01, 2018"
GSE99776,"Gene expressions of H9s in different culture systems","Expression profiling by high throughput sequencing","Homo sapiens",12,,"TXT;SRA Run Selector","ftp://ftp.ncbi.nlm.nih.gov/geo/series/GSE99nnn/GSE99776/suppl;https://www.ncbi.nlm.nih.gov/Traces/study/?acc=PRJNA389582",30527760,SRP108772,"Chi Zhang","Jun 01, 2018"
GSE99891,"screen and quantify human muscle miRNAs","Expression profiling by RT-PCR","Homo sapiens",4,,"TXT","ftp://ftp.ncbi.nlm.nih.gov/geo/series/GSE99nnn/GSE99891/suppl",,,"Charles Albert Stuart","Jun 01, 2018"
GSE99966,"Global gene expression analysis of resistant and susceptible apple cultivars challenged with Penicillium expansum","Expression profiling by array","Malus domestica",72,,"PAIR","ftp://ftp.ncbi.nlm.nih.gov/geo/series/GSE99nnn/GSE99966/suppl",,,"Mathilde ORSEL","Jun 01, 2018"
GSE100082,"Smad4 pathways modulate induction of the chemokine Ccl20 and repress inflammation-induced carcinogenesis in mouse colon","Expression profiling by high throughput sequencing","Mus musculus",30,,"TXT;SRA Run Selector","ftp://ftp.ncbi.nlm.nih.gov/geo/series/GSE100nnn/GSE100082/suppl;https://www.ncbi.nlm.nih.gov/Traces/study/?acc=PRJNA390642",30109253,SRP109291,"Jing Zhu","Jun 01, 2018"
GSE100386,"Blood and Nasal Epigenetics Correlate to Allergic Rhinitis Symptom Development in the Environmental Exposure Unit","Methylation profiling by genome tiling array","Homo sapiens",46,,"IDAT","ftp://ftp.ncbi.nlm.nih.gov/geo/series/GSE100nnn/GSE100386/suppl",,,"Michael S. Kobor","Jun 01, 2018"
GSE100596,"Gene expression profile of WT and phoP mutant Mtb under heat-shock condition","Expression profiling by array","Mycobacterium tuberculosis",12,,"TXT","ftp://ftp.ncbi.nlm.nih.gov/geo/series/GSE100nnn/GSE100596/suppl",,,"Genotypic technology","Jun 01, 2018"
GSE100658,"miR-204 blocks MYCN expression and is a novel a tumor suppressor in neuroblastoma tumorigenesis","Expression profiling by array","Homo sapiens",4,,"TXT","ftp://ftp.ncbi.nlm.nih.gov/geo/series/GSE100nnn/GSE100658/suppl",,,"Daniel Carter","Jun 01, 2018"
GSE101086,"Improved mapping and characterization of R-loop forming loci in fission yeast.","Expression profiling by high throughput sequencing;Other;Non-coding RNA profiling by high throughput sequencing","Schizosaccharomyces pombe",29,,"BIGWIG;TSV;SRA Run Selector","ftp://ftp.ncbi.nlm.nih.gov/geo/series/GSE101nnn/GSE101086/suppl;https://www.ncbi.nlm.nih.gov/Traces/study/?acc=PRJNA393690",,SRP111464,"Frederic Chedin","Jun 01, 2018"
GSE101395,"De novo transcriptome of the mayfly Cloeon viridulum and transcriptional signatures of Prometabola","Expression profiling by high throughput sequencing","Cloeon viridulum",15,,"FA;TXT;SRA Run Selector","ftp://ftp.ncbi.nlm.nih.gov/geo/series/GSE101nnn/GSE101395/suppl;https://www.ncbi.nlm.nih.gov/Traces/study/?acc=PRJNA394104",,SRP111817,"Changfa Zhou","Jun 01, 2018"
GSE102300,"RNAseq of FACS-sorted C.elegans neurons from wildtype and thoc-5(wy822) mutant animals.","Expression profiling by high throughput sequencing","Caenorhabditis elegans",5,,"CSV;SRA Run Selector","ftp://ftp.ncbi.nlm.nih.gov/geo/series/GSE102nnn/GSE102300/suppl;https://www.ncbi.nlm.nih.gov/Traces/study/?acc=PRJNA397415",30146163,SRP114957,"Jin Billy Li","Jun 01, 2018"
GSE102358,"Consequences of stressful states in early life on welfare-health indicators in chicken","Expression profiling by array","Gallus gallus",24,,"TXT","ftp://ftp.ncbi.nlm.nih.gov/geo/series/GSE102nnn/GSE102358/suppl",,,"Aline FOURY","Jun 01, 2018"
GSE102892,"miRNA Expression Profiles of Premalignant and Malignant Arsenic-Induced Skin Lesions","Other","Homo sapiens",9,,"TXT","ftp://ftp.ncbi.nlm.nih.gov/geo/series/GSE102nnn/GSE102892/suppl",30114287,,"J. Christopher States","Jun 01, 2018"
GSE102899,"The FlbA-regulated predicted transcription factor rpnR of Aspergillus niger is involved in protein secretion and stress resistance","Expression profiling by high throughput sequencing","Aspergillus niger",6,,"TXT;SRA Run Selector","ftp://ftp.ncbi.nlm.nih.gov/geo/series/GSE102nnn/GSE102899/suppl;https://www.ncbi.nlm.nih.gov/Traces/study/?acc=PRJNA399183",,SRP115919,"Wieke R Teertstra","Jun 01, 2018"
GSE102932,"Microfluidic low-input fluidized-bed enabled ChIP-seq device for automated and parallel analysis of histone modifications","Genome binding/occupancy profiling by high throughput sequencing","Homo sapiens",53,,"BW;SRA Run Selector","ftp://ftp.ncbi.nlm.nih.gov/geo/series/GSE102nnn/GSE102932/suppl;https://www.ncbi.nlm.nih.gov/Traces/study/?acc=PRJNA399332",29842781,SRP115936,"Chang Lu","Jun 01, 2018"
GSE102957,"Effect of GFI1 KD vs GFI1 KO on expression profiling and AML occurence.","Expression profiling by high throughput sequencing","Mus musculus",8,,"TXT;SRA Run Selector","ftp://ftp.ncbi.nlm.nih.gov/geo/series/GSE102nnn/GSE102957/suppl;https://www.ncbi.nlm.nih.gov/Traces/study/?acc=PRJNA399541",29925903,SRP115962,"Möröy Tarik","Jun 01, 2018"
GSE103113,"Transcriptomic analysis by Next Generation Sequencing of mouse bone marrow derived macrophages (BMDMs) infected by Wild-Type and gra18 mutant strains of T. gondii.","Expression profiling by high throughput sequencing","Mus musculus;Toxoplasma gondii",8,,"XLSX;SRA Run Selector","ftp://ftp.ncbi.nlm.nih.gov/geo/series/GSE103nnn/GSE103113/suppl;https://www.ncbi.nlm.nih.gov/Traces/study/?acc=PRJNA400199",30320549,SRP116189,"Alexandre Bougdour","Jun 01, 2018"
GSE103556,"DNA methylation profiles in wild-type and IDH1 R132H/WT human astroglial cells [methylation]","Methylation profiling by genome tiling array","Homo sapiens",3,,"IDAT","ftp://ftp.ncbi.nlm.nih.gov/geo/series/GSE103nnn/GSE103556/suppl",29849122,,"Jie Wang","Jun 01, 2018"
GSE103557,"Expression profiles in wild-type and IDH1 R132H/WT human astroglial cells [RNA-seq]","Expression profiling by high throughput sequencing","Homo sapiens",5,,"TXT;SRA Run Selector","ftp://ftp.ncbi.nlm.nih.gov/geo/series/GSE103nnn/GSE103557/suppl;https://www.ncbi.nlm.nih.gov/Traces/study/?acc=PRJNA401722",29849122,SRP116894,"Jie Wang","Jun 01, 2018"
GSE103558,"DNA methylation and expression profiles in wild-type and IDH1 R132H/WT human astroglial cells","Methylation profiling by genome tiling array;Expression profiling by high throughput sequencing","Homo sapiens",8,,"IDAT;TXT","ftp://ftp.ncbi.nlm.nih.gov/geo/series/GSE103nnn/GSE103558/suppl",29849122,,"Jie Wang","Jun 01, 2018"
GSE104206,"Assessing eRNAs associated with a cytokine-sensing mammary super-enhancer","Genome binding/occupancy profiling by high throughput sequencing","Mus musculus",3,,"BEDGRAPH;SRA Run Selector","ftp://ftp.ncbi.nlm.nih.gov/geo/series/GSE104nnn/GSE104206/suppl;https://www.ncbi.nlm.nih.gov/Traces/study/?acc=PRJNA412035",,SRP118807,"Chaochen Wang","Jun 01, 2018"
GSE104354,"Salmonella activation of STAT3 signaling by SarA effector promotes intracellular replication and production of IL-10","Expression profiling by high throughput sequencing","Homo sapiens",12,,"TXT;SRA Run Selector","ftp://ftp.ncbi.nlm.nih.gov/geo/series/GSE104nnn/GSE104354/suppl;https://www.ncbi.nlm.nih.gov/Traces/study/?acc=PRJNA412406",29924996,SRP119003,"Liuyang Wang","Jun 01, 2018"
GSE104790,"Hemogenic endothelial fate mapping reveals dual developmental origin of mast cells.","Expression profiling by high throughput sequencing","Mus musculus",6,,"TXT;SRA Run Selector","ftp://ftp.ncbi.nlm.nih.gov/geo/series/GSE104nnn/GSE104790/suppl;https://www.ncbi.nlm.nih.gov/Traces/study/?acc=PRJNA413826",,SRP119696,"jinmiao chen","Jun 01, 2018"
GSE105457,"Extracellular vesicle-mediated intercellular signaling between breast carcinoma cells and endothelial cells","Expression profiling by array","Homo sapiens",6,,"CEL;CHP","ftp://ftp.ncbi.nlm.nih.gov/geo/series/GSE105nnn/GSE105457/suppl",,,"abdel G Elkahloun","Jun 01, 2018"
GSE106225,"Multi-axial self-organisation properties of mouse embryonic stem cells into gastruloids [bulk]","Expression profiling by high throughput sequencing","Mus musculus",14,,"BEDGRAPH;SRA Run Selector","ftp://ftp.ncbi.nlm.nih.gov/geo/series/GSE106nnn/GSE106225/suppl;https://www.ncbi.nlm.nih.gov/Traces/study/?acc=PRJNA416036",,SRP122533,"Leonardo Beccari","Jun 01, 2018"
GSE106226,"Multi-axial self-organisation properties of mouse embryonic stem cells into gastruloids [individual]","Expression profiling by high throughput sequencing","Mus musculus",30,,"BEDGRAPH;SRA Run Selector","ftp://ftp.ncbi.nlm.nih.gov/geo/series/GSE106nnn/GSE106226/suppl;https://www.ncbi.nlm.nih.gov/Traces/study/?acc=PRJNA415971",,SRP121671,"Leonardo Beccari","Jun 01, 2018"
GSE106227,"Multi-axial self-organisation properties of mouse embryonic stem cells into gastruloids","Expression profiling by high throughput sequencing","Mus musculus",54,,"BEDGRAPH","ftp://ftp.ncbi.nlm.nih.gov/geo/series/GSE106nnn/GSE106227/suppl",30283134,,"Leonardo Beccari","Jun 01, 2018"
GSE106308,"Effect of larval nutrition on maternal mRNA contribution to the Drosophila egg","Expression profiling by high throughput sequencing","Drosophila melanogaster",9,,"TSV;SRA Run Selector","ftp://ftp.ncbi.nlm.nih.gov/geo/series/GSE106nnn/GSE106308/suppl;https://www.ncbi.nlm.nih.gov/Traces/study/?acc=PRJNA416262",29666195,SRP122894,"Susan E. Lott","Jun 01, 2018"
GSE106309,"Bisulfite methylome sequencing of msh1 memory line in arbidopsis [Bisulfite-seq]","Methylation profiling by high throughput sequencing","Arabidopsis thaliana",6,,"COV;SRA Run Selector","ftp://ftp.ncbi.nlm.nih.gov/geo/series/GSE106nnn/GSE106309/suppl;https://www.ncbi.nlm.nih.gov/Traces/study/?acc=PRJNA416263",,SRP122895,"Sally A Mackenzie","Jun 01, 2018"
GSE106534,"Long noncoding RNA LNMAT1 promotes lymphatic metastasis in bladder cancer","Expression profiling by high throughput sequencing","Homo sapiens",20,,"TXT;SRA Run Selector","ftp://ftp.ncbi.nlm.nih.gov/geo/series/GSE106nnn/GSE106534/suppl;https://www.ncbi.nlm.nih.gov/Traces/study/?acc=PRJNA417154",30237493,SRP123728,"Changhao Chen","Jun 01, 2018"
GSE106536,"mRNA sequencing of msh1 memory line in arbidopsis","Expression profiling by high throughput sequencing","Arabidopsis thaliana",6,,"TXT;SRA Run Selector","ftp://ftp.ncbi.nlm.nih.gov/geo/series/GSE106nnn/GSE106536/suppl;https://www.ncbi.nlm.nih.gov/Traces/study/?acc=PRJNA417181",,SRP124070,"Sally A Mackenzie","Jun 01, 2018"
GSE106637,"Next Generation Sequencing  Quantitative Analysis of altered expression of genes in lncRNA LNMAT1 knockdown bladder cancer cells","Expression profiling by high throughput sequencing","Homo sapiens",6,,"TXT;SRA Run Selector","ftp://ftp.ncbi.nlm.nih.gov/geo/series/GSE106nnn/GSE106637/suppl;https://www.ncbi.nlm.nih.gov/Traces/study/?acc=PRJNA417490",30237493,SRP124500,"Changhao Chen","Jun 01, 2018"
GSE107209,"Expression of mRNA from MCF10A and UFH-001 human cell lines","Expression profiling by array","Homo sapiens",6,,"CEL","ftp://ftp.ncbi.nlm.nih.gov/geo/series/GSE107nnn/GSE107209/suppl",30452451,,"Susan Cooke Frost","Jun 01, 2018"
GSE107342,"RNAseq analysis of the effects of light and the carS mutation in Fusarium fujikuroi and Fusarium oxysporum","Expression profiling by high throughput sequencing","Fusarium fujikuroi;Fusarium oxysporum f. sp. lycopersici",20,,"TSV;SRA Run Selector","ftp://ftp.ncbi.nlm.nih.gov/geo/series/GSE107nnn/GSE107342/suppl;https://www.ncbi.nlm.nih.gov/Traces/study/?acc=PRJNA419820",30665350,SRP125643,"Javier Avalos","Jun 01, 2018"
GSE107745,"transcriptome analysis of dgk5 mutant in response to flagellin-Transcriptome analysis of dgk5 mutant","Expression profiling by array","Arabidopsis thaliana",12,,"GPR","ftp://ftp.ncbi.nlm.nih.gov/geo/series/GSE107nnn/GSE107745/suppl",,,"Stéphanie Pateyron","Jun 01, 2018"
GSE107786,"The Arabidopsis homolog of human G3BP1 is a key regulator of stomatal and aploplastic immunity","Expression profiling by high throughput sequencing","Arabidopsis thaliana",12,,"TXT;SRA Run Selector","ftp://ftp.ncbi.nlm.nih.gov/geo/series/GSE107nnn/GSE107786/suppl;https://www.ncbi.nlm.nih.gov/Traces/study/?acc=PRJNA421364",30456348,SRP126292,"Naganand Rayapuram","Jun 01, 2018"
GSE108281,"Expression data from wildtype and islet2a mutant and morphant embryos","Expression profiling by array","Danio rerio",10,,"CEL","ftp://ftp.ncbi.nlm.nih.gov/geo/series/GSE108nnn/GSE108281/suppl",,,"Kenneth L Jones","Jun 01, 2018"
GSE108542,"Genome-wide profiling of histone lysine crotonylation reveals positive regulation of transcription in rice","Genome binding/occupancy profiling by high throughput sequencing","Oryza sativa Japonica Group",4,,"TXT;SRA Run Selector","ftp://ftp.ncbi.nlm.nih.gov/geo/series/GSE108nnn/GSE108542/suppl;https://www.ncbi.nlm.nih.gov/Traces/study/?acc=PRJNA427585",30021883,SRP127580,"Yufeng Wu","Jun 01, 2018"
GSE108863,"An integrative network biology analysis identifies miR-508-3p as the determinant and a prognosis biomarker of the mesenchymal subtype ovarian cancer","Expression profiling by high throughput sequencing","Homo sapiens",8,,"TXT;SRA Run Selector","ftp://ftp.ncbi.nlm.nih.gov/geo/series/GSE108nnn/GSE108863/suppl;https://www.ncbi.nlm.nih.gov/Traces/study/?acc=PRJNA428968",,SRP128474,"shengtao zhou","Jun 01, 2018"
GSE109429,"Next Generation Sequencing Facilitates Quantitative Analysis of Ter cells Transcriptomes","Expression profiling by high throughput sequencing","Mus musculus",14,,"TXT;SRA Run Selector","ftp://ftp.ncbi.nlm.nih.gov/geo/series/GSE109nnn/GSE109429/suppl;https://www.ncbi.nlm.nih.gov/Traces/study/?acc=PRJNA430875",,SRP131043,"Qian Zhang","Jun 01, 2018"
GSE109533,"Blocking IFNRA1 inhibits Multiple Myeloma-driven regulatory T-cell expansion and immunosuppression","Expression profiling by high throughput sequencing","Mus musculus",6,,"TXT;SRA Run Selector","ftp://ftp.ncbi.nlm.nih.gov/geo/series/GSE109nnn/GSE109533/suppl;https://www.ncbi.nlm.nih.gov/Traces/study/?acc=PRJNA431309",,SRP131172,"Irene Ghobrial","Jun 01, 2018"
GSE109908,"RNA seq from liver samples of C57BL/6 mice to study the gene expression synchrony of Plasmodium stages with host circadian cycle.","Expression profiling by high throughput sequencing","Mus musculus",24,,"TXT;SRA Run Selector","ftp://ftp.ncbi.nlm.nih.gov/geo/series/GSE109nnn/GSE109908/suppl;https://www.ncbi.nlm.nih.gov/Traces/study/?acc=PRJNA432325",29805094,SRP131855,"Ricardo Tostes Gazzinelli","Jun 01, 2018"
GSE110310,"Gene expression profiles of human mesenchymal stem cells exposed to surface water organic extracts","Expression profiling by array","Homo sapiens",21,,"CEL","ftp://ftp.ncbi.nlm.nih.gov/geo/series/GSE110nnn/GSE110310/suppl",,,"Zhou Zhang","Jun 01, 2018"
GSE110515,"Gene expression data of iPSCs reprogrammed and/or maintenanced with 3i","Expression profiling by array","Mus musculus",6,,"CEL","ftp://ftp.ncbi.nlm.nih.gov/geo/series/GSE110nnn/GSE110515/suppl",,,"Koji Nishihara","Jun 01, 2018"
GSE110678,"Genome-wide effect of constitutive IFN-signaling","Expression profiling by high throughput sequencing","Mus musculus",6,,"FPKM_TRACKING;SRA Run Selector","ftp://ftp.ncbi.nlm.nih.gov/geo/series/GSE110nnn/GSE110678/suppl;https://www.ncbi.nlm.nih.gov/Traces/study/?acc=PRJNA434236",,SRP132929,"Alexander Poltorak","Jun 01, 2018"
GSE111371,"Comparative transcriptome analyses of three medicinal Forsythia species and prediction of candidate genes involved in secondary metabolisms [Forsythia suspensa]","Expression profiling by high throughput sequencing","Forsythia suspensa",2,,"FASTA;TXT;SRA Run Selector","ftp://ftp.ncbi.nlm.nih.gov/geo/series/GSE111nnn/GSE111371/suppl;https://www.ncbi.nlm.nih.gov/Traces/study/?acc=PRJNA436735",,SRP133844,"Mami Yamazaki","Jun 01, 2018"
GSE111372,"Comparative transcriptome analyses of three medicinal Forsythia species and prediction of candidate genes involved in secondary metabolisms [Forsythia viridissima]","Expression profiling by high throughput sequencing","Forsythia viridissima",2,,"FASTA;TXT;SRA Run Selector","ftp://ftp.ncbi.nlm.nih.gov/geo/series/GSE111nnn/GSE111372/suppl;https://www.ncbi.nlm.nih.gov/Traces/study/?acc=PRJNA436737",,SRP133845,"Mami Yamazaki","Jun 01, 2018"
GSE111374,"Comparative transcriptome analyses of three medicinal Forsythia species and prediction of candidate genes involved in secondary metabolisms [Forsythia viridissima var. koreana]","Expression profiling by high throughput sequencing","Forsythia koreana",2,,"FASTA;TXT;SRA Run Selector","ftp://ftp.ncbi.nlm.nih.gov/geo/series/GSE111nnn/GSE111374/suppl;https://www.ncbi.nlm.nih.gov/Traces/study/?acc=PRJNA436736",,SRP133846,"Mami Yamazaki","Jun 01, 2018"
GSE111376,"Comparative transcriptome analyses of three medicinal Forsythia species and prediction of candidate genes involved in secondary metabolisms","Expression profiling by high throughput sequencing","Forsythia koreana;Forsythia suspensa;Forsythia viridissima",6,,"TXT","ftp://ftp.ncbi.nlm.nih.gov/geo/series/GSE111nnn/GSE111376/suppl",,,"Mami Yamazaki","Jun 01, 2018"
GSE111651,"Inhibition of microRNA-138 enhances bone formation in multiple myeloma bone marrow niche","Expression profiling by high throughput sequencing","Homo sapiens;Mus musculus",14,,"TXT;SRA Run Selector","ftp://ftp.ncbi.nlm.nih.gov/geo/series/GSE111nnn/GSE111651/suppl;https://www.ncbi.nlm.nih.gov/Traces/study/?acc=PRJNA437669",,SRP134388,"Irene Ghobrial","Jun 01, 2018"
GSE111907,"Clinically-relevant cell type cross-talk identified from a lung tumor microenvironment interactome","Expression profiling by high throughput sequencing","Homo sapiens",185,,"TXT","ftp://ftp.ncbi.nlm.nih.gov/geo/series/GSE111nnn/GSE111907/suppl",,,"Andrew Gentles","Jun 01, 2018"
GSE112193,"Rhodococcus EP4 Aromatic Transcriptomics","Expression profiling by high throughput sequencing","Rhodococcus rhodochrous",9,,"CSV;SRA Run Selector","ftp://ftp.ncbi.nlm.nih.gov/geo/series/GSE112nnn/GSE112193/suppl;https://www.ncbi.nlm.nih.gov/Traces/study/?acc=PRJNA445226",,SRP136228,"David Levy-Booth","Jun 01, 2018"
GSE112389,"Vitis Myb14 confer cold and drought tolerance by mediated nsLTP genes expression and ABA signaling passway in arabidopsis","Expression profiling by array","Arabidopsis thaliana",8,,"CEL","ftp://ftp.ncbi.nlm.nih.gov/geo/series/GSE112nnn/GSE112389/suppl",,,"Lingye Su","Jun 01, 2018"
GSE112787,"Efficient and precise editing of endogenous transcripts with SNAP-tagged ADARs","Expression profiling by high throughput sequencing","Homo sapiens",14,,"TXT;SRA Run Selector","ftp://ftp.ncbi.nlm.nih.gov/geo/series/GSE112nnn/GSE112787/suppl;https://www.ncbi.nlm.nih.gov/Traces/study/?acc=PRJNA448951",29967493,SRP137776,"Jin Billy Li","Jun 01, 2018"
GSE113034,"Gene expression profiling of tumor-associated macrophages and in-vitro cultured macrophages","Expression profiling by array","Mus musculus",8,,"IDAT;TXT","ftp://ftp.ncbi.nlm.nih.gov/geo/series/GSE113nnn/GSE113034/suppl",30054470,,"JONATHAN CARON","Jun 01, 2018"
GSE113248,"A Muscle-Specific Enhancer RNA Mediates Cohesin Recruitment and Regulates Transcription in Trans","Genome binding/occupancy profiling by high throughput sequencing","Mus musculus",26,,"BED;SRA Run Selector","ftp://ftp.ncbi.nlm.nih.gov/geo/series/GSE113nnn/GSE113248/suppl;https://www.ncbi.nlm.nih.gov/Traces/study/?acc=PRJNA450546",29979962,SRP140626,"Vittorio Sartorelli","Jun 01, 2018"
GSE113693,"Connexin 30 deficiency attenuates A2 astrocyte responses and induces severe neurodegeneration in a 1-methyl-4-phenyl-1,2,3,6-tetrahydropyridine hydrochloride Parkinson’s disease animal model","Expression profiling by array","Mus musculus",2,,"TXT","ftp://ftp.ncbi.nlm.nih.gov/geo/series/GSE113nnn/GSE113693/suppl",30103794,,"Atsushi Fujita","Jun 01, 2018"
GSE113725,"DNA methylation and inflammation marker profiles associated with a history of depression.","Methylation profiling by genome tiling array","Homo sapiens",194,,"CSV","ftp://ftp.ncbi.nlm.nih.gov/geo/series/GSE113nnn/GSE113725/suppl",29790996,,"Therese M Murphy","Jun 01, 2018"
GSE113839,"RNA-seq from HNSCC and melanoma populations","Expression profiling by high throughput sequencing","Homo sapiens",106,,"XLSX;SRA Run Selector","ftp://ftp.ncbi.nlm.nih.gov/geo/series/GSE113nnn/GSE113839/suppl;https://www.ncbi.nlm.nih.gov/Traces/study/?acc=PRJNA454219",,SRP144003,"Andrew Gentles","Jun 01, 2018"
GSE113885,"Multi-axial self-organisation properties of mouse embryonic stem cells into gastruloids [E6.5 to E9.5]","Expression profiling by high throughput sequencing","Mus musculus",10,,"BEDGRAPH;SRA Run Selector","ftp://ftp.ncbi.nlm.nih.gov/geo/series/GSE113nnn/GSE113885/suppl;https://www.ncbi.nlm.nih.gov/Traces/study/?acc=PRJNA454332",30283134,SRP144152,"Leonardo Beccari","Jun 01, 2018"
GSE114105,"Protein Kinase AMP-Activated Catalytic Subunit Alpha 1 (PRKAA1) knockdown effect on the transcriptome of primary human acute myeloid leukemia (AML) cells","Expression profiling by high throughput sequencing","Homo sapiens",6,,"TXT;SRA Run Selector","ftp://ftp.ncbi.nlm.nih.gov/geo/series/GSE114nnn/GSE114105/suppl;https://www.ncbi.nlm.nih.gov/Traces/study/?acc=PRJNA464341",29910151,SRP144739,"Shanshan Pei","Jun 01, 2018"
GSE114106,"Mitochondrial Fission 1 (FIS1) knockdown effect on the H3K27Ac status of leukemia cell line MOLM-13 cells","Expression profiling by high throughput sequencing","Homo sapiens",8,,"BW;SRA Run Selector","ftp://ftp.ncbi.nlm.nih.gov/geo/series/GSE114nnn/GSE114106/suppl;https://www.ncbi.nlm.nih.gov/Traces/study/?acc=PRJNA464339",29910151,SRP144738,"Shanshan Pei","Jun 01, 2018"
GSE114109,"Mitochondrial Fission 1 (FIS1) knockdown effect on the transcriptome of primary human acute myeloid leukemia (AML) cells","Expression profiling by high throughput sequencing","Homo sapiens",9,,"TXT;SRA Run Selector","ftp://ftp.ncbi.nlm.nih.gov/geo/series/GSE114nnn/GSE114109/suppl;https://www.ncbi.nlm.nih.gov/Traces/study/?acc=PRJNA464346",29910151,SRP144741,"Shanshan Pei","Jun 01, 2018"
GSE114111,"Mitochondrial Fission 1 (FIS1) knockdown effect on the transcriptome of leukemia cell line MOLM-13 cells","Expression profiling by high throughput sequencing","Homo sapiens",9,,"TXT;SRA Run Selector","ftp://ftp.ncbi.nlm.nih.gov/geo/series/GSE114nnn/GSE114111/suppl;https://www.ncbi.nlm.nih.gov/Traces/study/?acc=PRJNA464347",29910151,SRP144742,"Shanshan Pei","Jun 01, 2018"
GSE114126,"Comparing the Transcriptomes of Wild Type (WT) and Gdf9-Cre or Zp3-Cre mediated Mtor Oocyte-Conditional Knockout (referred to as MG and MZ, respectively) Mouse GV-stage fully-grown oocytes (FGO) by RNA-Seq Analysis","Expression profiling by high throughput sequencing","Mus musculus",9,,"TXT;SRA Run Selector","ftp://ftp.ncbi.nlm.nih.gov/geo/series/GSE114nnn/GSE114126/suppl;https://www.ncbi.nlm.nih.gov/Traces/study/?acc=PRJNA464376",29784807,SRP144775,"You-Qiang Su","Jun 01, 2018"
GSE114298,"Targeting EZH2 reprograms intratumoral regulatory T cells to enhance cancer immunity","Expression profiling by high throughput sequencing","Mus musculus",9,,"TXT;SRA Run Selector","ftp://ftp.ncbi.nlm.nih.gov/geo/series/GSE114nnn/GSE114298/suppl;https://www.ncbi.nlm.nih.gov/Traces/study/?acc=PRJNA470833",,SRP145275,"Walter Eckalbar","Jun 01, 2018"
GSE114439,"Chromatin accessibility dynamics across C. elegans development and ageing [ATAC-seq]","Genome binding/occupancy profiling by high throughput sequencing","Caenorhabditis elegans",22,,"BW;SRA Run Selector","ftp://ftp.ncbi.nlm.nih.gov/geo/series/GSE114nnn/GSE114439/suppl;https://www.ncbi.nlm.nih.gov/Traces/study/?acc=PRJNA471351",30362940,SRP145677,"Julie Ahringer","Jun 01, 2018"
GSE114440,"Chromatin accessibility dynamics across C. elegans development and ageing [ChIP-seq]","Genome binding/occupancy profiling by high throughput sequencing","Caenorhabditis elegans",48,,"BW;SRA Run Selector","ftp://ftp.ncbi.nlm.nih.gov/geo/series/GSE114nnn/GSE114440/suppl;https://www.ncbi.nlm.nih.gov/Traces/study/?acc=PRJNA471350",30362940,SRP145676,"Julie Ahringer","Jun 01, 2018"
GSE114471,"In-Vivo Expansion of Cancer Stemness Affords Novel Cancer Stem Cell Targets: Malignant Rhabdoid Tumor as an Example","Expression profiling by high throughput sequencing","Homo sapiens",3,,"XLSX;SRA Run Selector","ftp://ftp.ncbi.nlm.nih.gov/geo/series/GSE114nnn/GSE114471/suppl;https://www.ncbi.nlm.nih.gov/Traces/study/?acc=PRJNA471507",30122444,SRP146070,"Tomer Kalisky","Jun 01, 2018"
GSE114481,"Chromatin accessibility dynamics across C. elegans development and ageing [DNase, MNase]","Genome binding/occupancy profiling by high throughput sequencing","Caenorhabditis elegans",122,,"BW;SRA Run Selector","ftp://ftp.ncbi.nlm.nih.gov/geo/series/GSE114nnn/GSE114481/suppl;https://www.ncbi.nlm.nih.gov/Traces/study/?acc=PRJNA471526",30362940,SRP146243,"Julie Ahringer","Jun 01, 2018"
GSE114483,"Chromatin accessibility dynamics across C. elegans development and ageing [lcap]","Expression profiling by high throughput sequencing","Caenorhabditis elegans",22,,"BW;SRA Run Selector","ftp://ftp.ncbi.nlm.nih.gov/geo/series/GSE114nnn/GSE114483/suppl;https://www.ncbi.nlm.nih.gov/Traces/study/?acc=PRJNA471520",30362940,SRP146096,"Julie Ahringer","Jun 01, 2018"
GSE114490,"Chromatin accessibility dynamics across C. elegans development and ageing [scap]","Expression profiling by high throughput sequencing","Caenorhabditis elegans",12,,"BW;SRA Run Selector","ftp://ftp.ncbi.nlm.nih.gov/geo/series/GSE114nnn/GSE114490/suppl;https://www.ncbi.nlm.nih.gov/Traces/study/?acc=PRJNA471536",30362940,SRP146247,"Julie Ahringer","Jun 01, 2018"
GSE114494,"Chromatin accessibility dynamics across C. elegans development and ageing","Genome binding/occupancy profiling by high throughput sequencing;Expression profiling by high throughput sequencing","Caenorhabditis elegans",226,,"BW","ftp://ftp.ncbi.nlm.nih.gov/geo/series/GSE114nnn/GSE114494/suppl",30362940,,"Julie Ahringer","Jun 01, 2018"
GSE114579,"Trim27 confers myeloid hematopoiesis competitiveness by upregulating myeloid master genes","Expression profiling by high throughput sequencing","Mus musculus",8,,"TXT;SRA Run Selector","ftp://ftp.ncbi.nlm.nih.gov/geo/series/GSE114nnn/GSE114579/suppl;https://www.ncbi.nlm.nih.gov/Traces/study/?acc=PRJNA471853",,SRP148142,"Tongjie Wang","Jun 01, 2018"
GSE114630,"Profiling of murine resident adipose tissue and aortic macrophages according to their expression status of LYVE-1","Expression profiling by high throughput sequencing","Mus musculus",12,,"TXT;SRA Run Selector","ftp://ftp.ncbi.nlm.nih.gov/geo/series/GSE114nnn/GSE114630/suppl;https://www.ncbi.nlm.nih.gov/Traces/study/?acc=PRJNA472001",30054204,SRP148415,"Daniel Carbajo","Jun 01, 2018"
GSE114850,"RNA expression following TMPRSS11B overexpression or depletion","Expression profiling by high throughput sequencing","Homo sapiens",12,,"TAB;TXT;SRA Run Selector","ftp://ftp.ncbi.nlm.nih.gov/geo/series/GSE114nnn/GSE114850/suppl;https://www.ncbi.nlm.nih.gov/Traces/study/?acc=PRJNA473063",30463017,SRP148945,"Barrett Logan Updegraff","Jun 01, 2018"
GSE114916,"RNA transcriptome analysis of IRF1 and IRF3 knockout in immortalized primary hepatocytes infected with hepatitis A virus","Expression profiling by high throughput sequencing","Homo sapiens",12,,"TXT;SRA Run Selector","ftp://ftp.ncbi.nlm.nih.gov/geo/series/GSE114nnn/GSE114916/suppl;https://www.ncbi.nlm.nih.gov/Traces/study/?acc=PRJNA473130",,SRP148971,"Stanley Lemon","Jun 01, 2018"
GSE114959,"Oncogenic properties of NEAT1 in prostate cancer cells depend on the CDC5L-AGRN transcriptional regulation circuit","Expression profiling by high throughput sequencing","Homo sapiens",4,,"TXT;SRA Run Selector","ftp://ftp.ncbi.nlm.nih.gov/geo/series/GSE114nnn/GSE114959/suppl;https://www.ncbi.nlm.nih.gov/Traces/study/?acc=PRJNA473338",29871935,SRP149079,"Xuerui Yang","Jun 01, 2018"
GSE115131,"Overexpression of chicken IRF7 increased viral replication and programmed cell death to the avian influenza virus infection through TGF-beta/FoxO signaling axis in DF-1","Expression profiling by high throughput sequencing","Gallus gallus",8,,"CSV;SRA Run Selector","ftp://ftp.ncbi.nlm.nih.gov/geo/series/GSE115nnn/GSE115131/suppl;https://www.ncbi.nlm.nih.gov/Traces/study/?acc=PRJNA473844",30356848,SRP149379,"Huaijun Zhou","Jun 01, 2018"
GSE115138,"Enhanced susceptibility of cancer cells to oncolytic rhabdo-virotherapy by expression of Nodamura virus protein B2 as a suppressor of RNA interference","Expression profiling by array","Homo sapiens",9,,"CEL","ftp://ftp.ncbi.nlm.nih.gov/geo/series/GSE115nnn/GSE115138/suppl",,,"Adrian Pelin","Jun 01, 2018"
GSE115144,"Transcriptome analysis of paired luminal breast tumor and para-carcinoma tissues","Expression profiling by array","Homo sapiens",42,,"CEL","ftp://ftp.ncbi.nlm.nih.gov/geo/series/GSE115nnn/GSE115144/suppl",,,"Wei Sun","Jun 01, 2018"
GSE115165,"Whole transcriptome profiling by RNA-sequencing of RNA from N2 and F01D4.5(baf20) C. elegans","Expression profiling by high throughput sequencing","Caenorhabditis elegans",10,,"TXT;SRA Run Selector","ftp://ftp.ncbi.nlm.nih.gov/geo/series/GSE115nnn/GSE115165/suppl;https://www.ncbi.nlm.nih.gov/Traces/study/?acc=PRJNA474005",,SRP149465,"Alfred L Fisher","Jun 01, 2018"
GSE115171,"Time course analysis of gene expression during hypoxia in several S. cerevisiae mutant strains using RNA-Seq","Expression profiling by high throughput sequencing","Saccharomyces cerevisiae",320,,"TXT;SRA Run Selector","ftp://ftp.ncbi.nlm.nih.gov/geo/series/GSE115nnn/GSE115171/suppl;https://www.ncbi.nlm.nih.gov/Traces/study/?acc=PRJNA473997",,SRP149452,"Mark Hickman","Jun 01, 2018"
GSE62550,"The Polycomb Group Gene EMF2B modulates protein coding and non-coding RNAs in developing rice panicles.","Genome binding/occupancy profiling by high throughput sequencing","Oryza sativa",6,,"WIG;SRA Run Selector","ftp://ftp.ncbi.nlm.nih.gov/geo/series/GSE62nnn/GSE62550/suppl;https://www.ncbi.nlm.nih.gov/Traces/study/?acc=PRJNA264396",29844229,SRP049100,"Venkatesan Sundaresan","May 31, 2018"
GSE75969,"Bovine Glycomacropeptide promotes the growth of Bifidobacterium longum subsp. infantis and modulates its gene expression","Expression profiling by array","Bifidobacterium longum subsp. infantis",9,,"TXT","ftp://ftp.ncbi.nlm.nih.gov/geo/series/GSE75nnn/GSE75969/suppl",,,"Rita Hickey","May 31, 2018"
GSE79386,"Comparative tissue gene expression profiling and alternative splicing by exon-sensitive microarrays in non-syndromic craniosynostosis","Expression profiling by array","Homo sapiens",10,,"CEL","ftp://ftp.ncbi.nlm.nih.gov/geo/series/GSE79nnn/GSE79386/suppl",29674126,,"camilla bernardini","May 31, 2018"
GSE81106,"circRNA-sequencing","Expression profiling by high throughput sequencing","Homo sapiens",6,,"XLSX;SRA Run Selector","ftp://ftp.ncbi.nlm.nih.gov/geo/series/GSE81nnn/GSE81106/suppl;https://www.ncbi.nlm.nih.gov/Traces/study/?acc=PRJNA320543",,SRP074369,"Ruifeng Liu","May 31, 2018"
GSE82024,"Expression data from human T24 cells transfected with siNC or siNF90","Non-coding RNA profiling by array","Homo sapiens;synthetic construct",4,,"CEL","ftp://ftp.ncbi.nlm.nih.gov/geo/series/GSE82nnn/GSE82024/suppl",,,"Junlong Zhuang","May 31, 2018"
GSE93991,"The transition from proliferation to quiescence in glioblastoma stem-like cells requires Ca2+ signaling and mitochondria remodeling","Expression profiling by high throughput sequencing","Homo sapiens",15,,"TXT;SRA Run Selector","ftp://ftp.ncbi.nlm.nih.gov/geo/series/GSE93nnn/GSE93991/suppl;https://www.ncbi.nlm.nih.gov/Traces/study/?acc=PRJNA363017",29950651,SRP097668,"jacques h","May 31, 2018"
GSE94688,"A non-catalytic role of TET3 promotes open chromatin and enhances global transcription","Expression profiling by high throughput sequencing;Genome binding/occupancy profiling by high throughput sequencing","Mus musculus",24,,"TXT;SRA Run Selector","ftp://ftp.ncbi.nlm.nih.gov/geo/series/GSE94nnn/GSE94688/suppl;https://www.ncbi.nlm.nih.gov/Traces/study/?acc=PRJNA371815",,SRP099074,"Christel Krueger","May 31, 2018"
GSE95723,"Cnidarian cell type diversity revealed by whole-organism single-cell RNA-seq analysis","Expression profiling by high throughput sequencing;Genome binding/occupancy profiling by high throughput sequencing","Nematostella vectensis",8,,"BW;TXT;XLSX;SRA Run Selector","ftp://ftp.ncbi.nlm.nih.gov/geo/series/GSE95nnn/GSE95723/suppl;https://www.ncbi.nlm.nih.gov/Traces/study/?acc=PRJNA378226",29856957,SRP101436,"Arnau Sebe-Pedros","May 31, 2018"
GSE96956,"Effects of FGFRL1 deficiency on oesophageal squamous cell carcinoma cells","Expression profiling by array","Homo sapiens",4,,"TXT","ftp://ftp.ncbi.nlm.nih.gov/geo/series/GSE96nnn/GSE96956/suppl",29963148,,"Yoshinori Takei","May 31, 2018"
GSE97583,"Next Generation Sequencing for Chromatin accessbility by ATAC-seq for MDA-MB-231, MCF7 or HCT116 cell line","Genome binding/occupancy profiling by high throughput sequencing","Homo sapiens",10,,"NARROWPEAK;SRA Run Selector","ftp://ftp.ncbi.nlm.nih.gov/geo/series/GSE97nnn/GSE97583/suppl;https://www.ncbi.nlm.nih.gov/Traces/study/?acc=PRJNA382394",29731168,SRP103775,"Howard Y. Chang","May 31, 2018"
GSE97584,"Next Generation Sequencing Facilitates Quantitative Analysis for Chromatin Immunoprecipitation of Wild Type and PVT1 Knockdown by CRISPRi in MDA-MB-231 human breast cancer cell line","Genome binding/occupancy profiling by high throughput sequencing","Homo sapiens",24,,"BED;SRA Run Selector","ftp://ftp.ncbi.nlm.nih.gov/geo/series/GSE97nnn/GSE97584/suppl;https://www.ncbi.nlm.nih.gov/Traces/study/?acc=PRJNA382388",29731168,SRP103776,"Howard Y. Chang","May 31, 2018"
GSE97585,"Next Generation Sequencing Facilitates Quantitative Analysis for H3K27ac mediated chromatin conformation capture of Wild Type and PVT1 Knockdown by CRISPRi in MDA-MB-231 human breast cancer cell line","Genome binding/occupancy profiling by high throughput sequencing","Homo sapiens",6,,"TXT;SRA Run Selector","ftp://ftp.ncbi.nlm.nih.gov/geo/series/GSE97nnn/GSE97585/suppl;https://www.ncbi.nlm.nih.gov/Traces/study/?acc=PRJNA382387",29731168,SRP103777,"Howard Y. Chang","May 31, 2018"
GSE97586,"Next Generation Sequencing Facilitates Quantitative Analysis of PVT1 mutant alleles have distinct growth advatage which was introduced by CRISPR in MDA-MB-231 human breast cancer cell line","Other","Homo sapiens",5,,"TXT;SRA Run Selector","ftp://ftp.ncbi.nlm.nih.gov/geo/series/GSE97nnn/GSE97586/suppl;https://www.ncbi.nlm.nih.gov/Traces/study/?acc=PRJNA382391",29731168,SRP103778,"Howard Y. Chang","May 31, 2018"
GSE97587,"Next Generation Sequencing Facilitates Quantitative Analysis of Wild Type and PVT1 Knockdown by CRISPRi in MDA-MB-231 human breast cancer cell line","Expression profiling by high throughput sequencing","Homo sapiens",6,,"TXT;SRA Run Selector","ftp://ftp.ncbi.nlm.nih.gov/geo/series/GSE97nnn/GSE97587/suppl;https://www.ncbi.nlm.nih.gov/Traces/study/?acc=PRJNA382390",29731168,SRP103779,"Howard Y. Chang","May 31, 2018"
GSE97588,"Next Generation Sequencing Facilitates Quantitative Analysis of chromatin conformational interaction between MYC and PVT1 in MDA-MB-231, MCF7, HCT116 cancer cell line","Other","Homo sapiens",72,,"TXT;SRA Run Selector","ftp://ftp.ncbi.nlm.nih.gov/geo/series/GSE97nnn/GSE97588/suppl;https://www.ncbi.nlm.nih.gov/Traces/study/?acc=PRJNA382389",29731168,SRP103780,"Howard Y. Chang","May 31, 2018"
GSE97669,"Promoter of lncRNA gene *PVT1* is a tumor suppressor DNA element","Expression profiling by high throughput sequencing;Genome binding/occupancy profiling by high throughput sequencing;Other","Homo sapiens;Mus musculus",267,,"BW;NARROWPEAK;TXT","ftp://ftp.ncbi.nlm.nih.gov/geo/series/GSE97nnn/GSE97669/suppl",29731168,,"Howard Y. Chang","May 31, 2018"
GSE97980,"Impaired locomotor behavior of C. elegans neuroligin mutants is dependent of the catechol-O-methyltransferase COMT-4","Expression profiling by high throughput sequencing","Caenorhabditis elegans",4,,"XLSX;SRA Run Selector","ftp://ftp.ncbi.nlm.nih.gov/geo/series/GSE97nnn/GSE97980/suppl;https://www.ncbi.nlm.nih.gov/Traces/study/?acc=PRJNA383561",28879499,SRP104288,"Manuel Ruiz-Rubio","May 31, 2018"
GSE98444,"Replication origin mapping in cdc25-22 and cdc25-22 rad3∆ in S. pombe","Other","Schizosaccharomyces pombe",12,,"TXT","ftp://ftp.ncbi.nlm.nih.gov/geo/series/GSE98nnn/GSE98444/suppl",29934426,,"Pei-Yun Jenny Wu","May 31, 2018"
GSE98445,"Replication origin mapping in nda3-km311 and  nda3-km311 rad3∆ in S. pombe","Other","Schizosaccharomyces pombe",8,,"TXT","ftp://ftp.ncbi.nlm.nih.gov/geo/series/GSE98nnn/GSE98445/suppl",29934426,,"Pei-Yun Jenny Wu","May 31, 2018"
GSE98446,"Replication origin mapping in cdc25-22 rif1∆ and  cdc25-22 rif1∆rad3∆ in S. pombe","Other","Schizosaccharomyces pombe",12,,"TXT","ftp://ftp.ncbi.nlm.nih.gov/geo/series/GSE98nnn/GSE98446/suppl",29934426,,"Pei-Yun Jenny Wu","May 31, 2018"
GSE98447,"ChIP-on-chip of RPA (Ssb1) in cdc25-22 and cdc25-22 rad3∆ in S. pombe","Genome binding/occupancy profiling by genome tiling array","Schizosaccharomyces pombe",6,,"TXT","ftp://ftp.ncbi.nlm.nih.gov/geo/series/GSE98nnn/GSE98447/suppl",29934426,,"Pei-Yun Jenny Wu","May 31, 2018"
GSE98449,"ChIP-on-chip Rad52 in cdc25-22 and  cdc25-22 rad3∆ in Schizosaccharomyces pombe","Genome binding/occupancy profiling by genome tiling array","Schizosaccharomyces pombe",6,,"TXT","ftp://ftp.ncbi.nlm.nih.gov/geo/series/GSE98nnn/GSE98449/suppl",29934426,,"Pei-Yun Jenny Wu","May 31, 2018"
GSE98450,"ChIP-on-chip Rad52 in cdc25-22 rif1∆ and cdc25-22 rif1∆rad3∆ in S. pombe","Genome binding/occupancy profiling by genome tiling array","Schizosaccharomyces pombe",4,,"TXT","ftp://ftp.ncbi.nlm.nih.gov/geo/series/GSE98nnn/GSE98450/suppl",29934426,,"Pei-Yun Jenny Wu","May 31, 2018"
GSE98462,"Genome-wide profiles of replication initiation, single-stranded DNA accumulation, and Rad52 binding in cells exposed to replication stress","Other;Genome binding/occupancy profiling by genome tiling array;Genome variation profiling by array","Schizosaccharomyces pombe",72,,"TXT","ftp://ftp.ncbi.nlm.nih.gov/geo/series/GSE98nnn/GSE98462/suppl",29934426,,"Pei-Yun Jenny Wu","May 31, 2018"
GSE98699,"NFkB signaling and ISGylation associated with BRCA1-mutated fallopian tube epithelium","Expression profiling by array","Homo sapiens",72,,"TXT","ftp://ftp.ncbi.nlm.nih.gov/geo/series/GSE98nnn/GSE98699/suppl",29852322,,"carl virtanen","May 31, 2018"
GSE98958,"RNA-sequencing of GmWRKY54 over-expression and null plants","Expression profiling by high throughput sequencing","Glycine max",16,,"XLSX;SRA Run Selector","ftp://ftp.ncbi.nlm.nih.gov/geo/series/GSE98nnn/GSE98958/suppl;https://www.ncbi.nlm.nih.gov/Traces/study/?acc=PRJNA386934",,SRP107212,"Wei Wei","May 31, 2018"
GSE99378,"Diverse AR-V7 cistromes in castration-resistant prostate cancer are governed by HoxB13","Expression profiling by high throughput sequencing;Genome binding/occupancy profiling by high throughput sequencing","Homo sapiens",40,,"BEDGRAPH;BW;TXT;SRA Run Selector","ftp://ftp.ncbi.nlm.nih.gov/geo/series/GSE99nnn/GSE99378/suppl;https://www.ncbi.nlm.nih.gov/Traces/study/?acc=PRJNA388315",29844167,SRP108215,"Zhong Chen","May 31, 2018"
GSE99522,"The effect of Tmem135 overexpression on the mouse heart","Expression profiling by high throughput sequencing","Mus musculus",6,,"DIFF;SRA Run Selector","ftp://ftp.ncbi.nlm.nih.gov/geo/series/GSE99nnn/GSE99522/suppl;https://www.ncbi.nlm.nih.gov/Traces/study/?acc=PRJNA388697",30102730,SRP108382,"Akihiro Ikeda","May 31, 2018"
GSE99675,"CDK4/6 inhibitor resistance in prostate cancer","Expression profiling by high throughput sequencing","Homo sapiens",30,,"TXT;SRA Run Selector","ftp://ftp.ncbi.nlm.nih.gov/geo/series/GSE99nnn/GSE99675/suppl;https://www.ncbi.nlm.nih.gov/Traces/study/?acc=PRJNA389297",29739788,SRP108624,"Gary Hardiman","May 31, 2018"
GSE99789,"Bidirectional regulation of adenosine-to-inosine (A-to-I) RNA editing by DEAH box helicase 9 (DHX9) in cancer","Other","Homo sapiens",3,,"TXT;SRA Run Selector","ftp://ftp.ncbi.nlm.nih.gov/geo/series/GSE99nnn/GSE99789/suppl;https://www.ncbi.nlm.nih.gov/Traces/study/?acc=PRJNA389597",29796672,SRP108783,"Polly Leilei Chen","May 31, 2018"
GSE100100,"A data mining paradigm for identifying key factors in biological processes using gene expression data","Expression profiling by high throughput sequencing","Mus musculus",12,,"TXT;SRA Run Selector","ftp://ftp.ncbi.nlm.nih.gov/geo/series/GSE100nnn/GSE100100/suppl;https://www.ncbi.nlm.nih.gov/Traces/study/?acc=PRJNA390718",29899432,SRP109348,"Maria I. Morasso","May 31, 2018"
GSE100623,"SET-9 and SET-26, the C. elegans homologs of human MLL5, are critical for germline development and longevity","Expression profiling by high throughput sequencing;Genome binding/occupancy profiling by high throughput sequencing","Caenorhabditis elegans",24,,"BEDGRAPH;TXT;SRA Run Selector","ftp://ftp.ncbi.nlm.nih.gov/geo/series/GSE100nnn/GSE100623/suppl;https://www.ncbi.nlm.nih.gov/Traces/study/?acc=PRJNA392315",29714684,SRP110703,"Siu Sylvia Lee","May 31, 2018"
GSE100676,"Transcriptome sequencing of human coronary artery smooth muscle cell under treatment of nitrated fatty acid","Expression profiling by high throughput sequencing","Homo sapiens",12,,"TXT;SRA Run Selector","ftp://ftp.ncbi.nlm.nih.gov/geo/series/GSE100nnn/GSE100676/suppl;https://www.ncbi.nlm.nih.gov/Traces/study/?acc=PRJNA392590",29473818,SRP110792,"Shengdi Li","May 31, 2018"
GSE101921,"Distinct roles of cohesin-SA1 and cohesin-SA2 in 3D chromosome organization ","Expression profiling by high throughput sequencing;Genome binding/occupancy profiling by high throughput sequencing;Other","Homo sapiens",45,,"BW;TXT;SRA Run Selector","ftp://ftp.ncbi.nlm.nih.gov/geo/series/GSE101nnn/GSE101921/suppl;https://www.ncbi.nlm.nih.gov/Traces/study/?acc=PRJNA395931",29867216,SRP113633,"Ana Losada","May 31, 2018"
GSE102124,"Gene expression profiling of treated and untreated primary prostate cancer","Expression profiling by array","Homo sapiens",22,,"CEL","ftp://ftp.ncbi.nlm.nih.gov/geo/series/GSE102nnn/GSE102124/suppl",29921690,,"Adam Sowalsky","May 31, 2018"
GSE102533,"Genome wide transcriptome analysis of Jak2 KD persistent murine Eμ-Crlf2/Jak2R683G B-ALL cells","Expression profiling by high throughput sequencing","Mus musculus",9,,"CSV;SRA Run Selector","ftp://ftp.ncbi.nlm.nih.gov/geo/series/GSE102nnn/GSE102533/suppl;https://www.ncbi.nlm.nih.gov/Traces/study/?acc=PRJNA397985",29907650,SRP115269,"SANGKYU KIM","May 31, 2018"
GSE102534,"Comparative gene expression profiling of MHH-CALL4 cells subject to pharmacological JAK2 inhibitor treatment (ruxolitinib or CHZ868) or shRNA-mediated JAK2 depletion in vitro","Expression profiling by high throughput sequencing","Homo sapiens",12,,"CSV;SRA Run Selector","ftp://ftp.ncbi.nlm.nih.gov/geo/series/GSE102nnn/GSE102534/suppl;https://www.ncbi.nlm.nih.gov/Traces/study/?acc=PRJNA397984",29907650,SRP115270,"SANGKYU KIM","May 31, 2018"
GSE102535,"JAK2 is dispensable for maintenance of JAK2 mutant B-cell acute lymphoblastic leukemias","Expression profiling by high throughput sequencing","Homo sapiens;Mus musculus",21,,,,29907650,,"SANGKYU KIM","May 31, 2018"
GSE102612,"Protective effects of INSL6 on heart failure","Expression profiling by array","Mus musculus",3,,"CEL","ftp://ftp.ncbi.nlm.nih.gov/geo/series/GSE102nnn/GSE102612/suppl",29887522,,"Chia-Ling Wu","May 31, 2018"
GSE102956,"APOE4 Causes Widespread Molecular and Cellular Alterations Associated with Alzheimer's Disease Phenotypes in Human iPSC-Derived Brain Cell Types","Expression profiling by high throughput sequencing","Homo sapiens",26,,"TXT;SRA Run Selector","ftp://ftp.ncbi.nlm.nih.gov/geo/series/GSE102nnn/GSE102956/suppl;https://www.ncbi.nlm.nih.gov/Traces/study/?acc=PRJNA399530",29861287,SRP115959,"Li-Huei Tsai","May 31, 2018"
GSE103250,"miR-200b is associated with cisplatin sensitivity in bladder cancer cells","Expression profiling by array","Homo sapiens",8,,"TXT","ftp://ftp.ncbi.nlm.nih.gov/geo/series/GSE103nnn/GSE103250/suppl",29849953,,"Hiromu Suzuki","May 31, 2018"
GSE104028,"Analysis of the translational landscape of Arabidopsis mitochondria","Expression profiling by high throughput sequencing","Arabidopsis thaliana",8,,"TXT;SRA Run Selector","ftp://ftp.ncbi.nlm.nih.gov/geo/series/GSE104nnn/GSE104028/suppl;https://www.ncbi.nlm.nih.gov/Traces/study/?acc=PRJNA407986",,SRP118154,"Pierre Bertin","May 31, 2018"
GSE104121,"Radiation-induced molecular alterations after whole body irradiation in a mouse model","Expression profiling by array","Mus musculus",48,,"TXT","ftp://ftp.ncbi.nlm.nih.gov/geo/series/GSE104nnn/GSE104121/suppl",29309266,,"Michael Falduto","May 31, 2018"
GSE104152,"Quantitative proteomic characterization and comparison of T helper 17 and iTreg cells","Expression profiling by high throughput sequencing","Mus musculus",12,,"TXT;SRA Run Selector","ftp://ftp.ncbi.nlm.nih.gov/geo/series/GSE104nnn/GSE104152/suppl;https://www.ncbi.nlm.nih.gov/Traces/study/?acc=PRJNA411825",29851958,SRP118695,"Imran Ahammad Mohammad","May 31, 2018"
GSE104372,"Transcription Factors Dlx1 and Otp Segregate the Identity of Orexigenic/Anti-thermogenic- and Growth Promoting-Neurons in the Arcuate Nucleus","Genome binding/occupancy profiling by high throughput sequencing","Mus musculus",2,,"BW;SRA Run Selector","ftp://ftp.ncbi.nlm.nih.gov/geo/series/GSE104nnn/GSE104372/suppl;https://www.ncbi.nlm.nih.gov/Traces/study/?acc=PRJNA412464",29795232,SRP119043,"JANGHYUN KIM","May 31, 2018"
GSE104524,"mRNA sequencing  of WT and dpl2∆ cells in conjugation 3, 4, 5, 6 and 7 (C3, C4, C5, C6 and C7) hours of Tetrahymena thermophila","Expression profiling by high throughput sequencing","Tetrahymena thermophila",10,,"TXT;SRA Run Selector","ftp://ftp.ncbi.nlm.nih.gov/geo/series/GSE104nnn/GSE104524/suppl;https://www.ncbi.nlm.nih.gov/Traces/study/?acc=PRJNA412921",29417875,SRP119275,"Wei Miao","May 31, 2018"
GSE104848,"RNA-Seq analysis of localization along animal-vegetal axis of Xenopus laevis","Expression profiling by high throughput sequencing","Xenopus laevis",15,,"TXT;SRA Run Selector","ftp://ftp.ncbi.nlm.nih.gov/geo/series/GSE104nnn/GSE104848/suppl;https://www.ncbi.nlm.nih.gov/Traces/study/?acc=PRJNA413987",29844480,SRP119791,"Radek Šindelka","May 31, 2018"
GSE105776,"In situ Hi-C profiles of human CD4+ T cells, CD8+ T cells and B cells","Other","Homo sapiens",6,,"BED;MTX;SRA Run Selector","ftp://ftp.ncbi.nlm.nih.gov/geo/series/GSE105nnn/GSE105776/suppl;https://www.ncbi.nlm.nih.gov/Traces/study/?acc=PRJNA415381",29883495,SRP120957,"Gordon K Smyth","May 31, 2018"
GSE105906,"Comparative transcriptome analysis of murine macrophages infected with Brucella suis vaccine strain S2 and the virulent Brucella suis strain 1330","Expression profiling by high throughput sequencing","Mus musculus",6,,"TXT;SRA Run Selector","ftp://ftp.ncbi.nlm.nih.gov/geo/series/GSE105nnn/GSE105906/suppl;https://www.ncbi.nlm.nih.gov/Traces/study/?acc=PRJNA415479",,SRP121014,"Hui Jiang","May 31, 2018"
GSE105918,"In situ Hi-C profiles of mouse CD4+ T cells, CD8+ T cells and B cells","Other","Mus musculus",6,,"BED;MTX;SRA Run Selector","ftp://ftp.ncbi.nlm.nih.gov/geo/series/GSE105nnn/GSE105918/suppl;https://www.ncbi.nlm.nih.gov/Traces/study/?acc=PRJNA415483",29883495,SRP121021,"Gordon K Smyth","May 31, 2018"
GSE106145,"Next Generation Sequencing for Chromatin accessbility by ATAC-seq for HeLa cell line","Genome binding/occupancy profiling by high throughput sequencing","Homo sapiens",2,,"NARROWPEAK;SRA Run Selector","ftp://ftp.ncbi.nlm.nih.gov/geo/series/GSE106nnn/GSE106145/suppl;https://www.ncbi.nlm.nih.gov/Traces/study/?acc=PRJNA415727",29731168,SRP121433,"Howard Y. Chang","May 31, 2018"
GSE106153,"Next Generation Sequencing Facilitates Quantitative Analysis of chromatin conformational interaction between MYC and PVT1 in MCF7","Other","Homo sapiens",16,,"TXT;SRA Run Selector","ftp://ftp.ncbi.nlm.nih.gov/geo/series/GSE106nnn/GSE106153/suppl;https://www.ncbi.nlm.nih.gov/Traces/study/?acc=PRJNA415772",29731168,SRP121457,"Howard Y. Chang","May 31, 2018"
GSE106176,"The allelic  difference of histone modifications at Pvt1 locus during the differentiation from mESC to mNPC","Genome binding/occupancy profiling by high throughput sequencing","Mus musculus",6,,"BW;SRA Run Selector","ftp://ftp.ncbi.nlm.nih.gov/geo/series/GSE106nnn/GSE106176/suppl;https://www.ncbi.nlm.nih.gov/Traces/study/?acc=PRJNA415814",29731168,SRP121483,"Howard Y. Chang","May 31, 2018"
GSE106190,"Next Generation Sequencing Facilitates Quantitative Analysis of PVT1 mutant alleles have distinct growth advantage which was introduced by CRISPR in MDA-MB-231 human breast cancer cell line","Other","Homo sapiens",4,,"TXT;SRA Run Selector","ftp://ftp.ncbi.nlm.nih.gov/geo/series/GSE106nnn/GSE106190/suppl;https://www.ncbi.nlm.nih.gov/Traces/study/?acc=PRJNA415841",29731168,SRP121493,"Howard Y. Chang","May 31, 2018"
GSE106194,"Allele specific expression showing the cis-regulation of  Pvt1 and Myc  in mouse","Expression profiling by high throughput sequencing","Mus musculus",8,,"BW;SRA Run Selector","ftp://ftp.ncbi.nlm.nih.gov/geo/series/GSE106nnn/GSE106194/suppl;https://www.ncbi.nlm.nih.gov/Traces/study/?acc=PRJNA415858",29731168,SRP121514,"Howard Y. Chang","May 31, 2018"
GSE106197,"Next Generation Sequencing Facilitates Quantitative Analysis of  allele specific transcription of PVT1 and MYC in mouse nueronal progenitor clonal cells","Expression profiling by high throughput sequencing","Mus musculus",108,,"TXT;SRA Run Selector","ftp://ftp.ncbi.nlm.nih.gov/geo/series/GSE106nnn/GSE106197/suppl;https://www.ncbi.nlm.nih.gov/Traces/study/?acc=PRJNA415860",29731168,SRP121515,"Howard Y. Chang","May 31, 2018"
GSE106245,"Human embryonic stem cell, chimpanzee induced pluripotent stem cell, orangutan induced pluripotent stem cell, rhesus embryonic stem cell, and their derived cortical organoid RNA-seq","Expression profiling by high throughput sequencing","Homo sapiens;Macaca mulatta;Pan troglodytes;Pongo abelii",55,,"GTF;TAR;TSV;TXT;SRA Run Selector","ftp://ftp.ncbi.nlm.nih.gov/geo/series/GSE106nnn/GSE106245/suppl;https://www.ncbi.nlm.nih.gov/Traces/study/?acc=PRJNA415990",29856954;30639214,SRP121791,"Andrew Ryan Field","May 31, 2018"
GSE106279,"Influenza virus facilitates its infectivity by activating p53 to inhibit the expression of interferon-induced transmembrane proteins (IFITMs)","Expression profiling by array","Homo sapiens",12,,"CEL;CHP","ftp://ftp.ncbi.nlm.nih.gov/geo/series/GSE106nnn/GSE106279/suppl",29904383,,"jinmiao chen","May 31, 2018"
GSE106460,"Expression data from AMPKalpha1/2-double knockout murine embryonic fibroblasts stimulated or not with AICAR","Expression profiling by array","Mus musculus",20,,"CEL;CHP","ftp://ftp.ncbi.nlm.nih.gov/geo/series/GSE106nnn/GSE106460/suppl",29730476,,"Michel Moenner","May 31, 2018"
GSE106574,"Light and G Protein Coordinate Regulation of Arabidopsis Photomorphogensis","Expression profiling by high throughput sequencing","Arabidopsis thaliana",8,,"TXT;SRA Run Selector","ftp://ftp.ncbi.nlm.nih.gov/geo/series/GSE106nnn/GSE106574/suppl;https://www.ncbi.nlm.nih.gov/Traces/study/?acc=PRJNA417266",30176372,SRP124261,"weiwei Qi","May 31, 2018"
GSE106819,"Effect of everolimus on clear cell renal cell carcinoma (ccRCC) cell lines - parental and stem cells","Expression profiling by array","Homo sapiens",24,,"TXT","ftp://ftp.ncbi.nlm.nih.gov/geo/series/GSE106nnn/GSE106819/suppl",29508215,,"Anna Justyna Kornakiewicz","May 31, 2018"
GSE107097,"ChIP-on-chip of RPA (Ssb1) in cdc25-22 and  cdc25-22 rad3∆ in Schizosaccharomyces pombe","Other","Schizosaccharomyces pombe",6,,"TXT","ftp://ftp.ncbi.nlm.nih.gov/geo/series/GSE107nnn/GSE107097/suppl",29934426,,"Pei-Yun Jenny Wu","May 31, 2018"
GSE107098,"ChIP-on-chip Rad52 in unperturbed S phase (no HU treatment)","Other","Schizosaccharomyces pombe",8,,"TXT","ftp://ftp.ncbi.nlm.nih.gov/geo/series/GSE107nnn/GSE107098/suppl",29934426,,"Pei-Yun Jenny Wu","May 31, 2018"
GSE107099,"Detection of a genomic duplication by copy number analysis","Genome variation profiling by array","Schizosaccharomyces pombe",4,,"TXT","ftp://ftp.ncbi.nlm.nih.gov/geo/series/GSE107nnn/GSE107099/suppl",29934426,,"Pei-Yun Jenny Wu","May 31, 2018"
GSE108025,"The SS18-SSX fusion oncoprotein hijacks BAF complex targeting and function to drive synovial sarcoma [ChIP-Seq]","Genome binding/occupancy profiling by high throughput sequencing","Homo sapiens",53,,"BROADPEAK;SRA Run Selector","ftp://ftp.ncbi.nlm.nih.gov/geo/series/GSE108nnn/GSE108025/suppl;https://www.ncbi.nlm.nih.gov/Traces/study/?acc=PRJNA422263",29861296,SRP126661,"Cigall Kadoch","May 31, 2018"
GSE108026,"The SS18-SSX fusion oncoprotein hijacks BAF complex targeting and function to drive synovial sarcoma [RNA-Seq Cell]","Expression profiling by high throughput sequencing","Homo sapiens",42,,"TXT;SRA Run Selector","ftp://ftp.ncbi.nlm.nih.gov/geo/series/GSE108nnn/GSE108026/suppl;https://www.ncbi.nlm.nih.gov/Traces/study/?acc=PRJNA422264",29861296,SRP126663,"Cigall Kadoch","May 31, 2018"
GSE108027,"The SS18-SSX fusion oncoprotein hijacks BAF complex targeting and function to drive synovial sarcoma [RNA-Seq Tumor]","Expression profiling by high throughput sequencing","Homo sapiens",19,,"TXT;SRA Run Selector","ftp://ftp.ncbi.nlm.nih.gov/geo/series/GSE108nnn/GSE108027/suppl;https://www.ncbi.nlm.nih.gov/Traces/study/?acc=PRJNA422265",29861296,SRP126664,"Cigall Kadoch","May 31, 2018"
GSE108028,"The SS18-SSX fusion oncoprotein hijacks BAF complex targeting and function to drive synovial sarcoma","Expression profiling by high throughput sequencing;Genome binding/occupancy profiling by high throughput sequencing","Homo sapiens",124,,"BROADPEAK;BW;TXT","ftp://ftp.ncbi.nlm.nih.gov/geo/series/GSE108nnn/GSE108028/suppl",29861296,,"Cigall Kadoch","May 31, 2018"
GSE108848,"SET-9 and SET-26 are H3K4me3 readers and play critical roles in germline development and longevity","Expression profiling by high throughput sequencing;Genome binding/occupancy profiling by high throughput sequencing","Caenorhabditis elegans",32,,"BEDGRAPH;XLSX;SRA Run Selector","ftp://ftp.ncbi.nlm.nih.gov/geo/series/GSE108nnn/GSE108848/suppl;https://www.ncbi.nlm.nih.gov/Traces/study/?acc=PRJNA428937",29714684,SRP130946,"Siu Sylvia Lee","May 31, 2018"
GSE109539,"Cell Type-specific Analysis of Transcriptome Changes in the Porcine Endometrium on Day 12 of Pregnancy","Expression profiling by high throughput sequencing","Sus scrofa",22,,"TXT;XLSX;SRA Run Selector","ftp://ftp.ncbi.nlm.nih.gov/geo/series/GSE109nnn/GSE109539/suppl;https://www.ncbi.nlm.nih.gov/Traces/study/?acc=PRJNA431357",29898663,SRP131297,"Stefan Michael Bauersachs","May 31, 2018"
GSE109931,"Gene expression profiling allows the identification of pathways involved in seeds development of Jatropha curcas","Expression profiling by array","Jatropha curcas",31,,"TXT","ftp://ftp.ncbi.nlm.nih.gov/geo/series/GSE109nnn/GSE109931/suppl",,,"Klemens Vierlinger","May 31, 2018"
GSE110242,"Early cell death induced by Clostridium difficile TcdB","Expression profiling by array","Homo sapiens",4,,"TXT","ftp://ftp.ncbi.nlm.nih.gov/geo/series/GSE110nnn/GSE110242/suppl",29904993,,"Ralf Gerhard","May 31, 2018"
GSE112857,"Expression data from GT1-7 cells after treatment with GnRH","Expression profiling by array","Mus musculus",2,,"TXT","ftp://ftp.ncbi.nlm.nih.gov/geo/series/GSE112nnn/GSE112857/suppl",29899190,,"Sayomi Higa-Nakamine","May 31, 2018"
GSE112879,"Differences in molecular expression in cases of non-viable ectopic and intrauterine pregnancies","Expression profiling by array","Homo sapiens",17,,"CEL","ftp://ftp.ncbi.nlm.nih.gov/geo/series/GSE112nnn/GSE112879/suppl",,,"Nicole Ortogero","May 31, 2018"
GSE113097,"Systems analysis of phosphate-limitation induced lipid accumulation by the oleaginous yeast Rhodosporidium toruloides","Expression profiling by high throughput sequencing","Rhodotorula toruloides",2,,"TXT;SRA Run Selector","ftp://ftp.ncbi.nlm.nih.gov/geo/series/GSE113nnn/GSE113097/suppl;https://www.ncbi.nlm.nih.gov/Traces/study/?acc=PRJNA450010",,SRP139909,"Wang Ya nan","May 31, 2018"
GSE113559,"ChIP-on-chip Rad52 in early S phase (time 60min)","Other","Schizosaccharomyces pombe",6,,"TXT","ftp://ftp.ncbi.nlm.nih.gov/geo/series/GSE113nnn/GSE113559/suppl",29934426,,"Pei-Yun Jenny Wu","May 31, 2018"
GSE113979,"A central extended amygdala circuit that modulates anxiety","Expression profiling by high throughput sequencing;Other","Mus musculus",14,,"TXT;SRA Run Selector","ftp://ftp.ncbi.nlm.nih.gov/geo/series/GSE113nnn/GSE113979/suppl;https://www.ncbi.nlm.nih.gov/Traces/study/?acc=PRJNA454720",29844022,SRP144385,"Jessica Tollkuhn","May 31, 2018"
GSE114065,"Transcriptomes from naïve CD4+ T-cells from infants and children with and without food allergy [RNA-seq]","Expression profiling by high throughput sequencing","Homo sapiens",137,,"TXT;SRA Run Selector","ftp://ftp.ncbi.nlm.nih.gov/geo/series/GSE114nnn/GSE114065/suppl;https://www.ncbi.nlm.nih.gov/Traces/study/?acc=PRJNA464049",30120223,SRP144647,"David Martino","May 31, 2018"
GSE114134,"Methylomes from naïve CD4+ T-cells from infants and children with and without food allergy [methylation]","Methylation profiling by array","Homo sapiens",205,,"CSV","ftp://ftp.ncbi.nlm.nih.gov/geo/series/GSE114nnn/GSE114134/suppl",30120223,,"David Martino","May 31, 2018"
GSE114135,"Transcriptomes and methylomes from naïve CD4+ T-cells from infants and children with and without food allergy","Expression profiling by high throughput sequencing;Methylation profiling by array","Homo sapiens",342,,,,30120223,,"David Martino","May 31, 2018"
GSE114466,"Transcriptional profile from peripheral blood in patients infected with avian influenza H7N9 virus","Expression profiling by array","Homo sapiens",42,,"CEL","ftp://ftp.ncbi.nlm.nih.gov/geo/series/GSE114nnn/GSE114466/suppl",29846612,,"Nicholas Wu","May 31, 2018"
GSE114487,"The SS18-SSX fusion oncoprotein hijacks BAF complex targeting and function to drive synovial sarcoma [ATAC-seq]","Genome binding/occupancy profiling by high throughput sequencing","Homo sapiens",10,,"BW;SRA Run Selector","ftp://ftp.ncbi.nlm.nih.gov/geo/series/GSE114nnn/GSE114487/suppl;https://www.ncbi.nlm.nih.gov/Traces/study/?acc=PRJNA471528",29861296,SRP146241,"Cigall Kadoch","May 31, 2018"
GSE115066,"RNA-seq Analysis of the stem of Wild Type and HDT1 Transcriptomes","Expression profiling by high throughput sequencing","Arabidopsis thaliana",2,,"TXT;SRA Run Selector","ftp://ftp.ncbi.nlm.nih.gov/geo/series/GSE115nnn/GSE115066/suppl;https://www.ncbi.nlm.nih.gov/Traces/study/?acc=PRJNA473640",,SRP149308,"zhang yong zhuo","May 31, 2018"
GSE115069,"The miRNA expression patterns in WSN-infected A549 cells at various time points post-infection.","Non-coding RNA profiling by array","Homo sapiens",4,,"TXT","ftp://ftp.ncbi.nlm.nih.gov/geo/series/GSE115nnn/GSE115069/suppl",,,"Sheng-Yu Huang","May 31, 2018"
GSE115070,"Studying the genetic heterogeneity in mouse dopamine neurons","Expression profiling by high throughput sequencing","Mus musculus",384,,"RDA;RDATA;TXT;SRA Run Selector","ftp://ftp.ncbi.nlm.nih.gov/geo/series/GSE115nnn/GSE115070/suppl;https://www.ncbi.nlm.nih.gov/Traces/study/?acc=PRJNA473654",,SRP149311,"Daniel J Kramer","May 31, 2018"
GSE115082,"MITE insertion-dependent expression of CitRKD1 with a RWP-RK domain regulates somatic embryogenesis in citrus nucellar tissues","Expression profiling by array","(Citrus unshiu x Citrus sinensis) x Citrus reticulata;Citrus;Citrus unshiu x Citrus sinensis",8,,"TXT","ftp://ftp.ncbi.nlm.nih.gov/geo/series/GSE115nnn/GSE115082/suppl",30103701,,"Hiroshi Fujii","May 31, 2018"
GSE115097,"Effect of nuclear IL-33 on gene expression","Expression profiling by high throughput sequencing","Homo sapiens",18,,"CSV;SRA Run Selector","ftp://ftp.ncbi.nlm.nih.gov/geo/series/GSE115nnn/GSE115097/suppl;https://www.ncbi.nlm.nih.gov/Traces/study/?acc=PRJNA473789",30108214,SRP149350,"Mark Rochman","May 31, 2018"
GSE115099,"Transcriptome sequencing of differentially expressed genes in acne inversa (AI) patients with NCSTN mutation and healthy individuals","Expression profiling by high throughput sequencing","Homo sapiens",8,,"TXT;SRA Run Selector","ftp://ftp.ncbi.nlm.nih.gov/geo/series/GSE115nnn/GSE115099/suppl;https://www.ncbi.nlm.nih.gov/Traces/study/?acc=PRJNA473795",,SRP149349,"Yanyan He","May 31, 2018"
GSE115100,"Transcriptome sequencing of differentially expressed genes of the skin tissue of Ncstn ΔKC mice and normal mice","Expression profiling by high throughput sequencing","Mus musculus",8,,"TXT;SRA Run Selector","ftp://ftp.ncbi.nlm.nih.gov/geo/series/GSE115nnn/GSE115100/suppl;https://www.ncbi.nlm.nih.gov/Traces/study/?acc=PRJNA473793",,SRP149348,"Yanyan He","May 31, 2018"
GSE115101,"Transcriptome sequencing of differentially expressed genes in mouse and human skin with and without NCSTN mutation","Expression profiling by high throughput sequencing","Homo sapiens;Mus musculus",16,,,,,,"Yanyan He","May 31, 2018"
GSE115107,"Transforming the Spleen into a Functioning Liver In Vivo","Expression profiling by array","Mus musculus",8,,"TXT","ftp://ftp.ncbi.nlm.nih.gov/geo/series/GSE115nnn/GSE115107/suppl",,,"Wang Lintao","May 31, 2018"
GSE115125,"Single cell transcriptomic analysis (InDrops) of mouse FoxP3+ regulatory CD4+ T cells isolated from spleen and muscle after injury","Expression profiling by high throughput sequencing","Mus musculus",1627,,"TXT;SRA Run Selector","ftp://ftp.ncbi.nlm.nih.gov/geo/series/GSE115nnn/GSE115125/suppl;https://www.ncbi.nlm.nih.gov/Traces/study/?acc=PRJNA473838",29434354,SRP149376,"CBDM Lab","May 31, 2018"
GSE115133,"microRNA data in human EGFR positive versus  EGFR negative colorectal cancer tissues","Non-coding RNA profiling by array","Homo sapiens",4,,"GPR","ftp://ftp.ncbi.nlm.nih.gov/geo/series/GSE115nnn/GSE115133/suppl",,,"Feng Yu Zhu","May 31, 2018"
GSE115166,"Predicting Neuroblastoma Using Developmental Signals and a Logic-Based Model","Expression profiling by high throughput sequencing","Homo sapiens",3,,"TXT;SRA Run Selector","ftp://ftp.ncbi.nlm.nih.gov/geo/series/GSE115nnn/GSE115166/suppl;https://www.ncbi.nlm.nih.gov/Traces/study/?acc=PRJNA473995",29734136,SRP149447,"Madelaine Gogol","May 31, 2018"
GSE71947,"Pioneer transcription factor FoxA maintains an open nucleosome configuration for tissue-specific gene activation [MNase-Seq]","Genome binding/occupancy profiling by high throughput sequencing","Mus musculus",24,,"BW;SRA Run Selector","ftp://ftp.ncbi.nlm.nih.gov/geo/series/GSE71nnn/GSE71947/suppl;https://www.ncbi.nlm.nih.gov/Traces/study/?acc=PRJNA292552",27058788,SRP062277,"Gregory Donahue","May 30, 2018"
GSE76517,"Transcriptome responses to selection for tame/aggressive behaviors in silver foxes (Vulpes vulpes)","Expression profiling by high throughput sequencing","Vulpes vulpes",48,,"TXT;SRA Run Selector","ftp://ftp.ncbi.nlm.nih.gov/geo/series/GSE76nnn/GSE76517/suppl;https://www.ncbi.nlm.nih.gov/Traces/study/?acc=PRJNA307604",30228118,SRP068062,"Andrew Clark","May 30, 2018"
GSE81291,"Comparison of gene expression in macrophages tolerised by different toll-like receptor ligands","Expression profiling by array","Mus musculus",27,,"TXT","ftp://ftp.ncbi.nlm.nih.gov/geo/series/GSE81nnn/GSE81291/suppl",29867935,,"Othmar Korn","May 30, 2018"
GSE85411,"Gene expression in alveolar macrophages between bleomycin–treated wild-type and S1pr2-/- mice.","Expression profiling by array","Mus musculus",4,,"TXT","ftp://ftp.ncbi.nlm.nih.gov/geo/series/GSE85nnn/GSE85411/suppl",29782549,,"Takumi Nishiuchi","May 30, 2018"
GSE85651,"Genome-wide mapping of the Arabidopsis thaliana heat shock transcription factor A1b binding sites under non-stress and heat stress conditions [ChIP-seq]","Genome binding/occupancy profiling by high throughput sequencing","Arabidopsis thaliana",16,,"BED;NARROWPEAK;XLS;SRA Run Selector","ftp://ftp.ncbi.nlm.nih.gov/geo/series/GSE85nnn/GSE85651/suppl;https://www.ncbi.nlm.nih.gov/Traces/study/?acc=PRJNA339000",29697803,SRP082176,"Philip M Mullineaux","May 30, 2018"
GSE85653,"Genome-wide mapping of the Arabidopsis thaliana heat shock transcription factor A1b binding sites under non-stress and heat stress conditions [RNA-seq]","Expression profiling by high throughput sequencing","Arabidopsis thaliana",12,,"DIFF;TXT;SRA Run Selector","ftp://ftp.ncbi.nlm.nih.gov/geo/series/GSE85nnn/GSE85653/suppl;https://www.ncbi.nlm.nih.gov/Traces/study/?acc=PRJNA339001",29697803,SRP082177,"Philip M Mullineaux","May 30, 2018"
GSE85655,"Genome-wide mapping of the Arabidopsis thaliana heat shock transcription factor A1b binding sites under non-stress and heat stress conditions","Expression profiling by high throughput sequencing;Genome binding/occupancy profiling by high throughput sequencing","Arabidopsis thaliana",28,,,,29697803,,"Philip M Mullineaux","May 30, 2018"
GSE89568,"Genome-wide gene-expression profile of mouse intestinal stem cells","Expression profiling by high throughput sequencing","Mus musculus",2,,"TXT;SRA Run Selector","ftp://ftp.ncbi.nlm.nih.gov/geo/series/GSE89nnn/GSE89568/suppl;https://www.ncbi.nlm.nih.gov/Traces/study/?acc=PRJNA352598",29727683,SRP092637,"Maria M Mihaylova","May 30, 2018"
GSE96534,"Generation of a binary transgenic zebrafish model to study myeloid gene regulation in response to pre-neoplastic melanocytes","Expression profiling by high throughput sequencing","Danio rerio",4,,"TXT;SRA Run Selector","ftp://ftp.ncbi.nlm.nih.gov/geo/series/GSE96nnn/GSE96534/suppl;https://www.ncbi.nlm.nih.gov/Traces/study/?acc=PRJNA378947",29666124,SRP101781,"Tatjana Sauka-Spengler","May 30, 2018"
GSE97364,"Twin-miRs and their many weak targets","Expression profiling by high throughput sequencing;Non-coding RNA profiling by high throughput sequencing","Drosophila melanogaster",9,,"FA;TXT;XLSX;SRA Run Selector","ftp://ftp.ncbi.nlm.nih.gov/geo/series/GSE97nnn/GSE97364/suppl;https://www.ncbi.nlm.nih.gov/Traces/study/?acc=PRJNA381503",29688430,SRP102964,"Yixin Zhao","May 30, 2018"
GSE97848,"Deconstructive SCNT reveals heterogeneity within Treg population [bulk]","Expression profiling by high throughput sequencing","Mus musculus",8,,"TXT;SRA Run Selector","ftp://ftp.ncbi.nlm.nih.gov/geo/series/GSE97nnn/GSE97848/suppl;https://www.ncbi.nlm.nih.gov/Traces/study/?acc=PRJNA383047",,SRP104115,"Oktay Kirak","May 30, 2018"
GSE97849,"Deconstructive SCNT reveals heterogeneity within Treg population [single-cell]","Expression profiling by high throughput sequencing","Mus musculus",1,,"TXT;SRA Run Selector","ftp://ftp.ncbi.nlm.nih.gov/geo/series/GSE97nnn/GSE97849/suppl;https://www.ncbi.nlm.nih.gov/Traces/study/?acc=PRJNA383045",,SRP104114,"Oktay Kirak","May 30, 2018"
GSE97850,"Deconstructive SCNT reveals heterogeneity within Treg population","Expression profiling by high throughput sequencing","Mus musculus",9,,"TXT","ftp://ftp.ncbi.nlm.nih.gov/geo/series/GSE97nnn/GSE97850/suppl",,,"Oktay Kirak","May 30, 2018"
GSE99456,"Expression data from B6-sst1S and B6(WT) mouse bone-marrow derived macrophages","Expression profiling by array","Mus musculus",12,,"CEL","ftp://ftp.ncbi.nlm.nih.gov/geo/series/GSE99nnn/GSE99456/suppl",,,"Microarray & Sequencing Core","May 30, 2018"
GSE99562,"Reprogramming of rabbit induced pluripotent stem cells toward Inner Cell Mass cells and chimeric competency with Krüppel-like factors","Expression profiling by array","Oryctolagus cuniculus",25,,"TXT","ftp://ftp.ncbi.nlm.nih.gov/geo/series/GSE99nnn/GSE99562/suppl",28889080,,"Jouneau Luc","May 30, 2018"
GSE101577,"Targeted mutagenesis recapitulates brain tumor initiation in cerebral organoids (RNA-seq data set: 45d)","Expression profiling by high throughput sequencing","Homo sapiens",26,,"XLSX;SRA Run Selector","ftp://ftp.ncbi.nlm.nih.gov/geo/series/GSE101nnn/GSE101577/suppl;https://www.ncbi.nlm.nih.gov/Traces/study/?acc=PRJNA394872",,SRP112726,"Thomas Rainer Burkard","May 30, 2018"
GSE102947,"SETDB2 links E2A-PBX1 to cell cycle dysregulation in acute leukemia through CDKN2C repression [sequencing]","Expression profiling by high throughput sequencing;Genome binding/occupancy profiling by high throughput sequencing","Homo sapiens",22,,"BEDGRAPH;BIGWIG;TXT;SRA Run Selector","ftp://ftp.ncbi.nlm.nih.gov/geo/series/GSE102nnn/GSE102947/suppl;https://www.ncbi.nlm.nih.gov/Traces/study/?acc=PRJNA399516",29694893,SRP115954,"Stephen HK WONG","May 30, 2018"
GSE103196,"Gene expression changes after Ctcfl overexpression in NIH3T3 cells.","Expression profiling by array","Mus musculus",4,,"CEL","ftp://ftp.ncbi.nlm.nih.gov/geo/series/GSE103nnn/GSE103196/suppl",,,"Marek Bartkuhn","May 30, 2018"
GSE103197,"Gene expression changes after Ctcfl overexpression in undifferentiated and differentiated p19 cells.","Expression profiling by array","Mus musculus",4,,"CEL;CHP","ftp://ftp.ncbi.nlm.nih.gov/geo/series/GSE103nnn/GSE103197/suppl",,,"Marek Bartkuhn","May 30, 2018"
GSE103198,"Mapping of CTCF and CTCFL binding sites in 3T3 and p19 cells","Genome binding/occupancy profiling by high throughput sequencing","Mus musculus",7,,"BED;BW;SRA Run Selector","ftp://ftp.ncbi.nlm.nih.gov/geo/series/GSE103nnn/GSE103198/suppl;https://www.ncbi.nlm.nih.gov/Traces/study/?acc=PRJNA400480",,SRP116337,"Marek Bartkuhn","May 30, 2018"
GSE103199,"CTCFL","Expression profiling by array;Genome binding/occupancy profiling by high throughput sequencing","Mus musculus",15,,"BED;BW;CEL;CHP","ftp://ftp.ncbi.nlm.nih.gov/geo/series/GSE103nnn/GSE103199/suppl",,,"Marek Bartkuhn","May 30, 2018"
GSE103905,"Transcriptome analysis of adult Klinefelter testis tissue samples compared to controls","Expression profiling by high throughput sequencing","Homo sapiens",22,,"TXT;SRA Run Selector","ftp://ftp.ncbi.nlm.nih.gov/geo/series/GSE103nnn/GSE103905/suppl;https://www.ncbi.nlm.nih.gov/Traces/study/?acc=PRJNA407448",29789566,SRP117733,"Kristian Almstrup","May 30, 2018"
GSE105061,"Gene expression signatures for CD8αβ+ intraepithelial lymphocytes and CD8αβ+ splenocytes.","Expression profiling by array","Mus musculus",4,,"TXT","ftp://ftp.ncbi.nlm.nih.gov/geo/series/GSE105nnn/GSE105061/suppl",,,"Banru Chen","May 30, 2018"
GSE106282,"Gene expression in Blumeria graminis f. sp. hordeii (Bgh) isolate DH14 during plant pathogenesis","Expression profiling by high throughput sequencing","Blumeria graminis f. sp. hordei",2,,"TXT;SRA Run Selector","ftp://ftp.ncbi.nlm.nih.gov/geo/series/GSE106nnn/GSE106282/suppl;https://www.ncbi.nlm.nih.gov/Traces/study/?acc=PRJNA416115",29788921,SRP122514,"Barbara Kracher","May 30, 2018"
GSE106532,"Gene expression of human littoral cells and splenic vascular endothelial cells from the spleens of normal individuals and patients with myelofibrosis","Expression profiling by array","Homo sapiens",12,,"CEL","ftp://ftp.ncbi.nlm.nih.gov/geo/series/GSE106nnn/GSE106532/suppl",29776986,,"Jiajing Qiu","May 30, 2018"
GSE106768,"Transcript changes in rsc mutants compared to wild type by RNA sequencing","Expression profiling by high throughput sequencing","Saccharomyces cerevisiae",10,,"TXT;SRA Run Selector","ftp://ftp.ncbi.nlm.nih.gov/geo/series/GSE106nnn/GSE106768/suppl;https://www.ncbi.nlm.nih.gov/Traces/study/?acc=PRJNA417943",29875260,SRP124775,"Tina Lynn Sing","May 30, 2018"
GSE106864,"Cooperative binding of ApiAP2 transcription factors is crucial for the expression of virulence genes in Toxoplasma gondii. [RNA-seq]","Expression profiling by high throughput sequencing","Toxoplasma gondii",6,,"TXT;SRA Run Selector","ftp://ftp.ncbi.nlm.nih.gov/geo/series/GSE106nnn/GSE106864/suppl;https://www.ncbi.nlm.nih.gov/Traces/study/?acc=PRJNA418282",29788176,SRP124936,"Mathieu Gissot","May 30, 2018"
GSE107984,"The arginine methyltransferase CARM1 represses p300•ACT•CREMt axis and is required for spermiogenesis","Expression profiling by high throughput sequencing","Mus musculus",8,,"TXT;SRA Run Selector","ftp://ftp.ncbi.nlm.nih.gov/geo/series/GSE107nnn/GSE107984/suppl;https://www.ncbi.nlm.nih.gov/Traces/study/?acc=PRJNA422106",29659998,SRP126566,"Jianqiang Bao","May 30, 2018"
GSE108400,"Foxd1 is required for terminal differentiation of anterior hypothalamic neuronal subtypes","Expression profiling by high throughput sequencing","Mus musculus",8,,"TXT;SRA Run Selector","ftp://ftp.ncbi.nlm.nih.gov/geo/series/GSE108nnn/GSE108400/suppl;https://www.ncbi.nlm.nih.gov/Traces/study/?acc=PRJNA427132",29679559,SRP127333,"Jie Wang","May 30, 2018"
GSE109086,"Cooperative binding of ApiAP2 transcription factors is crucial for the expression of virulence genes in Toxoplasma gondii. [ChIP-chip]","Genome binding/occupancy profiling by genome tiling array","Toxoplasma gondii;Toxoplasma gondii ME49",6,,"TXT","ftp://ftp.ncbi.nlm.nih.gov/geo/series/GSE109nnn/GSE109086/suppl",29788176,,"Mathieu Gissot","May 30, 2018"
GSE109087,"Cooperative binding of ApiAP2 transcription factors is crucial for the expression of virulence genes in Toxoplasma gondii.","Expression profiling by high throughput sequencing;Genome binding/occupancy profiling by genome tiling array","Toxoplasma gondii;Toxoplasma gondii ME49",12,,"TXT","ftp://ftp.ncbi.nlm.nih.gov/geo/series/GSE109nnn/GSE109087/suppl",29788176,,"Mathieu Gissot","May 30, 2018"
GSE109842,"Transcriptomes comparisons of Dhh KO, Ihh KO and Dhh/Ihh DKO ovaries","Expression profiling by array","Mus musculus",19,,"CEL;CHP","ftp://ftp.ncbi.nlm.nih.gov/geo/series/GSE109nnn/GSE109842/suppl",29788357,,"NIEHS Microarray Core","May 30, 2018"
GSE110064,"Downregulation of Endothelin Receptor B Contributes to Defective B Cell Lymphopoiesis in Trisomy 21 Pluripotent Cells","Expression profiling by array","Homo sapiens",6,,"CEL","ftp://ftp.ncbi.nlm.nih.gov/geo/series/GSE110nnn/GSE110064/suppl",29789608,,"Jialiang Huang","May 30, 2018"
GSE110610,"Targeted mutagenesis recapitulates brain tumor initiation in cerebral organoids (RNA-seq data set: 130d)","Expression profiling by high throughput sequencing","Homo sapiens",36,,"TSV;SRA Run Selector","ftp://ftp.ncbi.nlm.nih.gov/geo/series/GSE110nnn/GSE110610/suppl;https://www.ncbi.nlm.nih.gov/Traces/study/?acc=PRJNA434108",,SRP132872,"Thomas Rainer Burkard","May 30, 2018"
GSE110611,"Targeted mutagenesis recapitulates brain tumor initiation in cerebral organoids","Expression profiling by high throughput sequencing","Homo sapiens",62,,"TSV","ftp://ftp.ncbi.nlm.nih.gov/geo/series/GSE110nnn/GSE110611/suppl",,,"Thomas Rainer Burkard","May 30, 2018"
GSE110713,"PTHrP overexpression in MCF7 cells","Expression profiling by high throughput sequencing","Homo sapiens",6,,"XLSX;SRA Run Selector","ftp://ftp.ncbi.nlm.nih.gov/geo/series/GSE110nnn/GSE110713/suppl;https://www.ncbi.nlm.nih.gov/Traces/study/?acc=PRJNA434402",29867773,SRP132981,"Rachelle Johnson","May 30, 2018"
GSE110818,"RNA-seq of strains grown under the control of  native galactose regulon or synthetic xylose regulon vs constitutive expression of galactose and xylose metabolic genes","Expression profiling by high throughput sequencing","Saccharomyces cerevisiae",12,,"XLSX;SRA Run Selector","ftp://ftp.ncbi.nlm.nih.gov/geo/series/GSE110nnn/GSE110818/suppl;https://www.ncbi.nlm.nih.gov/Traces/study/?acc=PRJNA434650",29581426,SRP133093,"Nikhil Unni Nair","May 30, 2018"
GSE110987,"Persistent ER stress in maize seedlings engages ZmIRE1 in a multiphasic process that transitions from prosurvival activities to cell death [ATAC-Seq]","Genome binding/occupancy profiling by high throughput sequencing","Zea mays",9,,"BW;TXT;SRA Run Selector","ftp://ftp.ncbi.nlm.nih.gov/geo/series/GSE110nnn/GSE110987/suppl;https://www.ncbi.nlm.nih.gov/Traces/study/?acc=PRJNA435499",29802214,SRP133270,"Andrew J Severin","May 30, 2018"
GSE111001,"Persistent ER stress in maize seedlings engages ZmIRE1 in a multiphasic process that transitions from prosurvival activities to cell death [ChIP-Seq]","Genome binding/occupancy profiling by high throughput sequencing","Zea mays",9,,"BED;NARROWPEAK;TXT;SRA Run Selector","ftp://ftp.ncbi.nlm.nih.gov/geo/series/GSE111nnn/GSE111001/suppl;https://www.ncbi.nlm.nih.gov/Traces/study/?acc=PRJNA435561",29802214,SRP133285,"Andrew J Severin","May 30, 2018"
GSE111250,"Persistent ER stress in maize seedlings engages ZmIRE1 in a multiphasic process that transitions from prosurvival activities to cell death [RNA-Seq]","Expression profiling by high throughput sequencing","Zea mays",48,,"CSV;SRA Run Selector","ftp://ftp.ncbi.nlm.nih.gov/geo/series/GSE111nnn/GSE111250/suppl;https://www.ncbi.nlm.nih.gov/Traces/study/?acc=PRJNA436356",29802214,SRP133667,"Andrew J Severin","May 30, 2018"
GSE111251,"Persistent ER stress in maize seedlings engages ZmIRE1 in a multiphasic process that transitions from prosurvival activities to cell death","Expression profiling by high throughput sequencing;Genome binding/occupancy profiling by high throughput sequencing","Zea mays",66,,"BW","ftp://ftp.ncbi.nlm.nih.gov/geo/series/GSE111nnn/GSE111251/suppl",29802214,,"Andrew J Severin","May 30, 2018"
GSE113087,"Copy number variation in ex vivo P. falciparum from High vs Low transmission areas in east Africa","Genome variation profiling by array","Plasmodium falciparum",183,,"GPR","ftp://ftp.ncbi.nlm.nih.gov/geo/series/GSE113nnn/GSE113087/suppl",29783949,,"Margaret Jane Mackinnon","May 30, 2018"
GSE113194,"A recessive form of hyper-IgE syndrome by disruption of ZNF341-dependent STAT3 transcription and activity","Expression profiling by high throughput sequencing;Genome binding/occupancy profiling by high throughput sequencing","Homo sapiens",11,,"BEDGRAPH;TXT;SRA Run Selector","ftp://ftp.ncbi.nlm.nih.gov/geo/series/GSE113nnn/GSE113194/suppl;https://www.ncbi.nlm.nih.gov/Traces/study/?acc=PRJNA450407",29907691,SRP140531,"Peng Li","May 30, 2018"
GSE113232,"Genome-wide analysis of gene expression upon BMI1 inhibition in human cortical neurons.","Expression profiling by array","Homo sapiens",3,,"TXT","ftp://ftp.ncbi.nlm.nih.gov/geo/series/GSE113nnn/GSE113232/suppl",29847796,,"Gilbert Bernier","May 30, 2018"
GSE114193,"Mouse E14.5 Ret+ mechanoreceptors vs. laser captured spinal cord dorsal column midline cells","Expression profiling by high throughput sequencing","Mus musculus",6,,"XLSX;SRA Run Selector","ftp://ftp.ncbi.nlm.nih.gov/geo/series/GSE114nnn/GSE114193/suppl;https://www.ncbi.nlm.nih.gov/Traces/study/?acc=PRJNA470524",29874580,SRP145003,"Kim Kridsada","May 30, 2018"
GSE114971,"Defining the role of the General Stress Response regulators, SigT and GsrN, in control of the hyperosmotic stress response in Caulobacter crescentus","Expression profiling by high throughput sequencing","Caulobacter vibrioides",31,,"TXT;SRA Run Selector","ftp://ftp.ncbi.nlm.nih.gov/geo/series/GSE114nnn/GSE114971/suppl;https://www.ncbi.nlm.nih.gov/Traces/study/?acc=PRJNA473372",30012732,SRP149104,"Sean Crosson","May 30, 2018"
GSE114983,"Different gene expression between CENPK knockdown and control hepatocellular carcinoma cell line BEL-7404","Expression profiling by array","Homo sapiens",5,,"CEL","ftp://ftp.ncbi.nlm.nih.gov/geo/series/GSE114nnn/GSE114983/suppl",,,"Jianlin Wang","May 30, 2018"
GSE114996,"ATAC-seq reveals GATA-1- and heme-dependent chromatin targeting in erythroid cells.","Genome binding/occupancy profiling by high throughput sequencing","Mus musculus",18,,"BW;SRA Run Selector","ftp://ftp.ncbi.nlm.nih.gov/geo/series/GSE114nnn/GSE114996/suppl;https://www.ncbi.nlm.nih.gov/Traces/study/?acc=PRJNA473494",30122630,SRP149146,"Emery H. Bresnick","May 30, 2018"
GSE115006,"Single-cell RNA-seq analysis of human tonsil dendritic cells","Expression profiling by high throughput sequencing","Homo sapiens",1,,"CSV;TXT;SRA Run Selector","ftp://ftp.ncbi.nlm.nih.gov/geo/series/GSE115nnn/GSE115006/suppl;https://www.ncbi.nlm.nih.gov/Traces/study/?acc=PRJNA473509",29967419,SRP149160,"Elodie Segura","May 30, 2018"
GSE115007,"Single-cell RNA-seq analysis of human tumor ascites dendritic cells and macrophages","Expression profiling by high throughput sequencing","Homo sapiens",2,,"CSV;TXT;SRA Run Selector","ftp://ftp.ncbi.nlm.nih.gov/geo/series/GSE115nnn/GSE115007/suppl;https://www.ncbi.nlm.nih.gov/Traces/study/?acc=PRJNA473508",29967419,SRP149161,"Elodie Segura","May 30, 2018"
GSE115016,"Simultaneous control of non-coding RNA on the G2/M phase of the cell cycle in hepatocellular carcinoma [miRNA]","Non-coding RNA profiling by array","Homo sapiens;synthetic construct",24,,"CEL","ftp://ftp.ncbi.nlm.nih.gov/geo/series/GSE115nnn/GSE115016/suppl",30364632,,"Guangqiang Ye","May 30, 2018"
GSE115018,"Simultaneous control of non-coding RNA on the G2/M phase of the cell cycle in hepatocellular carcinoma [lncRNA and mRNA]","Expression profiling by array;Non-coding RNA profiling by array","Homo sapiens",24,,"TXT","ftp://ftp.ncbi.nlm.nih.gov/geo/series/GSE115nnn/GSE115018/suppl",30364632,,"Guangqiang Ye","May 30, 2018"
GSE115019,"Simultaneous control of non-coding RNA on the G2/M phase of the cell cycle in hepatocellular carcinoma","Expression profiling by array;Non-coding RNA profiling by array","Homo sapiens;synthetic construct",48,,"CEL","ftp://ftp.ncbi.nlm.nih.gov/geo/series/GSE115nnn/GSE115019/suppl",30364632,,"Guangqiang Ye","May 30, 2018"
GSE115029,"Cestode Antigens Block LPS-induced Inflammatory Mediators and Condition Macrophages to Educate Anti-colitic T Cells","Expression profiling by array","Mus musculus",12,,"RCC","ftp://ftp.ncbi.nlm.nih.gov/geo/series/GSE115nnn/GSE115029/suppl",,,"Jose L Reyes","May 30, 2018"
GSE115035,"Real-time quantitative PCR analysis of colon tissues of DSS-induced colitis mice.","Expression profiling by RT-PCR","Mus musculus",6,,"TXT","ftp://ftp.ncbi.nlm.nih.gov/geo/series/GSE115nnn/GSE115035/suppl",30338217,,"Xiaodong Xie","May 30, 2018"
GSE115052,"Primary prostate organoid transcriptomic profile in co-culture with primary prostate stroma","Expression profiling by array","Homo sapiens",13,,"CEL","ftp://ftp.ncbi.nlm.nih.gov/geo/series/GSE115nnn/GSE115052/suppl",,,"Larisa Nonn","May 30, 2018"
GSE115062,"Epigenetic maintenance of topological domains in the rearranged gibbon genome [Hi-C]","Genome binding/occupancy profiling by high throughput sequencing","Nomascus leucogenys",1,,"BED;SRA Run Selector","ftp://ftp.ncbi.nlm.nih.gov/geo/series/GSE115nnn/GSE115062/suppl;https://www.ncbi.nlm.nih.gov/Traces/study/?acc=PRJNA473590",29914971,SRP149294,"Lucia Carbone","May 30, 2018"
GSE115063,"Epigenetic maintenance of topological domains in the rearranged gibbon genome [WBGS]","Methylation profiling by high throughput sequencing","Macaca mulatta;Nomascus leucogenys",2,,"BEDGRAPH;SRA Run Selector","ftp://ftp.ncbi.nlm.nih.gov/geo/series/GSE115nnn/GSE115063/suppl;https://www.ncbi.nlm.nih.gov/Traces/study/?acc=PRJNA473604",29914971,SRP149295,"Lucia Carbone","May 30, 2018"
GSE115064,"Epigenetic maintenance of topological domains in the rearranged gibbon genome [ChIP-seq]","Genome binding/occupancy profiling by high throughput sequencing","Nomascus leucogenys",3,,"BW;SRA Run Selector","ftp://ftp.ncbi.nlm.nih.gov/geo/series/GSE115nnn/GSE115064/suppl;https://www.ncbi.nlm.nih.gov/Traces/study/?acc=PRJNA473602",29914971,SRP149296,"Lucia Carbone","May 30, 2018"
GSE115065,"Epigenetic maintenance of topological domains in the rearranged gibbon genome","Genome binding/occupancy profiling by high throughput sequencing;Methylation profiling by high throughput sequencing","Macaca mulatta;Nomascus leucogenys",6,,"BED;BEDGRAPH","ftp://ftp.ncbi.nlm.nih.gov/geo/series/GSE115nnn/GSE115065/suppl",29914971,,"Lucia Carbone","May 30, 2018"
GSE31666,"Identification of a molecular network of DNA damage-induced neural cell death","Expression profiling by array","Mus musculus",2,,"CEL","ftp://ftp.ncbi.nlm.nih.gov/geo/series/GSE31nnn/GSE31666/suppl",27822494,,"Ted M Dawson","May 29, 2018"
GSE82195,"Changes in mRNA in the dorsal root ganglion after CNS injury and intramuscular neurotrophin-3 treatment","Expression profiling by high throughput sequencing","Rattus norvegicus",18,,"TXT;SRA Run Selector","ftp://ftp.ncbi.nlm.nih.gov/geo/series/GSE82nnn/GSE82195/suppl;https://www.ncbi.nlm.nih.gov/Traces/study/?acc=PRJNA324285",30364576,SRP076044,"Claudia Kathe","May 29, 2018"
GSE82196,"Changes in miRNAs in the dorsal root ganglion after CNS injury and intramuscular neurotrophin-3 treatment","Non-coding RNA profiling by high throughput sequencing","Rattus norvegicus",18,,"TXT;SRA Run Selector","ftp://ftp.ncbi.nlm.nih.gov/geo/series/GSE82nnn/GSE82196/suppl;https://www.ncbi.nlm.nih.gov/Traces/study/?acc=PRJNA324284",30364576,SRP076045,"Claudia Kathe","May 29, 2018"
GSE82197,"Changes in mRNA and small RNA in the dorsal root ganglion after CNS injury and intramuscular neurotrophin-3 treatment","Expression profiling by high throughput sequencing;Non-coding RNA profiling by high throughput sequencing","Rattus norvegicus",36,,,,30364576,,"Claudia Kathe","May 29, 2018"
GSE87556,"DERARE RNA-seq","Expression profiling by high throughput sequencing","Mus musculus",18,,"CSV;SRA Run Selector","ftp://ftp.ncbi.nlm.nih.gov/geo/series/GSE87nnn/GSE87556/suppl;https://www.ncbi.nlm.nih.gov/Traces/study/?acc=PRJNA345189",29727682,SRP090789,"Madelaine Gogol","May 29, 2018"
GSE89490,"WGBS assessment of global methylation alterations in hematopoietic stem and progenitor cells [methyl-seq]","Methylation profiling by high throughput sequencing","Mus musculus",8,,"BW;SRA Run Selector","ftp://ftp.ncbi.nlm.nih.gov/geo/series/GSE89nnn/GSE89490/suppl;https://www.ncbi.nlm.nih.gov/Traces/study/?acc=PRJNA352389",29727682,SRP092540,"Madelaine Gogol","May 29, 2018"
GSE89491,"Enhancer chromatin mark H3K27ac in hematopoietic stem and progenitor cells [ChIP-seq]","Genome binding/occupancy profiling by high throughput sequencing","Mus musculus",8,,"BW;SRA Run Selector","ftp://ftp.ncbi.nlm.nih.gov/geo/series/GSE89nnn/GSE89491/suppl;https://www.ncbi.nlm.nih.gov/Traces/study/?acc=PRJNA352388",29727682,SRP092543,"Madelaine Gogol","May 29, 2018"
GSE89492,"A retinoid-dependent and methylation-sensitive enhancer in Hoxb cluster maintains haematopoietic stem cells and prevents leukaemogenesis","Expression profiling by high throughput sequencing;Methylation profiling by high throughput sequencing;Genome binding/occupancy profiling by high throughput sequencing","Mus musculus",34,,"BW","ftp://ftp.ncbi.nlm.nih.gov/geo/series/GSE89nnn/GSE89492/suppl",29727682,,"Madelaine Gogol","May 29, 2018"
GSE89767,"Enhancer and transcription factor dynamics within the granulocytic-monocytic lineage reveal an early differentiation block in Cebpa null progenitors","Genome binding/occupancy profiling by high throughput sequencing;Expression profiling by high throughput sequencing","Mus musculus",77,,"BEDGRAPH;BW;TXT;SRA Run Selector","ftp://ftp.ncbi.nlm.nih.gov/geo/series/GSE89nnn/GSE89767/suppl;https://www.ncbi.nlm.nih.gov/Traces/study/?acc=PRJNA353117",29847803,SRP093237,"Bo Torben Porse","May 29, 2018"
GSE91399,"Epigenetic signature of extended critical period learning","Genome binding/occupancy profiling by high throughput sequencing","Taeniopygia guttata",23,,"BED;BW;SRA Run Selector","ftp://ftp.ncbi.nlm.nih.gov/geo/series/GSE91nnn/GSE91399/suppl;https://www.ncbi.nlm.nih.gov/Traces/study/?acc=PRJNA356945",29720411,SRP094885,"Sarah E London","May 29, 2018"
GSE92560,"Loss of JNK in Breast Epithelium Accelerates Tumor Formation","Expression profiling by high throughput sequencing","Mus musculus",4,,"TXT;SRA Run Selector","ftp://ftp.ncbi.nlm.nih.gov/geo/series/GSE92nnn/GSE92560/suppl;https://www.ncbi.nlm.nih.gov/Traces/study/?acc=PRJNA358050",29856313,SRP095341,"Yvonne Edwards","May 29, 2018"
GSE92633,"Genome-wide maps of chromatin state in epiblast stem cells and nodal inhibited ebiblast stem cells","Genome binding/occupancy profiling by high throughput sequencing","Mus musculus",8,,"BW;SRA Run Selector","ftp://ftp.ncbi.nlm.nih.gov/geo/series/GSE92nnn/GSE92633/suppl;https://www.ncbi.nlm.nih.gov/Traces/study/?acc=PRJNA358284",30008328,SRP095472,"Naihe Jing","May 29, 2018"
GSE92634,"RNA sequencing of Epiblast stem cells, nodal inhibited epiblast stem cells and embryonic samples","Expression profiling by high throughput sequencing","Mus musculus",14,,"TXT;SRA Run Selector","ftp://ftp.ncbi.nlm.nih.gov/geo/series/GSE92nnn/GSE92634/suppl;https://www.ncbi.nlm.nih.gov/Traces/study/?acc=PRJNA358283",30008328,SRP095471,"Naihe Jing","May 29, 2018"
GSE92635,"Suppressing Nodal Signaling Activity Predisposes Ectodermal Differentiation of Epiblast Stem Cells","Genome binding/occupancy profiling by high throughput sequencing;Expression profiling by high throughput sequencing","Mus musculus",22,,"BW","ftp://ftp.ncbi.nlm.nih.gov/geo/series/GSE92nnn/GSE92635/suppl",30008328,,"Naihe Jing","May 29, 2018"
GSE98824,"BKM120 Treated PDX's","Expression profiling by array","Homo sapiens",30,,"TXT","ftp://ftp.ncbi.nlm.nih.gov/geo/series/GSE98nnn/GSE98824/suppl",,,"Jeremy Wayne Hoog","May 29, 2018"
GSE100567,"Buparlisib-treated Patient Derived Xenograft (PDX) Reversed Phase Protein Array (RPPA) Data","Protein profiling by protein array","Homo sapiens",288,,"TXT","ftp://ftp.ncbi.nlm.nih.gov/geo/series/GSE100nnn/GSE100567/suppl",,,"Jeremy Wayne Hoog","May 29, 2018"
GSE100581,"Loss of c-Jun NH2-Terminal Kinase in Mammary Epithelial Cells is Sufficient for Adenosquamous Tumor Formation","Expression profiling by high throughput sequencing","Mus musculus",6,,"TXT;SRA Run Selector","ftp://ftp.ncbi.nlm.nih.gov/geo/series/GSE100nnn/GSE100581/suppl;https://www.ncbi.nlm.nih.gov/Traces/study/?acc=PRJNA392175",29856313,SRP110629,"Yvonne Edwards","May 29, 2018"
GSE101304,"Barley CI 16151 and fast-neutron-derived, immune-compromised mutants infected with the powdery mildew fungus (Blumeria graminis f. sp. hordei; isolate 5874)","Expression profiling by high throughput sequencing","Blumeria graminis f. sp. hordei;Hordeum vulgare",90,,"CSV;PDF;SRA Run Selector","ftp://ftp.ncbi.nlm.nih.gov/geo/series/GSE101nnn/GSE101304/suppl;https://www.ncbi.nlm.nih.gov/Traces/study/?acc=PRJNA393977",,SRP111697,"Roger P Wise","May 29, 2018"
GSE103977,"RNA-seq of Scyliorhinus retifer electroreceptors","Expression profiling by high throughput sequencing","Scyliorhinus retifer",4,,"TXT;SRA Run Selector","ftp://ftp.ncbi.nlm.nih.gov/geo/series/GSE103nnn/GSE103977/suppl;https://www.ncbi.nlm.nih.gov/Traces/study/?acc=PRJNA407819",29849147,SRP117981,"Duncan Leitch","May 29, 2018"
GSE106158,"Comparative gene expression profiling of mouse pXEN, XEN, ES, and rat XENP cells","Expression profiling by high throughput sequencing","Mus musculus;Rattus norvegicus",12,,"TAB;SRA Run Selector","ftp://ftp.ncbi.nlm.nih.gov/geo/series/GSE106nnn/GSE106158/suppl;https://www.ncbi.nlm.nih.gov/Traces/study/?acc=PRJNA415792",29843002,SRP121461,"Young Gyu Chai","May 29, 2018"
GSE106884,"Timeseries of small RNA and mRNA expression during zebrafish heart regeneration","Expression profiling by high throughput sequencing","Danio rerio",42,,"TXT;SRA Run Selector","ftp://ftp.ncbi.nlm.nih.gov/geo/series/GSE106nnn/GSE106884/suppl;https://www.ncbi.nlm.nih.gov/Traces/study/?acc=PRJNA418313",29872545,SRP124960,"Benjamin L King","May 29, 2018"
GSE106912,"Comparative analysis of gene expression in tomato leaves during mild and severe potato spindle tuber viroid infection.","Expression profiling by array","Solanum lycopersicum",35,,"CEL","ftp://ftp.ncbi.nlm.nih.gov/geo/series/GSE106nnn/GSE106912/suppl",29762480,,"Aneta Więsyk","May 29, 2018"
GSE107564,"IMP3 regulated gene expression in breast cancer cells","Expression profiling by high throughput sequencing","Homo sapiens",6,,"TXT;SRA Run Selector","ftp://ftp.ncbi.nlm.nih.gov/geo/series/GSE107nnn/GSE107564/suppl;https://www.ncbi.nlm.nih.gov/Traces/study/?acc=PRJNA420696",29847788,SRP125944,"Julie Zhu","May 29, 2018"
GSE107926,"Translation cooperation of FGF and WNT signaling","Expression profiling by high throughput sequencing","Mus musculus",12,,"CSV;SRA Run Selector","ftp://ftp.ncbi.nlm.nih.gov/geo/series/GSE107nnn/GSE107926/suppl;https://www.ncbi.nlm.nih.gov/Traces/study/?acc=PRJNA421945",29844125,SRP126508,"Jeffrey M. Rosen","May 29, 2018"
GSE108051,"Epigenetic control of innate and adaptive immune memory [ATAC-Seq]","Genome binding/occupancy profiling by high throughput sequencing","Mus musculus",51,,"BED;BW;SRA Run Selector","ftp://ftp.ncbi.nlm.nih.gov/geo/series/GSE108nnn/GSE108051/suppl;https://www.ncbi.nlm.nih.gov/Traces/study/?acc=PRJNA422290",30082830,SRP126684,"Colleen Lau","May 29, 2018"
GSE110165,"Analysis of changes in Dendritic cell (DC) gene expression upon exposition to T-cell Exosomes.","Expression profiling by high throughput sequencing","Mus musculus",8,,"XLS;SRA Run Selector","ftp://ftp.ncbi.nlm.nih.gov/geo/series/GSE110nnn/GSE110165/suppl;https://www.ncbi.nlm.nih.gov/Traces/study/?acc=PRJNA432987",29985392,SRP132213,"Manuel J Gomez","May 29, 2018"
GSE112057,"Whole Blood Transcriptome Profiling in Juvenile Idiopathic Arthritis and Inflammatory Bowel Disease","Expression profiling by high throughput sequencing","Homo sapiens",202,,"TXT;SRA Run Selector","ftp://ftp.ncbi.nlm.nih.gov/geo/series/GSE112nnn/GSE112057/suppl;https://www.ncbi.nlm.nih.gov/Traces/study/?acc=PRJNA439192",29950172,SRP136057,"Angela Mo","May 29, 2018"
GSE112209,"Recurrent 8q24 rearrangement in BPDCN: association with immunoblastoid cytomorphology, MYC expression, and drug response (CAL1 vs PMDC05)","Expression profiling by array","Homo sapiens",6,,"CEL","ftp://ftp.ncbi.nlm.nih.gov/geo/series/GSE112nnn/GSE112209/suppl",29795241,,"Kana Sakamoto","May 29, 2018"
GSE112210,"Recurrent 8q24 rearrangement in BPDCN: association with immunoblastoid cytomorphology, MYC expression, and drug response (CAL-1, JQ1 treatment)","Expression profiling by array","Homo sapiens",6,,"CEL","ftp://ftp.ncbi.nlm.nih.gov/geo/series/GSE112nnn/GSE112210/suppl",29795241,,"Kana Sakamoto","May 29, 2018"
GSE112211,"Recurrent 8q24 rearrangement in BPDCN: association with immunoblastoid cytomorphology, MYC expression, and drug response","Expression profiling by array","Homo sapiens",12,,"CEL","ftp://ftp.ncbi.nlm.nih.gov/geo/series/GSE112nnn/GSE112211/suppl",29795241,,"Kana Sakamoto","May 29, 2018"
GSE112891,"The ER membrane protein complex interacts cotranslationally to enable biogenesis of multipass membrane proteins","Other","Homo sapiens;Saccharomyces cerevisiae",13,,"TXT","ftp://ftp.ncbi.nlm.nih.gov/geo/series/GSE112nnn/GSE112891/suppl",29809151,,"Jonathan S Weissman","May 29, 2018"
GSE113133,"Small noncoding RNAs in FSHD2 muscle cells reveal both DUX4- and SMCHD1-specific signatures","Non-coding RNA profiling by high throughput sequencing","Homo sapiens",10,,"CSV;RDA;SRA Run Selector","ftp://ftp.ncbi.nlm.nih.gov/geo/series/GSE113nnn/GSE113133/suppl;https://www.ncbi.nlm.nih.gov/Traces/study/?acc=PRJNA450097",29741619,SRP139954,"Stephen Tapscott","May 29, 2018"
GSE113168,"Identification and single cell functional characterization of an endodermally-biased pluripotent sub-state in human embryonic stem cells","Expression profiling by high throughput sequencing","Homo sapiens",4,,"TSV;SRA Run Selector","ftp://ftp.ncbi.nlm.nih.gov/geo/series/GSE113nnn/GSE113168/suppl;https://www.ncbi.nlm.nih.gov/Traces/study/?acc=PRJNA450344",29779895,SRP140469,"Thomas Allison","May 29, 2018"
GSE114348,"Mutant GNAS drives pancreatic tumorigenesis by inducing PKA-mediated SIK suppression and reprogramming lipid metabolism","Expression profiling by high throughput sequencing","Mus musculus",4,,"TXT;SRA Run Selector","ftp://ftp.ncbi.nlm.nih.gov/geo/series/GSE114nnn/GSE114348/suppl;https://www.ncbi.nlm.nih.gov/Traces/study/?acc=PRJNA471090",,SRP145526,"Krushna C Patra","May 29, 2018"
GSE114960,"Dietary fat, but not dietary protein or carbohydrate (sucrose), regulates energy intake and causes adiposity in mice","Expression profiling by high throughput sequencing","Mus musculus",96,,"TXT;XLS;SRA Run Selector","ftp://ftp.ncbi.nlm.nih.gov/geo/series/GSE114nnn/GSE114960/suppl;https://www.ncbi.nlm.nih.gov/Traces/study/?acc=PRJNA473341",30017356,SRP149081,"John Speakman","May 29, 2018"
GSE114966,"Transcriptional change of THP-1 after HSV-1UL37WT or HSV-1UL37C819S","Expression profiling by high throughput sequencing","Homo sapiens",6,,"TXT;SRA Run Selector","ftp://ftp.ncbi.nlm.nih.gov/geo/series/GSE114nnn/GSE114966/suppl;https://www.ncbi.nlm.nih.gov/Traces/study/?acc=PRJNA473357",30092200,SRP149092,"Junjie Zhang","May 29, 2018"
GSE81261,"Deacetylation of miRNA-34a and miRNA-449 induce epithelial-mesenchymal transition and acquired resistance to ALK inhibitors","Expression profiling by array","Homo sapiens",12,,"TXT","ftp://ftp.ncbi.nlm.nih.gov/geo/series/GSE81nnn/GSE81261/suppl",29669761,,"Kyoung-Ho Pyo","May 28, 2018"
GSE81482,"ChIP-seq for identifying molecules associated with epithelial-mesenchymal transition and acquired resistance to ALK inhibitors","Genome binding/occupancy profiling by high throughput sequencing","Homo sapiens",8,,"BEDGRAPH;SRA Run Selector","ftp://ftp.ncbi.nlm.nih.gov/geo/series/GSE81nnn/GSE81482/suppl;https://www.ncbi.nlm.nih.gov/Traces/study/?acc=PRJNA321749",29669761,SRP075251,"Seon-Kyu Kim","May 28, 2018"
GSE81483,"Methylation profiling study by MBD-seq for identifying genes associated with epithelial-mesenchymal transition and acquired resistance to ALK inhibitors","Methylation profiling by high throughput sequencing","Homo sapiens",6,,"WIG;SRA Run Selector","ftp://ftp.ncbi.nlm.nih.gov/geo/series/GSE81nnn/GSE81483/suppl;https://www.ncbi.nlm.nih.gov/Traces/study/?acc=PRJNA321748",29669761,SRP075252,"Seon-Kyu Kim","May 28, 2018"
GSE81484,"Gene expression profiling study by RNA-seq for identifying genes associated with epithelial-mesenchymal transition and acquired resistance to ALK inhibitors","Expression profiling by high throughput sequencing","Homo sapiens",6,,"TXT;SRA Run Selector","ftp://ftp.ncbi.nlm.nih.gov/geo/series/GSE81nnn/GSE81484/suppl;https://www.ncbi.nlm.nih.gov/Traces/study/?acc=PRJNA321747",29669761,SRP075253,"Seon-Kyu Kim","May 28, 2018"
GSE81486,"Expression profiling by small RNA-seq for identifying miRNA associated with epithelial-mesenchymal transition and acquired resistance to ALK inhibitors","Non-coding RNA profiling by high throughput sequencing","Homo sapiens",6,,"TXT;SRA Run Selector","ftp://ftp.ncbi.nlm.nih.gov/geo/series/GSE81nnn/GSE81486/suppl;https://www.ncbi.nlm.nih.gov/Traces/study/?acc=PRJNA321746",29669761,SRP075255,"Seon-Kyu Kim","May 28, 2018"
GSE81487,"Epithelial-mesenchymal transition and acquired resistance to ALK inhibitors","Expression profiling by high throughput sequencing;Genome binding/occupancy profiling by high throughput sequencing;Methylation profiling by high throughput sequencing;Non-coding RNA profiling by high throughput sequencing","Homo sapiens",26,,"BEDGRAPH;TXT;WIG","ftp://ftp.ncbi.nlm.nih.gov/geo/series/GSE81nnn/GSE81487/suppl",29669761,,"Seon-Kyu Kim","May 28, 2018"
GSE95471,"Genome Wide Distribution of Linker Histone H1.0 is Independent of MeCP2 I","Genome binding/occupancy profiling by high throughput sequencing","Mus musculus",12,,"BW;SRA Run Selector","ftp://ftp.ncbi.nlm.nih.gov/geo/series/GSE95nnn/GSE95471/suppl;https://www.ncbi.nlm.nih.gov/Traces/study/?acc=PRJNA377223",,SRP100823,"Hari Krishna Yalamanchili","May 28, 2018"
GSE97005,"Transcriptome profile in ore15-1D and ore15-2 at DAE 4","Expression profiling by array","Arabidopsis thaliana",6,,"TXT","ftp://ftp.ncbi.nlm.nih.gov/geo/series/GSE97nnn/GSE97005/suppl",29949656,,"Jeongsik Kim","May 28, 2018"
GSE97646,"Deacetylation of miRNA-34a and miRNA-449 induces epithelial-mesenchymal transition and acquired resistance to ALK inhibitors","Expression profiling by array","Homo sapiens",6,,"CEL","ftp://ftp.ncbi.nlm.nih.gov/geo/series/GSE97nnn/GSE97646/suppl",29669761,,"Kyoung-Ho Pyo","May 28, 2018"
GSE100584,"Comparison of CD4+ and CD8+ T cells from spleen of mice raised in standard or in enriched environment.","Expression profiling by high throughput sequencing","Mus musculus",21,,"TXT;SRA Run Selector","ftp://ftp.ncbi.nlm.nih.gov/geo/series/GSE100nnn/GSE100584/suppl;https://www.ncbi.nlm.nih.gov/Traces/study/?acc=PRJNA392225",29950983,SRP110657,"Kevin Lebrigand","May 28, 2018"
GSE100586,"Comparison of CD4+ and CD8+ T cells from choroid plexus of mice raised in standard or in enriched environment.","Expression profiling by high throughput sequencing","Mus musculus",31,,"TXT;SRA Run Selector","ftp://ftp.ncbi.nlm.nih.gov/geo/series/GSE100nnn/GSE100586/suppl;https://www.ncbi.nlm.nih.gov/Traces/study/?acc=PRJNA392226",29950983,SRP110658,"Kevin Lebrigand","May 28, 2018"
GSE102056,"Expression data from murine splenic erythroblasts in stress erythropoiesis.","Expression profiling by array","Mus musculus",12,,"CEL","ftp://ftp.ncbi.nlm.nih.gov/geo/series/GSE102nnn/GSE102056/suppl",,,"K. Sandeep Prabhu","May 28, 2018"
GSE107041,"The whole genome effects of the PPARα agonist fenofibrate on livers of hepatocyte humanized mice","Expression profiling by array","Homo sapiens;Mus musculus",6,,"CEL","ftp://ftp.ncbi.nlm.nih.gov/geo/series/GSE107nnn/GSE107041/suppl",29879903,,"Guido Hooiveld","May 28, 2018"
GSE107519,"Genome Wide Distribution of Linker Histone H1.0 is Independent of MeCP2 II","Genome binding/occupancy profiling by high throughput sequencing","Mus musculus",12,,"BW;SRA Run Selector","ftp://ftp.ncbi.nlm.nih.gov/geo/series/GSE107nnn/GSE107519/suppl;https://www.ncbi.nlm.nih.gov/Traces/study/?acc=PRJNA420410",,SRP125852,"Hari Krishna Yalamanchili","May 28, 2018"
GSE107533,"Genome Wide Distribution of Linker Histone H1.0 is Independent of MeCP2","Genome binding/occupancy profiling by high throughput sequencing","Mus musculus",24,,"BED;BW","ftp://ftp.ncbi.nlm.nih.gov/geo/series/GSE107nnn/GSE107533/suppl",,,"Hari Krishna Yalamanchili","May 28, 2018"
GSE109443,"The cAMP inducible Coactivator CRTC3 Attenuates Brown Adipose Tissue Thermogenesis","Expression profiling by high throughput sequencing","Mus musculus",4,,"DIFF;SRA Run Selector","ftp://ftp.ncbi.nlm.nih.gov/geo/series/GSE109nnn/GSE109443/suppl;https://www.ncbi.nlm.nih.gov/Traces/study/?acc=PRJNA430891",29784793,SRP131058,"Ezra Wiater","May 28, 2018"
GSE111236,"CAR T cell related cytokine release syndrome mouse model","Expression profiling by high throughput sequencing","Mus musculus",48,,"TXT;SRA Run Selector","ftp://ftp.ncbi.nlm.nih.gov/geo/series/GSE111nnn/GSE111236/suppl;https://www.ncbi.nlm.nih.gov/Traces/study/?acc=PRJNA436240",29808005,SRP133651,"Bic MSKCC","May 28, 2018"
GSE112842,"A system of checks and balances: an ERK-dependent feedback mechanism prevents hematopoietic stem cell exhaustion","Expression profiling by high throughput sequencing","Mus musculus",13,,"CSV","ftp://ftp.ncbi.nlm.nih.gov/geo/series/GSE112nnn/GSE112842/suppl",29804890,,"Christoph Bock","May 28, 2018"
GSE113301,"The surveillance of pre-mRNA splicing is an early step in C. elegans RNA interference of endogenous genes.","Non-coding RNA profiling by high throughput sequencing","Caenorhabditis elegans",7,,"XLSX;SRA Run Selector","ftp://ftp.ncbi.nlm.nih.gov/geo/series/GSE113nnn/GSE113301/suppl;https://www.ncbi.nlm.nih.gov/Traces/study/?acc=PRJNA450741",29739806,SRP140834,"Martin Newman","May 28, 2018"
GSE69274,"Circulating microRNA and 5’ tRNA halves signatures of genotype-by-age interactions in the longlived Ames dwarf mouse.","Non-coding RNA profiling by high throughput sequencing","Mus musculus",20,,"TXT;SRA Run Selector","ftp://ftp.ncbi.nlm.nih.gov/geo/series/GSE69nnn/GSE69274/suppl;https://www.ncbi.nlm.nih.gov/Traces/study/?acc=PRJNA285260",,SRP058827,"joseph M dhahbi","May 27, 2018"
GSE69300,"Whole skin treated with Ruxolitinib, tofacitinib or vehicle control for 4 days","Expression profiling by array","Mus musculus",16,,"CEL","ftp://ftp.ncbi.nlm.nih.gov/geo/series/GSE69nnn/GSE69300/suppl",,,"Jane E. Cerise","May 27, 2018"
GSE97326,"Resetting the Epigenetic Balance of Polycomb/COMPASS Function at Enhancers for Cancer Therapy","Expression profiling by high throughput sequencing;Genome binding/occupancy profiling by high throughput sequencing","Homo sapiens",110,,"BW;SRA Run Selector","ftp://ftp.ncbi.nlm.nih.gov/geo/series/GSE97nnn/GSE97326/suppl;https://www.ncbi.nlm.nih.gov/Traces/study/?acc=PRJNA381421",29785026,SRP108473,"Ali Shilatifard","May 27, 2018"
GSE107827,"de novo re-construction of the core genome from ChIP-Seq for large-genome organisms","Expression profiling by high throughput sequencing;Genome binding/occupancy profiling by high throughput sequencing;Other","Oryza sativa;Oryza sativa Indica Group;Oryza sativa Japonica Group;Triticum aestivum",26,,"BED;TXT;SRA Run Selector","ftp://ftp.ncbi.nlm.nih.gov/geo/series/GSE107nnn/GSE107827/suppl;https://www.ncbi.nlm.nih.gov/Traces/study/?acc=PRJNA421551",29931324,SRP126351,"yijing zhang","May 27, 2018"
GSE69299,"human dermal papilla cells were grown in spheres and treated with vehicle control, ruxolitinib and tofacitinib for 2 days","Expression profiling by array","Homo sapiens",9,,"CEL","ftp://ftp.ncbi.nlm.nih.gov/geo/series/GSE69nnn/GSE69299/suppl",,,"Jane E. Cerise","May 26, 2018"
GSE99384,"Analysis of the DNA accessibility upon multiple histone H1 variants by ATAC-seq","Genome binding/occupancy profiling by high throughput sequencing","Homo sapiens",4,,"NARROWPEAK;SRA Run Selector","ftp://ftp.ncbi.nlm.nih.gov/geo/series/GSE99nnn/GSE99384/suppl;https://www.ncbi.nlm.nih.gov/Traces/study/?acc=PRJNA388343",,SRP108224,"Albert Jordan","May 26, 2018"
GSE107012,"5-hydroxymethylcytosine alterations in the human postmortem brains of autism spectrum disorder","Methylation profiling by high throughput sequencing","Homo sapiens",36,,"TXT;SRA Run Selector","ftp://ftp.ncbi.nlm.nih.gov/geo/series/GSE107nnn/GSE107012/suppl;https://www.ncbi.nlm.nih.gov/Traces/study/?acc=PRJNA418782",29790956,SRP125126,"Ying Cheng","May 26, 2018"
GSE111451,"Bilophila wadsworthia worsens high-fat diet-induced metabolic impairments in inflammation dependent and independent manners [mouse gene expression]","Expression profiling by array","Mus musculus",27,,"TXT","ftp://ftp.ncbi.nlm.nih.gov/geo/series/GSE111nnn/GSE111451/suppl",30022049,,"Phuong Hang PHAM","May 26, 2018"
GSE112387,"Bilophila wadsworthia worsens high-fat diet-induced metabolic impairments in inflammation dependent and independent manners [bacterial gene expression]","Expression profiling by high throughput sequencing","uncultured bacterium",29,,"TXT;SRA Run Selector","ftp://ftp.ncbi.nlm.nih.gov/geo/series/GSE112nnn/GSE112387/suppl;https://www.ncbi.nlm.nih.gov/Traces/study/?acc=PRJNA445875",30022049,SRP136555,"Phuong Hang PHAM","May 26, 2018"
GSE112388,"Bilophila wadsworthia worsens high-fat diet-induced metabolic impairments in inflammation dependent and independent manners","Expression profiling by array;Expression profiling by high throughput sequencing","Mus musculus;uncultured bacterium",56,,"TXT","ftp://ftp.ncbi.nlm.nih.gov/geo/series/GSE112nnn/GSE112388/suppl",30022049,,"Phuong Hang PHAM","May 26, 2018"
GSE113747,"An essential role for dNTP homeostasis following CDKinduced [Pu-seq]","Other","Schizosaccharomyces pombe",8,,"BEDGRAPH;SRA Run Selector","ftp://ftp.ncbi.nlm.nih.gov/geo/series/GSE113nnn/GSE113747/suppl;https://www.ncbi.nlm.nih.gov/Traces/study/?acc=PRJNA453912",,SRP143446,"Andrea Keszthelyi","May 26, 2018"
GSE114907,"Transcriptome analysis of the glioma stem cells  infected with ZIKV","Expression profiling by high throughput sequencing","Homo sapiens",6,,"TXT;XLS;SRA Run Selector","ftp://ftp.ncbi.nlm.nih.gov/geo/series/GSE114nnn/GSE114907/suppl;https://www.ncbi.nlm.nih.gov/Traces/study/?acc=PRJNA473149",,SRP148993,"feng ma","May 26, 2018"
GSE114908,"A global transcriptome analysis of human epidermal keratinocytes upon inhibition of lncRNA WAKMAR1","Expression profiling by array","Homo sapiens",6,,"CEL","ftp://ftp.ncbi.nlm.nih.gov/geo/series/GSE114nnn/GSE114908/suppl",,,"Ning Xu","May 26, 2018"
GSE114911,"Gene expression in human lung tissue infected with mycobacterium tuberculosis","Expression profiling by array","Homo sapiens",52,,"CSV;TXT","ftp://ftp.ncbi.nlm.nih.gov/geo/series/GSE114nnn/GSE114911/suppl",29977236,,"Jeroen Maertzdorf","May 26, 2018"
GSE114915,"Podoplanin is a marker but no driver for malignant progression in glioblastoma","Expression profiling by array","Homo sapiens",12,,"IDAT;TXT","ftp://ftp.ncbi.nlm.nih.gov/geo/series/GSE114nnn/GSE114915/suppl",,,"Peter Angel","May 26, 2018"
GSE114924,"Transcriptomic profiling of the PhzIR quorum sensing, Gac- and PtrA- regulons of Pseudomonas chlororaphis PA23","Expression profiling by high throughput sequencing","Pseudomonas chlororaphis",18,,"DIFF;SRA Run Selector","ftp://ftp.ncbi.nlm.nih.gov/geo/series/GSE114nnn/GSE114924/suppl;https://www.ncbi.nlm.nih.gov/Traces/study/?acc=PRJNA473137",,SRP148978,"Teresa R de Kievit","May 26, 2018"
GSE114934,"Gene expression analysis during time dependent Cry toxin exposure in Achaea janata larva.","Expression profiling by array","Achaea janata",6,,"TXT","ftp://ftp.ncbi.nlm.nih.gov/geo/series/GSE114nnn/GSE114934/suppl",,,"Aparna Dutta Gupta","May 26, 2018"
GSE114939,"RNA-seq distinguished dominant inflammatory profile in placenta from a preterm labor mouse model and control","Expression profiling by high throughput sequencing","Mus musculus",7,,"TXT;SRA Run Selector","ftp://ftp.ncbi.nlm.nih.gov/geo/series/GSE114nnn/GSE114939/suppl;https://www.ncbi.nlm.nih.gov/Traces/study/?acc=PRJNA473153",,SRP148996,"Yi Xiaochun","May 26, 2018"
GSE114941,"Adipocyte-derived lipids mediate melanoma progression via FATP proteins","Expression profiling by high throughput sequencing","Homo sapiens",6,,"TXT;XLSX;SRA Run Selector","ftp://ftp.ncbi.nlm.nih.gov/geo/series/GSE114nnn/GSE114941/suppl;https://www.ncbi.nlm.nih.gov/Traces/study/?acc=PRJNA473164",29903879,SRP149003,"Maomao Zhang","May 26, 2018"
GSE114944,"RNA Profiling in Patients' tumor infiltrating lymphocytes","Expression profiling by array","Homo sapiens",15,,"CEL;CHP","ftp://ftp.ncbi.nlm.nih.gov/geo/series/GSE114nnn/GSE114944/suppl",30006565,,"Andrew Weinberg","May 26, 2018"
GSE61517,"Strand-specific Dual RNA-seq of Bronchial Epithelial cells Infected with Influenza A/H3N2 Viruses Reveals Splicing of Gene Segment 6 and Novel Host-Virus Interactions","Expression profiling by high throughput sequencing","Homo sapiens;Influenza A virus (A/Brisbane/10/2007(H3N2));Influenza A virus (A/Perth/16/2009(H3N2));Influenza A virus (A/Udorn/307/1972(H3N2))",36,,"FA;XLSX;SRA Run Selector","ftp://ftp.ncbi.nlm.nih.gov/geo/series/GSE61nnn/GSE61517/suppl;https://www.ncbi.nlm.nih.gov/Traces/study/?acc=PRJNA261345",29976658,SRP047252,"Andrew J Oler","May 25, 2018"
GSE69572,"Novel and Conserved microRNAs in soybean floral whorls","Non-coding RNA profiling by high throughput sequencing","Glycine max",4,,"TAB;SRA Run Selector","ftp://ftp.ncbi.nlm.nih.gov/geo/series/GSE69nnn/GSE69572/suppl;https://www.ncbi.nlm.nih.gov/Traces/study/?acc=PRJNA285879",26341053,SRP059069,"Guilherme Cordenonsi da Fonseca","May 25, 2018"
GSE98545,"Transcriptome signature identifies distinct cervical pathways induced in lipopolysaccharide-mediated preterm birth","Expression profiling by high throughput sequencing","Mus musculus",8,,"BW;SRA Run Selector","ftp://ftp.ncbi.nlm.nih.gov/geo/series/GSE98nnn/GSE98545/suppl;https://www.ncbi.nlm.nih.gov/Traces/study/?acc=PRJNA385485",29281003,SRP106464,"W. Lee Kraus","May 25, 2018"
GSE99237,"Murine intestinal organoids resemble intestinal epithelium in their microRNA profiles","Non-coding RNA profiling by array","Mus musculus",4,,"TXT","ftp://ftp.ncbi.nlm.nih.gov/geo/series/GSE99nnn/GSE99237/suppl",,,"Satoshi Kondo","May 25, 2018"
GSE100636,"Epigenetic characterization of NKG2C high cells of primigravid decidual NK, multigravid decidual NK, nulligravid endometrial NK and multigravid endometrial NK","Genome binding/occupancy profiling by high throughput sequencing","Homo sapiens",6,,"BEDGRAPH;BIGWIG;TXT;XLSX;SRA Run Selector","ftp://ftp.ncbi.nlm.nih.gov/geo/series/GSE100nnn/GSE100636/suppl;https://www.ncbi.nlm.nih.gov/Traces/study/?acc=PRJNA392331",29768178,SRP110716,"Ofer Mandelbaum","May 25, 2018"
GSE103010,"Epigenetic modifications of hematopoietic differentiation are recapitulated in humanized mice","Methylation profiling by array","Homo sapiens",5,,"IDAT;TXT","ftp://ftp.ncbi.nlm.nih.gov/geo/series/GSE103nnn/GSE103010/suppl",29796118,,"Wolfgang Wagner","May 25, 2018"
GSE104832,"RNA-seq insights into primary root apical meristem exhaustion and determinate root growth in Pachycereus pringlei (Cactaceae)","Expression profiling by high throughput sequencing","Pachycereus pringlei",6,,"CSV;FA;SRA Run Selector","ftp://ftp.ncbi.nlm.nih.gov/geo/series/GSE104nnn/GSE104832/suppl;https://www.ncbi.nlm.nih.gov/Traces/study/?acc=PRJNA413949",29867103,SRP119770,"Gustavo Rodriguez-Alonso","May 25, 2018"
GSE106854,"Expression profiling of Dicer loss-of-function macrophages","Expression profiling by high throughput sequencing","Mus musculus",12,,"TXT;SRA Run Selector","ftp://ftp.ncbi.nlm.nih.gov/geo/series/GSE106nnn/GSE106854/suppl;https://www.ncbi.nlm.nih.gov/Traces/study/?acc=PRJNA418228",29748186,SRP124920,"Franziska Greulich","May 25, 2018"
GSE108084,"Early response of human ovarian and fallopian tube surface epithelial cells to norepinephrine","Expression profiling by high throughput sequencing","Homo sapiens",12,,"CSV;SRA Run Selector","ftp://ftp.ncbi.nlm.nih.gov/geo/series/GSE108nnn/GSE108084/suppl;https://www.ncbi.nlm.nih.gov/Traces/study/?acc=PRJNA422427",29844388,SRP126765,"Chia-Ho Cheng","May 25, 2018"
GSE108474,"The REMBRANDT study – a large collection of genomic data from brain cancer patients [gene expression]","Expression profiling by array","Homo sapiens",550,,"CEL;CHP;TXT;XLSX","ftp://ftp.ncbi.nlm.nih.gov/geo/series/GSE108nnn/GSE108474/suppl",30106394,,"Krithika Bhuvaneshwar","May 25, 2018"
GSE108475,"The REMBRANDT study – a large collection of genomic data from brain cancer patients [SNP]","Genome variation profiling by SNP array","Homo sapiens",1506,,"CEL;CHP;CNCHP;TXT;XLSX","ftp://ftp.ncbi.nlm.nih.gov/geo/series/GSE108nnn/GSE108475/suppl",30106394,,"Krithika Bhuvaneshwar","May 25, 2018"
GSE108476,"The REMBRANDT study – a large collection of genomic data from brain cancer patients","Expression profiling by array;Genome variation profiling by SNP array","Homo sapiens",2056,,"CEL;CHP;CNCHP","ftp://ftp.ncbi.nlm.nih.gov/geo/series/GSE108nnn/GSE108476/suppl",30106394,,"Krithika Bhuvaneshwar","May 25, 2018"
GSE110677,"RNA-sequencing of isogenic primary, pre-malignant immortalized, and Ras-transformed human mammary epithelial cells","Expression profiling by high throughput sequencing","Homo sapiens",9,,"TXT;SRA Run Selector","ftp://ftp.ncbi.nlm.nih.gov/geo/series/GSE110nnn/GSE110677/suppl;https://www.ncbi.nlm.nih.gov/Traces/study/?acc=PRJNA434238",,SRP132928,"Matthew Burk Friedersdorf","May 25, 2018"
GSE111583,"Functional characterizations of the Hippo pathway effectors YAP and TAZ","Expression profiling by high throughput sequencing","Homo sapiens",24,,"TXT;SRA Run Selector","ftp://ftp.ncbi.nlm.nih.gov/geo/series/GSE111nnn/GSE111583/suppl;https://www.ncbi.nlm.nih.gov/Traces/study/?acc=PRJNA437466",30135582,SRP134189,"Bing Ren","May 25, 2018"
GSE112412,"Combinatorial knockout of RARα, RARβ, and RARγ completely abrogates transcriptional responses to retinoic acid in murine embryonic stem cells","Expression profiling by high throughput sequencing","Mus musculus",12,,"XLS;SRA Run Selector","ftp://ftp.ncbi.nlm.nih.gov/geo/series/GSE112nnn/GSE112412/suppl;https://www.ncbi.nlm.nih.gov/Traces/study/?acc=PRJNA445952",29848550,SRP136599,"Kristian Laursen","May 25, 2018"
GSE114852,"Gene expression in cord blood links genetic risk for neurodevelopmental disorders with maternal psychological distress and adverse childhood outcomes","Expression profiling by array","Homo sapiens",149,,"TXT","ftp://ftp.ncbi.nlm.nih.gov/geo/series/GSE114nnn/GSE114852/suppl",29791872,,"Michael S Breen","May 25, 2018"
GSE114861,"The effects of mutant ASXL1 and BAP1 expression on hematopoietic cells","Expression profiling by high throughput sequencing","Mus musculus",12,,"TXT;SRA Run Selector","ftp://ftp.ncbi.nlm.nih.gov/geo/series/GSE114nnn/GSE114861/suppl;https://www.ncbi.nlm.nih.gov/Traces/study/?acc=PRJNA472882",30013160,SRP148859,"Shuhei Asada","May 25, 2018"
GSE114862,"RNA-seq to identity genes expressed in dissected inflorescence meristems of Col-0 Arabidopsis thaliana plants.","Expression profiling by high throughput sequencing","Arabidopsis thaliana",3,,"TXT;SRA Run Selector","ftp://ftp.ncbi.nlm.nih.gov/geo/series/GSE114nnn/GSE114862/suppl;https://www.ncbi.nlm.nih.gov/Traces/study/?acc=PRJNA472887",29739839,SRP148862,"Antoine Larrieu","May 25, 2018"
GSE114870,"Affymetrix CytoScan HD for autism spectrum disorder in children","Genome variation profiling by genome tiling array;Genome variation profiling by SNP array","Homo sapiens",87,,"CEL;CYCHP","ftp://ftp.ncbi.nlm.nih.gov/geo/series/GSE114nnn/GSE114870/suppl",30647996,,"Josef Srovnal","May 25, 2018"
GSE114880,"Next Generation Sequencing Facilitates Quantitative Analysis of H5N1 Wild Type and NS1-truncated Lung Transcriptomes in SPF chickens","Expression profiling by high throughput sequencing","Gallus gallus",3,,"TXT;SRA Run Selector","ftp://ftp.ncbi.nlm.nih.gov/geo/series/GSE114nnn/GSE114880/suppl;https://www.ncbi.nlm.nih.gov/Traces/study/?acc=PRJNA472967",,SRP148885,"Shaohua Shi","May 25, 2018"
GSE114884,"Distinct transcriptional profiles of anti-viral CD4+ T cells based on CD25 surface expression","Expression profiling by high throughput sequencing","Mus musculus",6,,"TXT;SRA Run Selector","ftp://ftp.ncbi.nlm.nih.gov/geo/series/GSE114nnn/GSE114884/suppl;https://www.ncbi.nlm.nih.gov/Traces/study/?acc=PRJNA472975",30030369,SRP148893,"Matthew Williams","May 25, 2018"
GSE114887,"Expression data from Astro-D2KO mice experiencing a Status Epilepticus (SE)","Expression profiling by array","Mus musculus",16,,"CEL;CHP","ftp://ftp.ncbi.nlm.nih.gov/geo/series/GSE114nnn/GSE114887/suppl",29905787,,"Gustavo Werpel Fernandes","May 25, 2018"
GSE114890,"Genome-wide analysis of Vibrio cholerae cytolysin (VCC) in T84 monolayer cells","Expression profiling by array","Homo sapiens",2,,"TXT;XLS","ftp://ftp.ncbi.nlm.nih.gov/geo/series/GSE114nnn/GSE114890/suppl",,,"Aziz Bitar","May 25, 2018"
GSE114893,"Expression data from pituitary of steers grazing endophyte-infected tall fescue and supplemented with different forms of Se","Expression profiling by array","Bos taurus",20,,"CEL","ftp://ftp.ncbi.nlm.nih.gov/geo/series/GSE114nnn/GSE114893/suppl",30476104,,"James Matthews","May 25, 2018"
GSE96748,"In vivo analysis of function of pulmonary pericytes","Expression profiling by high throughput sequencing","Mus musculus",6,,"TXT;SRA Run Selector","ftp://ftp.ncbi.nlm.nih.gov/geo/series/GSE96nnn/GSE96748/suppl;https://www.ncbi.nlm.nih.gov/Traces/study/?acc=PRJNA379552",29934496,SRP102067,"Katsuhiro Kato","May 24, 2018"
GSE99011,"Genome-wide mapping reveals that deoxyuridine is enriched in the human centromeric DNA","Other","Homo sapiens",54,,"BED;SRA Run Selector","ftp://ftp.ncbi.nlm.nih.gov/geo/series/GSE99nnn/GSE99011/suppl;https://www.ncbi.nlm.nih.gov/Traces/study/?acc=PRJNA387005",,SRP107197,"zhike lu","May 24, 2018"
GSE99255,"Dual inhibition of HDMX and HDM2 as a Therapeutic Strategy in Leukemia","Expression profiling by high throughput sequencing","Homo sapiens",6,,"TAB;TXT;SRA Run Selector","ftp://ftp.ncbi.nlm.nih.gov/geo/series/GSE99nnn/GSE99255/suppl;https://www.ncbi.nlm.nih.gov/Traces/study/?acc=PRJNA387730",29643228,SRP107943,"Luis Carvajal","May 24, 2018"
GSE99262,"APC ChIP-seq in HCT-116 colon cancer cell line","Genome binding/occupancy profiling by high throughput sequencing","Homo sapiens",4,,"FASTA;XLSX;SRA Run Selector","ftp://ftp.ncbi.nlm.nih.gov/geo/series/GSE99nnn/GSE99262/suppl;https://www.ncbi.nlm.nih.gov/Traces/study/?acc=PRJNA388013",30131849,SRP108069,"Joanna Groden","May 24, 2018"
GSE99263,"Gene expression data from the HCT-116 colon cancer cell line in the presence or absence of siRNA targeting APC","Expression profiling by high throughput sequencing","Homo sapiens",3,,"TXT;SRA Run Selector","ftp://ftp.ncbi.nlm.nih.gov/geo/series/GSE99nnn/GSE99263/suppl;https://www.ncbi.nlm.nih.gov/Traces/study/?acc=PRJNA388012",30131849,SRP108070,"Joanna Groden","May 24, 2018"
GSE99264,"Chromatin binding profiles of the APC tumor suppressor and changes in gene expression following APC silencing","Genome binding/occupancy profiling by high throughput sequencing;Expression profiling by high throughput sequencing","Homo sapiens",7,,"FASTA;XLSX","ftp://ftp.ncbi.nlm.nih.gov/geo/series/GSE99nnn/GSE99264/suppl",30131849,,"Joanna Groden","May 24, 2018"
GSE101843,"High resolution annotation of Zebrafish transcriptome using long-read sequencing","Expression profiling by high throughput sequencing","Danio rerio",4,,"TXT;SRA Run Selector","ftp://ftp.ncbi.nlm.nih.gov/geo/series/GSE101nnn/GSE101843/suppl;https://www.ncbi.nlm.nih.gov/Traces/study/?acc=PRJNA395690",30061115,SRP113522,"Elena Zaslavsky","May 24, 2018"
GSE102603,"Whole body RNA-seq from developmental stages of Camponotus ants","Expression profiling by high throughput sequencing","Camponotus floridanus",15,,"RPKM;SRA Run Selector","ftp://ftp.ncbi.nlm.nih.gov/geo/series/GSE102nnn/GSE102603/suppl;https://www.ncbi.nlm.nih.gov/Traces/study/?acc=PRJNA398200",29874592,SRP115382,"Roberto Bonasio","May 24, 2018"
GSE102604,"Whole body RNA-seq from developmental stages of Harpegnathos ants","Expression profiling by high throughput sequencing","Harpegnathos saltator",14,,"RPKM;SRA Run Selector","ftp://ftp.ncbi.nlm.nih.gov/geo/series/GSE102nnn/GSE102604/suppl;https://www.ncbi.nlm.nih.gov/Traces/study/?acc=PRJNA398199",29874592,SRP115383,"Roberto Bonasio","May 24, 2018"
GSE102605,"RNA-seq from Camponotus and Harpegnathos ants for genome annotation","Expression profiling by high throughput sequencing","Camponotus floridanus;Harpegnathos saltator",47,,,,29874592,,"Roberto Bonasio","May 24, 2018"
GSE103724,"RNA-seq of Kras-Usp22WT and Kras-Usp22KO myeloid progenitors","Expression profiling by high throughput sequencing","Mus musculus",4,,"TXT;SRA Run Selector","ftp://ftp.ncbi.nlm.nih.gov/geo/series/GSE103nnn/GSE103724/suppl;https://www.ncbi.nlm.nih.gov/Traces/study/?acc=PRJNA406868",29844011,SRP117310,"Deyu Fang","May 24, 2018"
GSE103908,"BCR-ABL1 inhibitors decrease cholesterol and atherosclerosis, and activate coagulation in a translational mouse model","Expression profiling by high throughput sequencing","Mus musculus",56,,"TXT;SRA Run Selector","ftp://ftp.ncbi.nlm.nih.gov/geo/series/GSE103nnn/GSE103908/suppl;https://www.ncbi.nlm.nih.gov/Traces/study/?acc=PRJNA407459",29946549,SRP117739,"Lars Verschuren","May 24, 2018"
GSE106633,"Global maps of ProQ binding in vivo reveal target recognition via RNA structure and stability control at mRNA 3' ends","Other","Escherichia coli str. K-12 substr. MG1655;Salmonella enterica subsp. enterica serovar Typhimurium str. SL1344",10,,"WIG;SRA Run Selector","ftp://ftp.ncbi.nlm.nih.gov/geo/series/GSE106nnn/GSE106633/suppl;https://www.ncbi.nlm.nih.gov/Traces/study/?acc=PRJNA417478",29804828,SRP124494,"Thorsten Bischler","May 24, 2018"
GSE107620,"Global hypomethylation mediated changes regulate constitutive PD-L1 expression in melanoma [RNA-Seq]","Expression profiling by high throughput sequencing","Homo sapiens",12,,"CSV;XLSX;SRA Run Selector","ftp://ftp.ncbi.nlm.nih.gov/geo/series/GSE107nnn/GSE107620/suppl;https://www.ncbi.nlm.nih.gov/Traces/study/?acc=PRJNA420861",,SRP126026,"Aniruddha Chatterjee","May 24, 2018"
GSE107621,"Global hypomethylation mediated changes regulate constitutive PD-L1 expression in melanoma [RRBS]","Methylation profiling by high throughput sequencing","Homo sapiens",12,,"CSV;XLSX;SRA Run Selector","ftp://ftp.ncbi.nlm.nih.gov/geo/series/GSE107nnn/GSE107621/suppl;https://www.ncbi.nlm.nih.gov/Traces/study/?acc=PRJNA420862",,SRP126025,"Aniruddha Chatterjee","May 24, 2018"
GSE107622,"Global hypomethylation mediated changes regulate constitutive PD-L1 expression in melanoma","Expression profiling by high throughput sequencing;Methylation profiling by high throughput sequencing","Homo sapiens",24,,,,,,"Aniruddha Chatterjee","May 24, 2018"
GSE110499,"Single cell RNA sequencing of multiple myeloma II","Expression profiling by high throughput sequencing","Homo sapiens",174,,"TXT;SRA Run Selector","ftp://ftp.ncbi.nlm.nih.gov/geo/series/GSE110nnn/GSE110499/suppl;https://www.ncbi.nlm.nih.gov/Traces/study/?acc=PRJNA433864",29898899,SRP132719,"Daeun Ryu","May 24, 2018"
GSE112843,"RNA-seq from Harpegnathos tissues and brain regions","Expression profiling by high throughput sequencing","Harpegnathos saltator",18,,"RPKM;SRA Run Selector","ftp://ftp.ncbi.nlm.nih.gov/geo/series/GSE112nnn/GSE112843/suppl;https://www.ncbi.nlm.nih.gov/Traces/study/?acc=PRJNA449289",29874592,SRP139026,"Roberto Bonasio","May 24, 2018"
GSE112923,"RNA-seq profiling of  human thymic Tregs cultured in conditions containing Th1-cytokines, Retinoic acid or control conditions","Expression profiling by high throughput sequencing","Homo sapiens",12,,"XLSX","ftp://ftp.ncbi.nlm.nih.gov/geo/series/GSE112nnn/GSE112923/suppl",29766641,,"Megan K Levings","May 24, 2018"
GSE113476,"RNAseq of Breast cancer PDX samples","Expression profiling by high throughput sequencing","Homo sapiens",22,,"XLSX;SRA Run Selector","ftp://ftp.ncbi.nlm.nih.gov/geo/series/GSE113nnn/GSE113476/suppl;https://www.ncbi.nlm.nih.gov/Traces/study/?acc=PRJNA451206",,SRP141444,"Alana Welm","May 24, 2018"
GSE113792,"G1P3 (IFI6), a Mitochondrial Localized Antiapoptotic Protein, Promotes Metastatic Potential of Breast Cancer Cells through mtROS","Expression profiling by array","Homo sapiens",2,,"IDAT","ftp://ftp.ncbi.nlm.nih.gov/geo/series/GSE113nnn/GSE113792/suppl",,,"Venugopalan Cheriyath","May 24, 2018"
GSE114021,"Role of NEDD4 E3s in CD4+ T cell activation","Expression profiling by high throughput sequencing","Mus musculus",4,,"TSV;SRA Run Selector","ftp://ftp.ncbi.nlm.nih.gov/geo/series/GSE114nnn/GSE114021/suppl;https://www.ncbi.nlm.nih.gov/Traces/study/?acc=PRJNA454898",,SRP144517,"Aki Daisuke","May 24, 2018"
GSE114805,"High-troughput expression profile of long non-coding and protein-coding RNAs in primary murine aortic endothelial cells (MAoECs)","Expression profiling by high throughput sequencing","Mus musculus",1,,"XLSX;SRA Run Selector","ftp://ftp.ncbi.nlm.nih.gov/geo/series/GSE114nnn/GSE114805/suppl;https://www.ncbi.nlm.nih.gov/Traces/study/?acc=PRJNA472705",29980665,SRP148775,"Andreas Schober","May 24, 2018"
GSE114806,"Tobacco pollen sequestrome dynamics","Expression profiling by array","Nicotiana tabacum",52,,"TXT","ftp://ftp.ncbi.nlm.nih.gov/geo/series/GSE114nnn/GSE114806/suppl",,,"David Honys","May 24, 2018"
GSE114817,"aCGH analysis of human colon cancer C85 cell genome.","Genome variation profiling by array","Homo sapiens",2,,"TXT;XLS","ftp://ftp.ncbi.nlm.nih.gov/geo/series/GSE114nnn/GSE114817/suppl",,,"Magdalena Dabrowska","May 24, 2018"
GSE114827,"Endogenous glucocorticoids control host resistance to viral infection through the tissue-specific regulation of PD1 expression on NK cells","Expression profiling by high throughput sequencing","Mus musculus",17,,"TXT;SRA Run Selector","ftp://ftp.ncbi.nlm.nih.gov/geo/series/GSE114nnn/GSE114827/suppl;https://www.ncbi.nlm.nih.gov/Traces/study/?acc=PRJNA472774",30127438,SRP148791,"Adeline Crinier","May 24, 2018"
GSE114828,"miRNA microarray of rTDSCs under mechanical treatment or not","Non-coding RNA profiling by array","Rattus norvegicus",6,,"TXT","ftp://ftp.ncbi.nlm.nih.gov/geo/series/GSE114nnn/GSE114828/suppl",,,"Yiyun Geng","May 24, 2018"
GSE114833,"Expression data from purified hepatoblasts and differentiated hepatocytes and cholangiocytes","Expression profiling by array","Mus musculus",3,,"TXT","ftp://ftp.ncbi.nlm.nih.gov/geo/series/GSE114nnn/GSE114833/suppl",,,"Tetsuhiro Chiba","May 24, 2018"
GSE84476,"Transcriptomic Differences Associated with TSC2 Gene Expression Loss in Lymphangioleiomyomatosis [human cells]","Expression profiling by high throughput sequencing","Homo sapiens",6,,"TXT;SRA Run Selector","ftp://ftp.ncbi.nlm.nih.gov/geo/series/GSE84nnn/GSE84476/suppl;https://www.ncbi.nlm.nih.gov/Traces/study/?acc=PRJNA329373",29758070,SRP078618,"Blanca E Himes","May 23, 2018"
GSE84477,"Transcriptomic Differences Associated with TSC2 Gene Expression Loss in Lymphangioleiomyomatosis [mouse cells]","Expression profiling by high throughput sequencing","Mus musculus",6,,"TXT;SRA Run Selector","ftp://ftp.ncbi.nlm.nih.gov/geo/series/GSE84nnn/GSE84477/suppl;https://www.ncbi.nlm.nih.gov/Traces/study/?acc=PRJNA329374",29758070,SRP078617,"Blanca E Himes","May 23, 2018"
GSE84478,"Transcriptomic Differences Associated with TSC2 Gene Expression Loss in Lymphangioleiomyomatosis","Expression profiling by high throughput sequencing","Homo sapiens;Mus musculus",12,,,,29758070,,"Blanca E Himes","May 23, 2018"
GSE87717,"Ago2-RIP-chip in Dicer WT and KO macrophages","Other","Mus musculus",6,,"TXT","ftp://ftp.ncbi.nlm.nih.gov/geo/series/GSE87nnn/GSE87717/suppl",29748186,,"Andreas Schober","May 23, 2018"
GSE87718,"miRNA expression profiles in Dicer WT and KO bone marrow-derived macrophages","Expression profiling by RT-PCR","Mus musculus",6,,"TXT","ftp://ftp.ncbi.nlm.nih.gov/geo/series/GSE87nnn/GSE87718/suppl",29748186,,"Andreas Schober","May 23, 2018"
GSE87719,"miRNA expression profile in aortas from LysM-Cre/Dicerflox/flox/Apoe–/– mice compared with LysM-Cre/Dicerwt/wt/Apoe–/– mice fed with high-fat diet for 12 weeks","Expression profiling by RT-PCR","Mus musculus",6,,"TXT","ftp://ftp.ncbi.nlm.nih.gov/geo/series/GSE87nnn/GSE87719/suppl",29748186,,"Andreas Schober","May 23, 2018"
GSE87721,"Ago2-RIP-chip and miRNA expression profile in Dicer WT and KO macrophages from bone marrow or aorta","Expression profiling by RT-PCR;Other","Mus musculus",18,,"TXT","ftp://ftp.ncbi.nlm.nih.gov/geo/series/GSE87nnn/GSE87721/suppl",29748186,,"Andreas Schober","May 23, 2018"
GSE92540,"Heterogeneity in early lymphoid compartments [CLP and LP]","Expression profiling by high throughput sequencing;Expression profiling by RT-PCR","Mus musculus",512,,"TXT","ftp://ftp.ncbi.nlm.nih.gov/geo/series/GSE92nnn/GSE92540/suppl",,,"Shamit Soneji","May 23, 2018"
GSE93102,"Arachidonic acid targets pneumococcal fatty acid homeostasis","Expression profiling by high throughput sequencing","Streptococcus pneumoniae D39",2,,"CSV;TXT;SRA Run Selector","ftp://ftp.ncbi.nlm.nih.gov/geo/series/GSE93nnn/GSE93102/suppl;https://www.ncbi.nlm.nih.gov/Traces/study/?acc=PRJNA360059",29867785,SRP095994,"Bart Eijkelkamp","May 23, 2018"
GSE95799,"Subgenome dominance in an interspecific hybrid, synthetic allopolyploid, and a 140 year old naturally established neo-allopolyploid monkeyflower","Methylation profiling by high throughput sequencing","Erythranthe guttata;Erythranthe lutea;Erythranthe lutea x Erythranthe guttata;Mimulus peregrinus",20,,"TSV;TXT;SRA Run Selector","ftp://ftp.ncbi.nlm.nih.gov/geo/series/GSE95nnn/GSE95799/suppl;https://www.ncbi.nlm.nih.gov/Traces/study/?acc=PRJNA378427",28814644,SRP101517,"Adam James Bewick","May 23, 2018"
GSE97945,"ChAHP (Adnp, Chd4, HP1) mediates sequence-specific recruitment of HP1 independent of H3K9 methylation","Expression profiling by high throughput sequencing;Genome binding/occupancy profiling by high throughput sequencing","Mus musculus",82,,"BED;BW;SRA Run Selector","ftp://ftp.ncbi.nlm.nih.gov/geo/series/GSE97nnn/GSE97945/suppl;https://www.ncbi.nlm.nih.gov/Traces/study/?acc=PRJNA383413",29795351,SRP104194,"Fabio Mohn","May 23, 2018"
GSE99643,"The RhoA guanine nucleotide exchange factor Net1 is required for PyMT mediated mammary gland tumorigenesis and metastasis","Expression profiling by array","Mus musculus",6,,"IDAT;TXT","ftp://ftp.ncbi.nlm.nih.gov/geo/series/GSE99nnn/GSE99643/suppl",29769144,,"Jeffrey Chang","May 23, 2018"
GSE99768,"B-cell activating factor (BAFF) stimulation of Burkitt Lymphoma cell line [RNA-Seq]","Expression profiling by high throughput sequencing","Homo sapiens",6,,"XLSX;SRA Run Selector","ftp://ftp.ncbi.nlm.nih.gov/geo/series/GSE99nnn/GSE99768/suppl;https://www.ncbi.nlm.nih.gov/Traces/study/?acc=PRJNA389572",29768462,SRP108761,"Alexander Wolff","May 23, 2018"
GSE99897,"Comparison of rectal patient data separated by their event of developing distant metastasis [RNA-Seq]","Expression profiling by high throughput sequencing","Homo sapiens",10,,"CSV","ftp://ftp.ncbi.nlm.nih.gov/geo/series/GSE99nnn/GSE99897/suppl",29768462,,"Alexander Wolff","May 23, 2018"
GSE100109,"Comparison of rectal patient data separated by their event of developing distant metastasis [Agilent]","Expression profiling by array","Homo sapiens",10,,"TXT","ftp://ftp.ncbi.nlm.nih.gov/geo/series/GSE100nnn/GSE100109/suppl",29768462,,"Alexander Wolff","May 23, 2018"
GSE100110,"Comparison of rectal patient data separated by their event of developing distant metastasis","Expression profiling by array;Expression profiling by high throughput sequencing","Homo sapiens",20,,"TXT","ftp://ftp.ncbi.nlm.nih.gov/geo/series/GSE100nnn/GSE100110/suppl",29768462,,"Alexander Wolff","May 23, 2018"
GSE100111,"B-cell activating factor (BAFF) stimulation of Burkitt Lymphoma cell line [Affymetrix]","Expression profiling by array","Homo sapiens",6,,"CEL","ftp://ftp.ncbi.nlm.nih.gov/geo/series/GSE100nnn/GSE100111/suppl",29768462,,"Alexander Wolff","May 23, 2018"
GSE100112,"B-cell activating factor (BAFF) stimulation of Burkitt Lymphoma cell line","Expression profiling by high throughput sequencing;Expression profiling by array","Homo sapiens",12,,"CEL","ftp://ftp.ncbi.nlm.nih.gov/geo/series/GSE100nnn/GSE100112/suppl",29768462,,"Alexander Wolff","May 23, 2018"
GSE100552,"Transcriptomic analysis of A. baumannii during the course of a pneumonia infection","Expression profiling by high throughput sequencing","Acinetobacter baumannii",12,,"GTF;TSV;SRA Run Selector","ftp://ftp.ncbi.nlm.nih.gov/geo/series/GSE100nnn/GSE100552/suppl;https://www.ncbi.nlm.nih.gov/Traces/study/?acc=PRJNA392253",29334313,SRP110668,"Jose Luis Lavin","May 23, 2018"
GSE101402,"Global gene expression in response to X rays in mice deficient in Parp1","Expression profiling by array","Mus musculus",24,,"TXT","ftp://ftp.ncbi.nlm.nih.gov/geo/series/GSE101nnn/GSE101402/suppl",29746213,,"Sally Amundson","May 23, 2018"
GSE101474,"Global expression of sebacous gland carcinoma [mRNA]","Expression profiling by array","Homo sapiens",12,,"CEL","ftp://ftp.ncbi.nlm.nih.gov/geo/series/GSE101nnn/GSE101474/suppl",29760516,,"John Bladen","May 23, 2018"
GSE101475,"Global expression of Sebacous Gland carcinoma [miRNA]","Other","Homo sapiens",9,,"TXT","ftp://ftp.ncbi.nlm.nih.gov/geo/series/GSE101nnn/GSE101475/suppl",29760516,,"John Bladen","May 23, 2018"
GSE101476,"Global expression of sebacous gland carcinoma","Expression profiling by array;Other","Homo sapiens",21,,"CEL","ftp://ftp.ncbi.nlm.nih.gov/geo/series/GSE101nnn/GSE101476/suppl",29760516,,"John Bladen","May 23, 2018"
GSE101492,"LONG NON-CODING RNAs ASSOCIATED WITH METABOLIC TRAITS IN HUMAN WHITE ADIPOSE TISSUE","Expression profiling by array","Homo sapiens",80,,"CEL","ftp://ftp.ncbi.nlm.nih.gov/geo/series/GSE101nnn/GSE101492/suppl",29580841,,"Ingrid Dahlman","May 23, 2018"
GSE101909,"Fgf8 signaling alters the osteogenic cell fate in anterior hard palate","Expression profiling by high throughput sequencing","Mus musculus",12,,"TXT;SRA Run Selector","ftp://ftp.ncbi.nlm.nih.gov/geo/series/GSE101nnn/GSE101909/suppl;https://www.ncbi.nlm.nih.gov/Traces/study/?acc=PRJNA396056",29342370,SRP113724,"Yiping Chen","May 23, 2018"
GSE102028,"Genome-Wide Identification and Comprehensive Analysis of Conserved MicroRNAs and Phased small Interfering RNAs in Watermelon [miRNA-Seq]","Non-coding RNA profiling by high throughput sequencing","Citrullus lanatus",14,,"TXT;SRA Run Selector","ftp://ftp.ncbi.nlm.nih.gov/geo/series/GSE102nnn/GSE102028/suppl;https://www.ncbi.nlm.nih.gov/Traces/study/?acc=PRJNA396241",29764387,SRP113789,"Yun Zheng","May 23, 2018"
GSE102029,"Genome-Wide Identification and Comprehensive Analysis of Conserved MicroRNAs and Phased small Interfering RNAs in Watermelon [degradome]","Other","Citrullus lanatus",1,,"TXT;SRA Run Selector","ftp://ftp.ncbi.nlm.nih.gov/geo/series/GSE102nnn/GSE102029/suppl;https://www.ncbi.nlm.nih.gov/Traces/study/?acc=PRJNA396240",29764387,SRP113790,"Yun Zheng","May 23, 2018"
GSE102030,"Genome-Wide Identification and Comprehensive Analysis of Conserved MicroRNAs and Phased small Interfering RNAs in Watermelon","Other;Non-coding RNA profiling by high throughput sequencing","Citrullus lanatus",15,,"TXT","ftp://ftp.ncbi.nlm.nih.gov/geo/series/GSE102nnn/GSE102030/suppl",29764387,,"Yun Zheng","May 23, 2018"
GSE104581,"Beta cell-targeted glucokinase overexpression","Expression profiling by high throughput sequencing","Mus musculus",8,,"TSV;SRA Run Selector","ftp://ftp.ncbi.nlm.nih.gov/geo/series/GSE104nnn/GSE104581/suppl;https://www.ncbi.nlm.nih.gov/Traces/study/?acc=PRJNA413133",,SRP119391,"Yasuhiro Ikeda","May 23, 2018"
GSE104756,"Differential gene expression tools exhibit substandard performance for long non-coding RNA-sequencing data","Expression profiling by high throughput sequencing","Homo sapiens",20,,"TSV;SRA Run Selector","ftp://ftp.ncbi.nlm.nih.gov/geo/series/GSE104nnn/GSE104756/suppl;https://www.ncbi.nlm.nih.gov/Traces/study/?acc=PRJNA413772",30041657,SRP119657,"Celine Everaert","May 23, 2018"
GSE107104,"Increased expression of immune regulatory mediators independently detects tuberculosis in advanced HIV","Expression profiling by high throughput sequencing","Homo sapiens",33,,"XLSX;SRA Run Selector","ftp://ftp.ncbi.nlm.nih.gov/geo/series/GSE107nnn/GSE107104/suppl;https://www.ncbi.nlm.nih.gov/Traces/study/?acc=PRJNA418996",29764370,SRP125233,"Padmini n/a Salgame","May 23, 2018"
GSE108320,"Human CRC cells (Caco2 and SW480): AURKA siRNA vs non targeted siRNA","Expression profiling by array","Homo sapiens",4,,"TXT","ftp://ftp.ncbi.nlm.nih.gov/geo/series/GSE108nnn/GSE108320/suppl",29760449,,"Beatriz Carvalho","May 23, 2018"
GSE110087,"Gene expression profiles of primary samples of acute myeloid leukemia (AML)","Expression profiling by array","Homo sapiens",41,,"CEL","ftp://ftp.ncbi.nlm.nih.gov/geo/series/GSE110nnn/GSE110087/suppl",29490944,,"Zhiqiang Wang","May 23, 2018"
GSE110398,"Gene expression profiling of vein graft restenosis","Expression profiling by array","Oryctolagus cuniculus",16,,"TXT","ftp://ftp.ncbi.nlm.nih.gov/geo/series/GSE110nnn/GSE110398/suppl",29785339,,"Qun Wang","May 23, 2018"
GSE110521,"MLL-fusion-driven leukemia requires SETD2 to safeguard genomic integrity","Expression profiling by high throughput sequencing;Genome binding/occupancy profiling by high throughput sequencing","Mus musculus",27,,"BW;TXT;SRA Run Selector","ftp://ftp.ncbi.nlm.nih.gov/geo/series/GSE110nnn/GSE110521/suppl;https://www.ncbi.nlm.nih.gov/Traces/study/?acc=PRJNA433925",29777171,SRP132773,"Thomas Eder","May 23, 2018"
GSE110857,"The modulation of acetic acid pathway genes in Arabidopsis produces drought-stress tolerant plants","Expression profiling by array","Arabidopsis thaliana",12,,"TXT","ftp://ftp.ncbi.nlm.nih.gov/geo/series/GSE110nnn/GSE110857/suppl",29777132,,"Khurram Bashir","May 23, 2018"
GSE112413,"Increased FGF8 Signaling Promotes Chondrogenic Rather Than Osteogenic Development in the Embryonic Skull","Expression profiling by high throughput sequencing","Mus musculus",9,,"CSV;SRA Run Selector","ftp://ftp.ncbi.nlm.nih.gov/geo/series/GSE112nnn/GSE112413/suppl;https://www.ncbi.nlm.nih.gov/Traces/study/?acc=PRJNA445954",29752281,SRP136602,"Trevor Williams","May 23, 2018"
GSE112642,"Single cell transcriptomics reveal the dynamic of haematopoietic stem cell production in the aorta","Expression profiling by high throughput sequencing","Mus musculus",14,,"CSV;SRA Run Selector","ftp://ftp.ncbi.nlm.nih.gov/geo/series/GSE112nnn/GSE112642/suppl;https://www.ncbi.nlm.nih.gov/Traces/study/?acc=PRJNA448599",29955049,SRP137016,"Chloé Baron","May 23, 2018"
GSE112742,"Murine mammary gland: PRA transgenics vs. wild-type","Expression profiling by array","Mus musculus",7,,"TXT","ftp://ftp.ncbi.nlm.nih.gov/geo/series/GSE112nnn/GSE112742/suppl",29940887,,"Maria Jose Carlini","May 23, 2018"
GSE113332,"Response by Fusarium oxysporum f.sp. lycopersici 4287 to 28 and 37 degrees celcius","Expression profiling by high throughput sequencing","Fusarium oxysporum f. sp. lycopersici 4287",6,,"TXT;SRA Run Selector","ftp://ftp.ncbi.nlm.nih.gov/geo/series/GSE113nnn/GSE113332/suppl;https://www.ncbi.nlm.nih.gov/Traces/study/?acc=PRJNA450835",,SRP140931,"Gregory Alan DeIulio","May 23, 2018"
GSE114702,"Social Interaction-induced Activation of RNA Splicing in the Amygdala of Microbiome-Deficient Mice","Expression profiling by high throughput sequencing","Mus musculus",40,,"TXT;XLSX;SRA Run Selector","ftp://ftp.ncbi.nlm.nih.gov/geo/series/GSE114nnn/GSE114702/suppl;https://www.ncbi.nlm.nih.gov/Traces/study/?acc=PRJNA472338",29809134,SRP148566,"Roman M Stilling","May 23, 2018"
GSE114753,"Cigarette smoking significantly alters sperm DNA methylation patterns","Methylation profiling by array","Homo sapiens",156,,"IDAT;TXT","ftp://ftp.ncbi.nlm.nih.gov/geo/series/GSE114nnn/GSE114753/suppl",28950428,,"Kenneth Ivan Aston","May 23, 2018"
GSE114763,"Human Muscle Posses Epigenetic Memory","Methylation profiling by genome tiling array","Homo sapiens",40,,"IDAT","ftp://ftp.ncbi.nlm.nih.gov/geo/series/GSE114nnn/GSE114763/suppl",29382913;30375987,,"Robert Arthur Seaborne","May 23, 2018"
GSE114779,"A comparison of genome-wide DNA methylation profiles between Tibetan and Yorkshire pigs","Methylation profiling by high throughput sequencing","Sus scrofa",16,,"TXT;SRA Run Selector","ftp://ftp.ncbi.nlm.nih.gov/geo/series/GSE114nnn/GSE114779/suppl;https://www.ncbi.nlm.nih.gov/Traces/study/?acc=PRJNA472604",,SRP148690,"Bo Zhang","May 23, 2018"
GSE114780,"Next generation sequencing of distal colon glial cells with DNBS-induced inflammation and neurokinin-2 receptor antagonism utilizing RiboTag mice","Expression profiling by high throughput sequencing","Mus musculus",12,,"TXT;SRA Run Selector","ftp://ftp.ncbi.nlm.nih.gov/geo/series/GSE114nnn/GSE114780/suppl;https://www.ncbi.nlm.nih.gov/Traces/study/?acc=PRJNA472607",30116771,SRP148693,"Brian David Gulbransen","May 23, 2018"
GSE114781,"Regulation of mRNA half-life by an inhibitor of human decapping enzyme Dcp2 following transcription shutoff in HEK293T cells","Expression profiling by high throughput sequencing","Homo sapiens",12,,"TXT;SRA Run Selector","ftp://ftp.ncbi.nlm.nih.gov/geo/series/GSE114nnn/GSE114781/suppl;https://www.ncbi.nlm.nih.gov/Traces/study/?acc=PRJNA472608",,SRP148695,"Sarah Slavoff","May 23, 2018"
GSE114782,"An essential role for Abscisic acid in the regulation of xylem fibre differentiation","Expression profiling by high throughput sequencing","Arabidopsis thaliana",33,,"TXT;SRA Run Selector","ftp://ftp.ncbi.nlm.nih.gov/geo/series/GSE114nnn/GSE114782/suppl;https://www.ncbi.nlm.nih.gov/Traces/study/?acc=PRJNA472615",,SRP148699,"Simon Roy Turner","May 23, 2018"
GSE114792,"DNA methylation-mediated regulation of adipose tissue macrophages during high-fat diet-induced obesity","Methylation profiling by high throughput sequencing","Mus musculus",2,,"WIG;SRA Run Selector","ftp://ftp.ncbi.nlm.nih.gov/geo/series/GSE114nnn/GSE114792/suppl;https://www.ncbi.nlm.nih.gov/Traces/study/?acc=PRJNA472629",29899524,SRP148765,"Mitzi Nagarkatti","May 23, 2018"
GSE114793,"Functional dissection of lymphoid progenitor compartments resolves developmental trajectories in B-lymphocyte development","Expression profiling by high throughput sequencing","Mus musculus",3,,"TXT;SRA Run Selector","ftp://ftp.ncbi.nlm.nih.gov/geo/series/GSE114nnn/GSE114793/suppl;https://www.ncbi.nlm.nih.gov/Traces/study/?acc=PRJNA472633",,SRP148766,"Shamit Soneji","May 23, 2018"
GSE114796,"RNA transcriptome sequencing analysis of AGS cells transfected with MFAP2 shRNA or control shRNA","Expression profiling by high throughput sequencing","Homo sapiens",4,,"TXT;SRA Run Selector","ftp://ftp.ncbi.nlm.nih.gov/geo/series/GSE114nnn/GSE114796/suppl;https://www.ncbi.nlm.nih.gov/Traces/study/?acc=PRJNA472638",,SRP148769,"Lianlian Wu","May 23, 2018"
GSE114798,"Unwavering Pathobiology of Volumetric Muscle Loss Injury","Expression profiling by high throughput sequencing","Sus scrofa domesticus",12,,"TXT;SRA Run Selector","ftp://ftp.ncbi.nlm.nih.gov/geo/series/GSE114nnn/GSE114798/suppl;https://www.ncbi.nlm.nih.gov/Traces/study/?acc=PRJNA472640",29030619,SRP148771,"Darrell Orlyn Ricke","May 23, 2018"
GSE114799,"Multiscale analysis of a regenerative therapy for treatment of volumetric muscle loss injury","Expression profiling by high throughput sequencing","Rattus norvegicus",138,,"TXT;SRA Run Selector","ftp://ftp.ncbi.nlm.nih.gov/geo/series/GSE114nnn/GSE114799/suppl;https://www.ncbi.nlm.nih.gov/Traces/study/?acc=PRJNA472641",29531830,SRP148772,"Darrell Orlyn Ricke","May 23, 2018"
GSE38385,"MicroRNA (miRNA) expression profiling of blood leukocytes of Parkinson's disease (PD) patients pre- and post-deep brain stimulation treatment and of healthy control volunteers","Non-coding RNA profiling by array","Homo sapiens;synthetic construct",13,,"CEL","ftp://ftp.ncbi.nlm.nih.gov/geo/series/GSE38nnn/GSE38385/suppl",,,"Lilach Soreq","May 22, 2018"
GSE61298,"Transcriptional profiling of human monocyte-derived macrophages","Expression profiling by array","Homo sapiens",21,,"CEL","ftp://ftp.ncbi.nlm.nih.gov/geo/series/GSE61nnn/GSE61298/suppl",29780382,,"Anna Ohradanova-Repic","May 22, 2018"
GSE69272,"Mirror bisulfite sequencing – a method for single-base resolution of hydroxymethylcytosine","Methylation profiling by high throughput sequencing","Homo sapiens",20,,"BED;SRA Run Selector","ftp://ftp.ncbi.nlm.nih.gov/geo/series/GSE69nnn/GSE69272/suppl;https://www.ncbi.nlm.nih.gov/Traces/study/?acc=PRJNA285063",,SRP058755,"Xueguang Sun","May 22, 2018"
GSE93140,"Genome-wide profiling of H3K4me3 and H3K27me3 modifications during and after vernalization in Brachypodium","Genome binding/occupancy profiling by high throughput sequencing","Brachypodium distachyon",7,,"TXT;SRA Run Selector","ftp://ftp.ncbi.nlm.nih.gov/geo/series/GSE93nnn/GSE93140/suppl;https://www.ncbi.nlm.nih.gov/Traces/study/?acc=PRJNA360125",30063801,SRP096034,"Qing Huan","May 22, 2018"
GSE94822,"Super-enhancer Driven Core Regulatory Circuitry in MYCN-amplified Neuroblastoma [ChIP-Seq]","Genome binding/occupancy profiling by high throughput sequencing","Homo sapiens",16,,"BED;WIG;SRA Run Selector","ftp://ftp.ncbi.nlm.nih.gov/geo/series/GSE94nnn/GSE94822/suppl;https://www.ncbi.nlm.nih.gov/Traces/study/?acc=PRJNA374532",30127528,SRP099427,"Richard A Young","May 22, 2018"
GSE94823,"Super-enhancer Driven Core Regulatory Circuitry in MYCN-amplified Neuroblastoma [ATAC-Seq]","Other","Homo sapiens",2,,"WIG;SRA Run Selector","ftp://ftp.ncbi.nlm.nih.gov/geo/series/GSE94nnn/GSE94823/suppl;https://www.ncbi.nlm.nih.gov/Traces/study/?acc=PRJNA374534",30127528,SRP099428,"Richard A Young","May 22, 2018"
GSE94824,"Super-enhancer Driven Core Regulatory Circuitry in MYCN-amplified Neuroblastoma","Genome binding/occupancy profiling by high throughput sequencing;Other;Expression profiling by array","Homo sapiens",30,,"BED;CEL;WIG","ftp://ftp.ncbi.nlm.nih.gov/geo/series/GSE94nnn/GSE94824/suppl",30127528,,"Richard A Young","May 22, 2018"
GSE99240,"Preliminary Report of Transplantation of Human Fetal Retinal Pigment Epithelial Cells on Age-related Macular Degeneration Patients","Expression profiling by high throughput sequencing","Homo sapiens",6,,"CSV;SRA Run Selector","ftp://ftp.ncbi.nlm.nih.gov/geo/series/GSE99nnn/GSE99240/suppl;https://www.ncbi.nlm.nih.gov/Traces/study/?acc=PRJNA387681",,SRP107921,"Qin An","May 22, 2018"
GSE99531,"A transcriptionally und functionally distinct PD-1+ CD8+ T cell pool with predictive potential in non-small cell lung cancer treated with PD-1 blockade","Expression profiling by high throughput sequencing","Homo sapiens",37,,"TXT;SRA Run Selector","ftp://ftp.ncbi.nlm.nih.gov/geo/series/GSE99nnn/GSE99531/suppl;https://www.ncbi.nlm.nih.gov/Traces/study/?acc=PRJNA388717",29892065,SRP108393,"Andreas Roller","May 22, 2018"
GSE99928,"The physiology of Agaricus bisporus in semi-commercial compost cultivation appears to be highly conserved among unrelated isolates","Expression profiling by high throughput sequencing","Agaricus bisporus",16,,"TXT;SRA Run Selector","ftp://ftp.ncbi.nlm.nih.gov/geo/series/GSE99nnn/GSE99928/suppl;https://www.ncbi.nlm.nih.gov/Traces/study/?acc=PRJNA390140",29277563,SRP109010,"Ronald de Vries","May 22, 2018"
GSE104175,"InDePTH: Detection of upstream hub genes participating in drug-induced gene expression network development","Expression profiling by array","Homo sapiens",2,,"CEL","ftp://ftp.ncbi.nlm.nih.gov/geo/series/GSE104nnn/GSE104175/suppl",30018738,,"Masaru Koido","May 22, 2018"
GSE104324,"Soluble Neuregulin1 is a negative regulator of myelination","Expression profiling by high throughput sequencing","Rattus norvegicus",6,,"TXT;SRA Run Selector","ftp://ftp.ncbi.nlm.nih.gov/geo/series/GSE104nnn/GSE104324/suppl;https://www.ncbi.nlm.nih.gov/Traces/study/?acc=PRJNA412366",,SRP118982,"Elio Grazio","May 22, 2018"
GSE104702,"Transcriptional regulation mediated by H2A.Z via ANP32e-dependent inhibition of protein phosphatase 2A","Genome binding/occupancy profiling by high throughput sequencing","Mus musculus",5,,"BW;XLSX;SRA Run Selector","ftp://ftp.ncbi.nlm.nih.gov/geo/series/GSE104nnn/GSE104702/suppl;https://www.ncbi.nlm.nih.gov/Traces/study/?acc=PRJNA413542",29524612,SRP119534,"Danish Sayed","May 22, 2018"
GSE106202,"Transcriptomic data of MDA-MB-231 cells adapted to culture in media containing different sugars (glucose or fructose) and cultured as mammospheres","Expression profiling by high throughput sequencing","Homo sapiens",2,,"TXT;SRA Run Selector","ftp://ftp.ncbi.nlm.nih.gov/geo/series/GSE106nnn/GSE106202/suppl;https://www.ncbi.nlm.nih.gov/Traces/study/?acc=PRJNA415913",29796188,SRP121624,"Jeremy Paul Blaydes","May 22, 2018"
GSE107085,"MeCP2 interacts with chromosomal microRNAs in brain","Other","Mus musculus",12,,"TSV;SRA Run Selector","ftp://ftp.ncbi.nlm.nih.gov/geo/series/GSE107nnn/GSE107085/suppl;https://www.ncbi.nlm.nih.gov/Traces/study/?acc=PRJNA418965",29412786,SRP125221,"Mark D Ziemann","May 22, 2018"
GSE107837,"Transcriptomics but not DNA methylomics find Tp73, Cebpd, Pax6 and Spi1 transcription factors as treatment targets for traumatic brain injury","Methylation profiling by high throughput sequencing","Rattus norvegicus",30,,"TXT;SRA Run Selector","ftp://ftp.ncbi.nlm.nih.gov/geo/series/GSE107nnn/GSE107837/suppl;https://www.ncbi.nlm.nih.gov/Traces/study/?acc=PRJNA421564",29482641,SRP126367,"Anssi Lipponen","May 22, 2018"
GSE107942,"Lipoxins Regulate the  Egr-1 Network and Reverse Diabetic Kidney Disease","Expression profiling by high throughput sequencing","Mus musculus",36,,"TXT;SRA Run Selector","ftp://ftp.ncbi.nlm.nih.gov/geo/series/GSE107nnn/GSE107942/suppl;https://www.ncbi.nlm.nih.gov/Traces/study/?acc=PRJNA422272",29490938,SRP126673,"Mark D Ziemann","May 22, 2018"
GSE108181,"Dazl maintains proliferating germ cells through a network of polyA-proximal mRNA interactions [Adult HITS-CLIP]","Expression profiling by high throughput sequencing","Mus musculus",3,,"TXT;SRA Run Selector","ftp://ftp.ncbi.nlm.nih.gov/geo/series/GSE108nnn/GSE108181/suppl;https://www.ncbi.nlm.nih.gov/Traces/study/?acc=PRJNA429344",,SRP128642,"Donny Licatalosi","May 22, 2018"
GSE108183,"Dazl maintains proliferating germ cells through a network of polyA-proximal mRNA interactions [P6 iCLIP]","Expression profiling by high throughput sequencing","Mus musculus",3,,"TXT;SRA Run Selector","ftp://ftp.ncbi.nlm.nih.gov/geo/series/GSE108nnn/GSE108183/suppl;https://www.ncbi.nlm.nih.gov/Traces/study/?acc=PRJNA429350",,SRP128646,"Donny Licatalosi","May 22, 2018"
GSE108914,"Super-enhancer Driven Core Regulatory Circuitry in MYCN-amplified Neuroblastoma [array]","Expression profiling by array","Homo sapiens",12,,"CEL;TXT","ftp://ftp.ncbi.nlm.nih.gov/geo/series/GSE108nnn/GSE108914/suppl",30127528,,"Richard A Young","May 22, 2018"
GSE108991,"Dazl maintains proliferating germ cells through a network of polyA-proximal mRNA interactions [Adult PolyA-Seq]","Expression profiling by high throughput sequencing","Mus musculus",2,,"XLSX;SRA Run Selector","ftp://ftp.ncbi.nlm.nih.gov/geo/series/GSE108nnn/GSE108991/suppl;https://www.ncbi.nlm.nih.gov/Traces/study/?acc=PRJNA429353",,SRP128643,"Donny Licatalosi","May 22, 2018"
GSE108992,"Dazl maintains proliferating germ cells through a network of polyA-proximal mRNA interactions [Adult RNA-Seq]","Expression profiling by high throughput sequencing","Mus musculus",2,,"BEDGRAPH;TXT;SRA Run Selector","ftp://ftp.ncbi.nlm.nih.gov/geo/series/GSE108nnn/GSE108992/suppl;https://www.ncbi.nlm.nih.gov/Traces/study/?acc=PRJNA429352",,SRP128644,"Donny Licatalosi","May 22, 2018"
GSE108993,"Dazl maintains proliferating germ cells through a network of polyA-proximal mRNA interactions [GFP cells RNA-Seq]","Expression profiling by high throughput sequencing","Mus musculus",5,,"XLSX;SRA Run Selector","ftp://ftp.ncbi.nlm.nih.gov/geo/series/GSE108nnn/GSE108993/suppl;https://www.ncbi.nlm.nih.gov/Traces/study/?acc=PRJNA429355",,SRP128645,"Donny Licatalosi","May 22, 2018"
GSE108996,"Dazl maintains proliferating germ cells through a network of polyA-proximal mRNA interactions [Spermatogonia PolyA-Seq]","Expression profiling by high throughput sequencing","Mus musculus",2,,"XLSX;SRA Run Selector","ftp://ftp.ncbi.nlm.nih.gov/geo/series/GSE108nnn/GSE108996/suppl;https://www.ncbi.nlm.nih.gov/Traces/study/?acc=PRJNA429366",,SRP128647,"Donny Licatalosi","May 22, 2018"
GSE108997,"Dazl maintains proliferating germ cells through a network of polyA-proximal mRNA interactions","Expression profiling by high throughput sequencing","Mus musculus",32,,"BEDGRAPH;TXT","ftp://ftp.ncbi.nlm.nih.gov/geo/series/GSE108nnn/GSE108997/suppl",,,"Donny Licatalosi","May 22, 2018"
GSE109939,"Near-term fetal sheep pulmonary artery endothelial cells in a model of intrauterine growth restriction (IUGR)","Expression profiling by array","Ovis aries",8,,"CEL;CHP","ftp://ftp.ncbi.nlm.nih.gov/geo/series/GSE109nnn/GSE109939/suppl",29722560,,"Reuben Blair Dodson","May 22, 2018"
GSE110053,"A map of the PGC-1α- and NT-PGC-1α-regulated transcriptional network in brown adipose tissue [ChIP-Seq]","Genome binding/occupancy profiling by high throughput sequencing","Mus musculus",4,,"BEDGRAPH;SRA Run Selector","ftp://ftp.ncbi.nlm.nih.gov/geo/series/GSE110nnn/GSE110053/suppl;https://www.ncbi.nlm.nih.gov/Traces/study/?acc=PRJNA432780",29777200,SRP132120,"Ji Suk Chang","May 22, 2018"
GSE110055,"A map of the PGC-1α- and NT-PGC-1α-regulated transcriptional network in brown adipose tissue [SAGE]","Expression profiling by high throughput sequencing","Mus musculus",12,,"TXT;SRA Run Selector","ftp://ftp.ncbi.nlm.nih.gov/geo/series/GSE110nnn/GSE110055/suppl;https://www.ncbi.nlm.nih.gov/Traces/study/?acc=PRJNA432781",29777200,SRP132122,"Ji Suk Chang","May 22, 2018"
GSE110056,"A map of the PGC-1α- and NT-PGC-1α-regulated transcriptional network in brown adipose tissue","Expression profiling by high throughput sequencing;Genome binding/occupancy profiling by high throughput sequencing","Mus musculus",16,,,,29777200,,"Ji Suk Chang","May 22, 2018"
GSE110074,"Transcriptomic analysis of gene profile in KSHV+ PEL cells changed by bacterial quorum sensing molecules [BCBL-1]","Expression profiling by array","Homo sapiens",2,,"TXT","ftp://ftp.ncbi.nlm.nih.gov/geo/series/GSE110nnn/GSE110074/suppl",29743366,,"Zhiqiang Qin","May 22, 2018"
GSE110075,"Transcriptomic analysis of gene profile in KSHV+ PEL cells changed by bacterial quorum sensing molecules [BCP-1]","Expression profiling by array","Homo sapiens",2,,"TXT","ftp://ftp.ncbi.nlm.nih.gov/geo/series/GSE110nnn/GSE110075/suppl",29743366,,"Zhiqiang Qin","May 22, 2018"
GSE110076,"Transcriptomic analysis of gene profile in KSHV+ PEL cells changed by bacterial quorum sensing molecules","Expression profiling by array","Homo sapiens",8,,,,29743366,,"Zhiqiang Qin","May 22, 2018"
GSE110172,"Transcriptomic analysis of gene profile in KSHV+ PEL cells changed by bacterial quorum sensing molecules [BCBL_OdDHL]","Expression profiling by array","Homo sapiens",2,,"TXT","ftp://ftp.ncbi.nlm.nih.gov/geo/series/GSE110nnn/GSE110172/suppl",29743366,,"Zhiqiang Qin","May 22, 2018"
GSE110173,"Transcriptomic analysis of gene profile in KSHV+ PEL cells changed by bacterial quorum sensing molecules [BCP-1_OdDHL]","Expression profiling by array","Homo sapiens",2,,"TXT","ftp://ftp.ncbi.nlm.nih.gov/geo/series/GSE110nnn/GSE110173/suppl",29743366,,"Zhiqiang Qin","May 22, 2018"
GSE110350,"Role of endogenous type I Interferon  in spontaneous, Her2/Neu oncogene-driven carcinogenesis","Expression profiling by array","Mus musculus",30,,"GPR","ftp://ftp.ncbi.nlm.nih.gov/geo/series/GSE110nnn/GSE110350/suppl",29622580,,"Luciano Castiello","May 22, 2018"
GSE111770,"Transcriptomic profiling of trigeminal nucleus caudalis (TNC) and spinal cord dorsal horn (SC)","Expression profiling by high throughput sequencing","Rattus norvegicus",12,,"TXT;SRA Run Selector","ftp://ftp.ncbi.nlm.nih.gov/geo/series/GSE111nnn/GSE111770/suppl;https://www.ncbi.nlm.nih.gov/Traces/study/?acc=PRJNA438118",29723522,SRP135264,"Lisette Kogelman","May 22, 2018"
GSE112129,"Transcriptional profiling of immune-related genes in Leishmania infantum-infected mice: identification of potential biomarkers of infection and progression of disease [MODEL]","Expression profiling by RT-PCR","Mus musculus",47,,"XLS","ftp://ftp.ncbi.nlm.nih.gov/geo/series/GSE112nnn/GSE112129/suppl",30013952,,"Emma Carmelo","May 22, 2018"
GSE112138,"Transcriptional profiling of immune-related genes in Leishmania infantum-infected mice: identification of potential biomarkers of infection and progression of disease [BIOMARKERS]","Expression profiling by RT-PCR","Mus musculus",61,,"TXT","ftp://ftp.ncbi.nlm.nih.gov/geo/series/GSE112nnn/GSE112138/suppl",30013952,,"Emma Carmelo","May 22, 2018"
GSE112139,"Transcriptional profiling of immune-related genes in Leishmania infantum-infected mice: identification of potential biomarkers of infection and progression of disease","Expression profiling by RT-PCR","Mus musculus",108,,,,30013952,,"Emma Carmelo","May 22, 2018"
GSE112404,"Melanopsin retinal ganglion cells regulate cone photoreceptor positioning in the mouse retina","Expression profiling by high throughput sequencing","Mus musculus",4,,"XLSX;SRA Run Selector","ftp://ftp.ncbi.nlm.nih.gov/geo/series/GSE112nnn/GSE112404/suppl;https://www.ncbi.nlm.nih.gov/Traces/study/?acc=PRJNA445915",29791852,SRP136577,"Michel Cayouette","May 22, 2018"
GSE112491,"BRG1 governs Glucocorticoid Receptor interactions with chromatin and pioneer factors across the genome","Genome binding/occupancy profiling by high throughput sequencing;Expression profiling by high throughput sequencing","Homo sapiens",44,,"BED;BW;XLSX;SRA Run Selector","ftp://ftp.ncbi.nlm.nih.gov/geo/series/GSE112nnn/GSE112491/suppl;https://www.ncbi.nlm.nih.gov/Traces/study/?acc=PRJNA447949",29792595,SRP136702,"Jackson Andrew Hoffman","May 22, 2018"
GSE112718,"Retinoic acid induced expression of Hnf1β and Fzd4 is required for pancreas development in Xenopus laevis","Expression profiling by high throughput sequencing","Xenopus laevis",8,,"TXT;SRA Run Selector","ftp://ftp.ncbi.nlm.nih.gov/geo/series/GSE112nnn/GSE112718/suppl;https://www.ncbi.nlm.nih.gov/Traces/study/?acc=PRJNA448780",,SRP137258,"Gabriela Salinas-Riester","May 22, 2018"
GSE113477,"Activity-dependent aberrations in gene expression and alternative splicing in a mouse model of Rett syndrome","Expression profiling by high throughput sequencing","Mus musculus",24,,"TXT;SRA Run Selector","ftp://ftp.ncbi.nlm.nih.gov/geo/series/GSE113nnn/GSE113477/suppl;https://www.ncbi.nlm.nih.gov/Traces/study/?acc=PRJNA451208",29769330,SRP141458,"Nurit Ballas","May 22, 2018"
GSE113832,"CRISPR/Cas9-mediated knock-in of an optimized TetO repeat for live cell imaging does not cause heterochromatinization of endogenous loci","Other","Homo sapiens",8,,"BW;SRA Run Selector","ftp://ftp.ncbi.nlm.nih.gov/geo/series/GSE113nnn/GSE113832/suppl;https://www.ncbi.nlm.nih.gov/Traces/study/?acc=PRJNA454207",29912475,SRP143989,"Ipek Tasan","May 22, 2018"
GSE114689,"Study of the function of AtOXR2 in stress response by transcriptional profiling of Arabidopsis thaliana with incresed expression of AtOXR2 (oeOXR2 plants)","Expression profiling by array","Arabidopsis thaliana",2,,"TXT;XLSX","ftp://ftp.ncbi.nlm.nih.gov/geo/series/GSE114nnn/GSE114689/suppl",,,"Elina WELCHEN","May 22, 2018"
GSE114690,"Next Generation Sequencing Facilitates Quantitative Analysis of the control 3T3-L1 (3T3-L1-NC) and LIGHT (tnfsf14) overexpression 3T3-L1 cells (3T3-L1-LIGHT) before and after differentiation into beige adipocytes","Expression profiling by high throughput sequencing","Mus musculus",12,,"TXT;SRA Run Selector","ftp://ftp.ncbi.nlm.nih.gov/geo/series/GSE114nnn/GSE114690/suppl;https://www.ncbi.nlm.nih.gov/Traces/study/?acc=PRJNA472244",,SRP148550,"Yanbo Kou","May 22, 2018"
GSE114692,"Effect of LIMD1 knockdown on gene expression in Human Bronchial Epithelial Cells (HBECs)","Expression profiling by array","Homo sapiens",12,,"TXT","ftp://ftp.ncbi.nlm.nih.gov/geo/series/GSE114nnn/GSE114692/suppl",29930174,,"Tyson V. Sharp","May 22, 2018"
GSE114705,"Intestinal necrotizing enterocolitis triggers hippocampal gene expression and neuronal differentiation in preterm neonates","Expression profiling by high throughput sequencing","Sus scrofa",16,,"DIFF;TXT;SRA Run Selector","ftp://ftp.ncbi.nlm.nih.gov/geo/series/GSE114nnn/GSE114705/suppl;https://www.ncbi.nlm.nih.gov/Traces/study/?acc=PRJNA472365",,SRP148579,"Xiaoyu Pan","May 22, 2018"
GSE114707,"Expression data from allergic patients to profilin","Expression profiling by array","Homo sapiens",22,,"CEL","ftp://ftp.ncbi.nlm.nih.gov/geo/series/GSE114nnn/GSE114707/suppl",30028518,,"Leticia Mera","May 22, 2018"
GSE114712,"Early isolated v-lesion may not truly represent a rejection of kidney allograft","Expression profiling by array","Homo sapiens",18,,"TXT","ftp://ftp.ncbi.nlm.nih.gov/geo/series/GSE114nnn/GSE114712/suppl",30287520,,"Petra Hruba","May 22, 2018"
GSE114716,"RNA-sequencing analysis of CD4 T cells following ipilimumab therapy","Expression profiling by high throughput sequencing","Homo sapiens",8,,"XLSX;SRA Run Selector","ftp://ftp.ncbi.nlm.nih.gov/geo/series/GSE114nnn/GSE114716/suppl;https://www.ncbi.nlm.nih.gov/Traces/study/?acc=PRJNA472360",29905573,SRP148576,"Sangeeta Goswami","May 22, 2018"
GSE114717,"RNA-sequencing analysis of regulatory T cells differentiated in presence or absence of CPI-1205","Expression profiling by high throughput sequencing","Mus musculus",8,,"XLSX;SRA Run Selector","ftp://ftp.ncbi.nlm.nih.gov/geo/series/GSE114nnn/GSE114717/suppl;https://www.ncbi.nlm.nih.gov/Traces/study/?acc=PRJNA472362",29905573,SRP148577,"Sangeeta Goswami","May 22, 2018"
GSE114719,"Differential expressed genes in respone to diesel exhaust particle (DEP) on mouse nasal cavity","Expression profiling by array","Mus musculus",7,,"TXT;XLSX","ftp://ftp.ncbi.nlm.nih.gov/geo/series/GSE114nnn/GSE114719/suppl",,,"Young Rok Seo","May 22, 2018"
GSE114730,"Epigenomics of Medicago truncatula","Expression profiling by high throughput sequencing;Methylation profiling by high throughput sequencing;Non-coding RNA profiling by high throughput sequencing","Medicago truncatula",273,,"TSV;TXT;SRA Run Selector","ftp://ftp.ncbi.nlm.nih.gov/geo/series/GSE114nnn/GSE114730/suppl;https://www.ncbi.nlm.nih.gov/Traces/study/?acc=PRJNA472400",,SRP148608,"Robert J Schmitz","May 22, 2018"
GSE114735,"Transcriptional control of adipose tissue macrophages during high-fat diet-induced obesity.","Expression profiling by array","Mus musculus",6,,"CEL;CHP","ftp://ftp.ncbi.nlm.nih.gov/geo/series/GSE114nnn/GSE114735/suppl",29899524,,"Mitzi Nagarkatti","May 22, 2018"
GSE114736,"MicroRNA regulation of adipose tissue macrophages during high-fat diet-induced obesity.","Non-coding RNA profiling by array","Mus musculus;synthetic construct",6,,"CEL;CHP","ftp://ftp.ncbi.nlm.nih.gov/geo/series/GSE114nnn/GSE114736/suppl",29899524,,"Mitzi Nagarkatti","May 22, 2018"
GSE114738,"Genes regulated by soluble guanylyl cyclase in VCaP prostate cancer cells","Expression profiling by high throughput sequencing","Homo sapiens",16,,"CSV;SRA Run Selector","ftp://ftp.ncbi.nlm.nih.gov/geo/series/GSE114nnn/GSE114738/suppl;https://www.ncbi.nlm.nih.gov/Traces/study/?acc=PRJNA472401",,SRP148609,"Dong Han","May 22, 2018"
GSE114744,"Allele-specific control of replication timing and genome organization during development [ATAC-Seq]","Genome binding/occupancy profiling by high throughput sequencing","Mus musculus",2,,"TXT;SRA Run Selector","ftp://ftp.ncbi.nlm.nih.gov/geo/series/GSE114nnn/GSE114744/suppl;https://www.ncbi.nlm.nih.gov/Traces/study/?acc=PRJNA472464",29735606,SRP148637,"David M Gilbert","May 22, 2018"
GSE114745,"Allele-specific control of replication timing and genome organization during development [RNA-Seq]","Expression profiling by high throughput sequencing","Mus musculus",2,,"TXT;SRA Run Selector","ftp://ftp.ncbi.nlm.nih.gov/geo/series/GSE114nnn/GSE114745/suppl;https://www.ncbi.nlm.nih.gov/Traces/study/?acc=PRJNA472463",29735606,SRP148684,"David M Gilbert","May 22, 2018"
GSE114746,"Allele-specific control of replication timing and genome organization during development [Promoter Capture Hi-C]","Other","Mus musculus",2,,"TXT;SRA Run Selector","ftp://ftp.ncbi.nlm.nih.gov/geo/series/GSE114nnn/GSE114746/suppl;https://www.ncbi.nlm.nih.gov/Traces/study/?acc=PRJNA472462",29735606,SRP148638,"David M Gilbert","May 22, 2018"
GSE114747,"Allele-specific control of replication timing and genome organization during development [Repli-Seq]","Other","Mus musculus",54,,"TXT;SRA Run Selector","ftp://ftp.ncbi.nlm.nih.gov/geo/series/GSE114nnn/GSE114747/suppl;https://www.ncbi.nlm.nih.gov/Traces/study/?acc=PRJNA473044",29735606,SRP148998,"David M Gilbert","May 22, 2018"
GSE45539,"miRNA signature of young, replicative and TNF-α-induced premature senescent of human microvascular endothelial cells-lung (HMVEC-L)","Non-coding RNA profiling by array","Homo sapiens",8,,"TXT","ftp://ftp.ncbi.nlm.nih.gov/geo/series/GSE45nnn/GSE45539/suppl",28595801,,"Pooi-Fong Wong","May 21, 2018"
GSE45540,"Gene signature of young, replicative and TNF-α-induced premature senescent of human microvascular endothelial cells-lung (HMVEC-L)","Expression profiling by array","Homo sapiens",8,,"TXT","ftp://ftp.ncbi.nlm.nih.gov/geo/series/GSE45nnn/GSE45540/suppl",28595801,,"Pooi-Fong Wong","May 21, 2018"
GSE45541,"Young, replicative and TNF-a-induced premature senescent of human microvascular endothelial cells-lung (HMVEC-L)","Expression profiling by array;Non-coding RNA profiling by array","Homo sapiens",16,,"TXT","ftp://ftp.ncbi.nlm.nih.gov/geo/series/GSE45nnn/GSE45541/suppl",28595801,,"Pooi-Fong Wong","May 21, 2018"
GSE69161,"Integrative analysis of copy number and gene expression data suggests novel pathogenic mechanisms in Primary Myelofibrosis","Genome variation profiling by genome tiling array;Genome variation profiling by SNP array;SNP genotyping by SNP array","Homo sapiens",31,,"CEL;CYCHP","ftp://ftp.ncbi.nlm.nih.gov/geo/series/GSE69nnn/GSE69161/suppl",26547506,,"Rossella Manfredini","May 21, 2018"
GSE69642,"Spatial regulation of transcription and histone occupancy by histone chaperones FACT and Spt6","Genome binding/occupancy profiling by genome tiling array","Saccharomyces cerevisiae",28,,"TXT","ftp://ftp.ncbi.nlm.nih.gov/geo/series/GSE69nnn/GSE69642/suppl",29695490,,"Chhabi Govind","May 21, 2018"
GSE79474,"Identification of genes involved in metabolism and signaling of abscisic acid and gibberellins during Epimedium pseudowushanense B.L.Guo seed morphophysiological dormancy","Expression profiling by high throughput sequencing","Epimedium pseudowushanense",3,,"FA;TXT;SRA Run Selector","ftp://ftp.ncbi.nlm.nih.gov/geo/series/GSE79nnn/GSE79474/suppl;https://www.ncbi.nlm.nih.gov/Traces/study/?acc=PRJNA316921",29796945,SRP072659,"Yimian Ma","May 21, 2018"
GSE95121,"Priming and Activation of ERα Enhancers Through Ordered and Cooperative Interactions Between p300 and Mediator [ChIP-seq]","Genome binding/occupancy profiling by high throughput sequencing","Homo sapiens",79,,"BW;SRA Run Selector","ftp://ftp.ncbi.nlm.nih.gov/geo/series/GSE95nnn/GSE95121/suppl;https://www.ncbi.nlm.nih.gov/Traces/study/?acc=PRJNA376133",28887413,SRP100436,"W. Lee Kraus","May 21, 2018"
GSE95122,"Priming and Activation of ERα Enhancers Through Ordered and Cooperative Interactions Between p300 and Mediator [GRO-seq]","Expression profiling by high throughput sequencing","Homo sapiens",24,,"BW;SRA Run Selector","ftp://ftp.ncbi.nlm.nih.gov/geo/series/GSE95nnn/GSE95122/suppl;https://www.ncbi.nlm.nih.gov/Traces/study/?acc=PRJNA376132",28887413,SRP100437,"W. Lee Kraus","May 21, 2018"
GSE95123,"Priming and Activation of ERα Enhancers Through Ordered and Cooperative Interactions Between p300 and Mediator","Genome binding/occupancy profiling by high throughput sequencing;Expression profiling by high throughput sequencing","Homo sapiens",103,,,,28887413,,"W. Lee Kraus","May 21, 2018"
GSE95861,"Gastrointestinal Stromal Tumor Enhancers Support a Transcription Factor Network Predictive of Clinical Outcome","Genome binding/occupancy profiling by high throughput sequencing","Homo sapiens",2,,"WIG;SRA Run Selector","ftp://ftp.ncbi.nlm.nih.gov/geo/series/GSE95nnn/GSE95861/suppl;https://www.ncbi.nlm.nih.gov/Traces/study/?acc=PRJNA378616",29866822,SRP101627,"Matthew Hemming","May 21, 2018"
GSE95862,"Gastrointestinal Stromal Tumor Enhancers Support a Transcription Factor Network Predictive of Clinical Outcome","Genome binding/occupancy profiling by high throughput sequencing","Homo sapiens",52,,"WIG;SRA Run Selector","ftp://ftp.ncbi.nlm.nih.gov/geo/series/GSE95nnn/GSE95862/suppl;https://www.ncbi.nlm.nih.gov/Traces/study/?acc=PRJNA378619",29866822,SRP101628,"Matthew Hemming","May 21, 2018"
GSE95863,"Gastrointestinal Stromal Tumor Enhancers Support a Transcription Factor Network Predictive of Clinical Outcome","Expression profiling by high throughput sequencing","Homo sapiens",20,,"TXT;SRA Run Selector","ftp://ftp.ncbi.nlm.nih.gov/geo/series/GSE95nnn/GSE95863/suppl;https://www.ncbi.nlm.nih.gov/Traces/study/?acc=PRJNA378618",29866822,SRP101625,"Matthew Hemming","May 21, 2018"
GSE95864,"Gastrointestinal Stromal Tumor Enhancers Support a Transcription Factor Network Predictive of Clinical Outcome","Genome binding/occupancy profiling by high throughput sequencing;Expression profiling by high throughput sequencing","Homo sapiens",74,,"WIG","ftp://ftp.ncbi.nlm.nih.gov/geo/series/GSE95nnn/GSE95864/suppl",29866822,,"Matthew Hemming","May 21, 2018"
GSE98005,"Oxidation treated small RNA-seq for studying roles of chicken piRNAs in germ cell development","Non-coding RNA profiling by high throughput sequencing;Expression profiling by high throughput sequencing","Gallus gallus",14,,"TXT;SRA Run Selector","ftp://ftp.ncbi.nlm.nih.gov/geo/series/GSE98nnn/GSE98005/suppl;https://www.ncbi.nlm.nih.gov/Traces/study/?acc=PRJNA383649",29859049,SRP104389,"Shau-Ping Lin","May 21, 2018"
GSE99082,"MicroRNA expression profiling of extracellular vesicles derived from human BM-MSC","Non-coding RNA profiling by array","Homo sapiens",2,,"TXT","ftp://ftp.ncbi.nlm.nih.gov/geo/series/GSE99nnn/GSE99082/suppl",29239062,,"Satoshi Kondo","May 21, 2018"
GSE99230,"Remote memory and cortical synaptic plasticity require neuronal CCCTC-binding factor (CTCF), a central organizer of 3D chromatin architecture","Expression profiling by high throughput sequencing","Mus musculus",4,,"TXT;SRA Run Selector","ftp://ftp.ncbi.nlm.nih.gov/geo/series/GSE99nnn/GSE99230/suppl;https://www.ncbi.nlm.nih.gov/Traces/study/?acc=PRJNA387605",,SRP107879,"Shim Kyuwon","May 21, 2018"
GSE99420,"Gene Expression Signatures Prognostic for Relapse in Stage I Testicular Germ Cell Tumors (TGCT)","Expression profiling by array","Homo sapiens",60,,"IDAT;TXT","ftp://ftp.ncbi.nlm.nih.gov/geo/series/GSE99nnn/GSE99420/suppl",29726090,,"Benjamin Haibe-Kains","May 21, 2018"
GSE101943,"Control of maize vegetative and reproductive development, fertility and rRNAs silencing by HISTONE DEACETYLASE 108","Expression profiling by high throughput sequencing","Zea mays",6,,"TXT;SRA Run Selector","ftp://ftp.ncbi.nlm.nih.gov/geo/series/GSE101nnn/GSE101943/suppl;https://www.ncbi.nlm.nih.gov/Traces/study/?acc=PRJNA395985",29382649,SRP113669,"Cristian Forestan","May 21, 2018"
GSE102036,"Control of maize vegetative and reproductive development, fertility and rRNAs silencing by HISTONE DEACETYLASE 108 [PMeA and MiA]","Expression profiling by high throughput sequencing","Zea mays",8,,"TXT;SRA Run Selector","ftp://ftp.ncbi.nlm.nih.gov/geo/series/GSE102nnn/GSE102036/suppl;https://www.ncbi.nlm.nih.gov/Traces/study/?acc=PRJNA396247",29382649,SRP113797,"Cristian Forestan","May 21, 2018"
GSE107243,"Downregulation of miR-218-5p promotes invasion of oral squamous cell carcinoma cells via activation of CD44-ROCK signaling","Non-coding RNA profiling by high throughput sequencing","Homo sapiens",2,,"TXT;SRA Run Selector","ftp://ftp.ncbi.nlm.nih.gov/geo/series/GSE107nnn/GSE107243/suppl;https://www.ncbi.nlm.nih.gov/Traces/study/?acc=PRJNA419403",29990854,SRP125428,"Xiaojie Li","May 21, 2018"
GSE107361,"Early-onset pediatric atopic dermatitis is characterized by Th2/Th17/Th22- centered inflammation and lipid alterations","Expression profiling by array","Homo sapiens",108,,"CEL","ftp://ftp.ncbi.nlm.nih.gov/geo/series/GSE107nnn/GSE107361/suppl",29731129,,"Ariel Israel","May 21, 2018"
GSE114012,"Identifying dormant cells in colorectal cancer spheroids","Expression profiling by high throughput sequencing","Homo sapiens",64,,"TXT;SRA Run Selector","ftp://ftp.ncbi.nlm.nih.gov/geo/series/GSE114nnn/GSE114012/suppl;https://www.ncbi.nlm.nih.gov/Traces/study/?acc=PRJNA454879",,SRP144495,"Chandra Chilamakuri","May 21, 2018"
GSE114013,"Identifying the molecular mode of action of itraconazole in colorectal cancer","Expression profiling by high throughput sequencing","Homo sapiens",16,,"TXT;SRA Run Selector","ftp://ftp.ncbi.nlm.nih.gov/geo/series/GSE114nnn/GSE114013/suppl;https://www.ncbi.nlm.nih.gov/Traces/study/?acc=PRJNA454881",,SRP144496,"Chandra Chilamakuri","May 21, 2018"
GSE114014,"Itraconazole targets cell cycle heterogeneity in colorectal cancer","Expression profiling by high throughput sequencing","Homo sapiens",80,,"TXT","ftp://ftp.ncbi.nlm.nih.gov/geo/series/GSE114nnn/GSE114014/suppl",,,"Chandra Chilamakuri","May 21, 2018"
GSE114685,"Disruption of GRIN2B impairs differentiation in human neurons","Expression profiling by high throughput sequencing","Homo sapiens",10,,"TXT;SRA Run Selector","ftp://ftp.ncbi.nlm.nih.gov/geo/series/GSE114nnn/GSE114685/suppl;https://www.ncbi.nlm.nih.gov/Traces/study/?acc=PRJNA472186",,SRP148514,"Carl Ernst","May 21, 2018"
GSE81425,"Tissue-specific orchestration of nutrient dependent responses in D. melanogaster","Expression profiling by array","Drosophila melanogaster",82,,"PAIR","ftp://ftp.ncbi.nlm.nih.gov/geo/series/GSE81nnn/GSE81425/suppl",,,"Pankaj Kapahi","May 20, 2018"
GSE99046,"Sema6D reverse signaling controls lipid metabolism for macrophage polarization linking mTOR to PPARγ","Expression profiling by high throughput sequencing","Mus musculus",4,,"TXT;SRA Run Selector","ftp://ftp.ncbi.nlm.nih.gov/geo/series/GSE99nnn/GSE99046/suppl;https://www.ncbi.nlm.nih.gov/Traces/study/?acc=PRJNA387121",29777213,SRP107301,"Daisuke Okuzaki","May 20, 2018"
GSE99047,"Sema6D reverse signaling controls lipid metabolism for macrophage polarization linking mTOR to PPARγ","Expression profiling by high throughput sequencing","Mus musculus",4,,"TXT;SRA Run Selector","ftp://ftp.ncbi.nlm.nih.gov/geo/series/GSE99nnn/GSE99047/suppl;https://www.ncbi.nlm.nih.gov/Traces/study/?acc=PRJNA387120",29777213,SRP107300,"Daisuke Okuzaki","May 20, 2018"
GSE111406,"GoldCLIP: Gel-omitted Ligation-dependent CLIP","Other;Third-party reanalysis","Homo sapiens",8,,"BED;BW;SRA Run Selector","ftp://ftp.ncbi.nlm.nih.gov/geo/series/GSE111nnn/GSE111406/suppl;https://www.ncbi.nlm.nih.gov/Traces/study/?acc=PRJNA436943",29709556,SRP133933,"Ming Wang","May 20, 2018"
GSE112698,"Mouse embryonic stem cells (mESCs) differentiation towards ventral hindbrain neuronal cell types [d0-d3.5]","Expression profiling by high throughput sequencing","Mus musculus",11,,"TXT;SRA Run Selector","ftp://ftp.ncbi.nlm.nih.gov/geo/series/GSE112nnn/GSE112698/suppl;https://www.ncbi.nlm.nih.gov/Traces/study/?acc=PRJNA448752",29893885,SRP137144,"Johan Ericson","May 20, 2018"
GSE114636,"Comprehensive profiling of translation initiation in influenza-virus infected cells","Expression profiling by high throughput sequencing;Other","Homo sapiens",12,,"TSV;TXT;SRA Run Selector","ftp://ftp.ncbi.nlm.nih.gov/geo/series/GSE114nnn/GSE114636/suppl;https://www.ncbi.nlm.nih.gov/Traces/study/?acc=PRJNA472015",30673779,SRP148422,"Rasi Subramaniam","May 20, 2018"
GSE69137,"Identification of genes related to embryonal control of yellow seed coat in B. napus","Expression profiling by high throughput sequencing","Brassica napus",2,,"FASTA;XLS;SRA Run Selector","ftp://ftp.ncbi.nlm.nih.gov/geo/series/GSE69nnn/GSE69137/suppl;https://www.ncbi.nlm.nih.gov/Traces/study/?acc=PRJNA284624",26896439,SRP058595,"Fei Xu","May 19, 2018"
GSE114625,"Metabolic reprogramming of Kaposi’s sarcoma associated herpes virus infected B-cells in hypoxia","Expression profiling by high throughput sequencing","Homo sapiens",8,,"XLSX;SRA Run Selector","ftp://ftp.ncbi.nlm.nih.gov/geo/series/GSE114nnn/GSE114625/suppl;https://www.ncbi.nlm.nih.gov/Traces/study/?acc=PRJNA471994",,SRP148412,"Rajnish Kumar Singh","May 19, 2018"
GSE114629,"Ikaros target genes in pre-B cell line","Genome binding/occupancy profiling by high throughput sequencing","Mus musculus",2,,"WIG;SRA Run Selector","ftp://ftp.ncbi.nlm.nih.gov/geo/series/GSE114nnn/GSE114629/suppl;https://www.ncbi.nlm.nih.gov/Traces/study/?acc=PRJNA471998",30001316,SRP148414,"Peggy Kirstetter","May 19, 2018"
GSE114635,"Transcriptome response to the Deepwater Horizon oil spill identifies novel candidate genes for oil tolerance in natural populations of the foundation plant Spartina alterniflora","Expression profiling by array","Sporobolus alterniflorus",18,,"TXT","ftp://ftp.ncbi.nlm.nih.gov/geo/series/GSE114nnn/GSE114635/suppl",,,"Mariano Alvarez","May 19, 2018"
GSE114638,"An essential role for Abscisic acid in the regulation of xylem fibre differentiation","Expression profiling by array","Arabidopsis thaliana",15,,"CEL","ftp://ftp.ncbi.nlm.nih.gov/geo/series/GSE114nnn/GSE114638/suppl",,,"Manoj Kumar","May 19, 2018"
GSE114651,"RNA-seq of medullary thymic epithelial cell (mTEC) subsets in inducible Aire-lineage tracing mice","Expression profiling by high throughput sequencing","Mus musculus",16,,"TXT;SRA Run Selector","ftp://ftp.ncbi.nlm.nih.gov/geo/series/GSE114nnn/GSE114651/suppl;https://www.ncbi.nlm.nih.gov/Traces/study/?acc=PRJNA472062",30022164,SRP148459,"Joshua Pollack","May 19, 2018"
GSE114668,"Intestinal and thymic tuft cell RNA-seq","Expression profiling by high throughput sequencing","Mus musculus",10,,"TXT;SRA Run Selector","ftp://ftp.ncbi.nlm.nih.gov/geo/series/GSE114nnn/GSE114668/suppl;https://www.ncbi.nlm.nih.gov/Traces/study/?acc=PRJNA472082",30022164,SRP148470,"Joshua Pollack","May 19, 2018"
GSE90600,"Quantitative Proteomics Reveals a Unique Wiring of Signaling Pathways that Protects Human Regulatory T Cell Identity","Expression profiling by high throughput sequencing","Homo sapiens",15,,"TXT;SRA Run Selector","ftp://ftp.ncbi.nlm.nih.gov/geo/series/GSE90nnn/GSE90600/suppl;https://www.ncbi.nlm.nih.gov/Traces/study/?acc=PRJNA355160",29752063,SRP094007,"Eloy Cuadrado","May 18, 2018"
GSE92274,"Comparative Transcriptomic Analysis of Hematopoietic System Across Species by Microwell-Seq","Expression profiling by high throughput sequencing","Homo sapiens;Mus musculus",21,,"PDF;TXT;SRA Run Selector","ftp://ftp.ncbi.nlm.nih.gov/geo/series/GSE92nnn/GSE92274/suppl;https://www.ncbi.nlm.nih.gov/Traces/study/?acc=PRJNA357074",29977598,SRP094955,"guoji guo","May 18, 2018"
GSE99048,"Conservative alteration of chromosomal expression pattern across human solid tumor types","Expression profiling by high throughput sequencing","Homo sapiens",6,,"TXT;SRA Run Selector","ftp://ftp.ncbi.nlm.nih.gov/geo/series/GSE99nnn/GSE99048/suppl;https://www.ncbi.nlm.nih.gov/Traces/study/?acc=PRJNA387133",29546464,SRP107309,"Baowei Jiao","May 18, 2018"
GSE100505,"Transcriptional Profiling Reveals Extraordinary Diversity Among Skeletal Muscle Tissues","Expression profiling by high throughput sequencing","Mus musculus;Rattus norvegicus",126,,"BED;TXT;SRA Run Selector","ftp://ftp.ncbi.nlm.nih.gov/geo/series/GSE100nnn/GSE100505/suppl;https://www.ncbi.nlm.nih.gov/Traces/study/?acc=PRJNA391968",29809149,SRP110541,"Michael Hughes","May 18, 2018"
GSE104131,"RNA sequencing of prostate cancer and normal tissue from African Americans and European Americans","Expression profiling by high throughput sequencing","Homo sapiens",32,,"TXT;SRA Run Selector","ftp://ftp.ncbi.nlm.nih.gov/geo/series/GSE104nnn/GSE104131/suppl;https://www.ncbi.nlm.nih.gov/Traces/study/?acc=PRJNA411786",29741809,SRP118614,"Aliccia Bollig-Fischer","May 18, 2018"
GSE104679,"Long-read nascent RNA sequencing from S. pombe","Expression profiling by high throughput sequencing;Other","Schizosaccharomyces pombe",4,,"BED;SRA Run Selector","ftp://ftp.ncbi.nlm.nih.gov/geo/series/GSE104nnn/GSE104679/suppl;https://www.ncbi.nlm.nih.gov/Traces/study/?acc=PRJNA413498",,SRP119509,"Karla Neugebauer","May 18, 2018"
GSE104680,"Short-read nascent RNA sequencing from S. pombe","Expression profiling by high throughput sequencing;Other","Schizosaccharomyces pombe",14,,"BEDGRAPH;SRA Run Selector","ftp://ftp.ncbi.nlm.nih.gov/geo/series/GSE104nnn/GSE104680/suppl;https://www.ncbi.nlm.nih.gov/Traces/study/?acc=PRJNA413497",,SRP119510,"Karla Neugebauer","May 18, 2018"
GSE104681,"Long-read sequencing of nascent RNA in S. pombe reveals coupling among RNA processing events","Expression profiling by high throughput sequencing;Other","Schizosaccharomyces pombe",18,,"BED;BEDGRAPH","ftp://ftp.ncbi.nlm.nih.gov/geo/series/GSE104nnn/GSE104681/suppl",29903723,,"Karla Neugebauer","May 18, 2018"
GSE108857,"SWI/SNF subunit CHR2 remodels pri-miRNAs via microprocessor component SE to inhibit miRNA production DMS-MaPseq)","Other","Arabidopsis thaliana",6,,"TXT;SRA Run Selector","ftp://ftp.ncbi.nlm.nih.gov/geo/series/GSE108nnn/GSE108857/suppl;https://www.ncbi.nlm.nih.gov/Traces/study/?acc=PRJNA428974",29769717,SRP128472,"Xiuren Zhang","May 18, 2018"
GSE108858,"SWI/SNF subunit CHR2 remodels pri-miRNAs via microprocessor component SE to inhibit miRNA production (miRNA-Seq)","Non-coding RNA profiling by high throughput sequencing","Arabidopsis thaliana",9,,"TXT;SRA Run Selector","ftp://ftp.ncbi.nlm.nih.gov/geo/series/GSE108nnn/GSE108858/suppl;https://www.ncbi.nlm.nih.gov/Traces/study/?acc=PRJNA428977",29769717,SRP128473,"Xiuren Zhang","May 18, 2018"
GSE108859,"SWI/SNF subunit CHR2 remodels pri-miRNAs via microprocessor component SE to inhibit miRNA production","Other;Non-coding RNA profiling by high throughput sequencing","Arabidopsis thaliana",15,,"TXT","ftp://ftp.ncbi.nlm.nih.gov/geo/series/GSE108nnn/GSE108859/suppl",29769717,,"Xiuren Zhang","May 18, 2018"
GSE108967,"5-day styrene inhalation dose response in CD-1 mice (lung)","Expression profiling by array","Mus musculus",35,,"CEL","ftp://ftp.ncbi.nlm.nih.gov/geo/series/GSE108nnn/GSE108967/suppl",29777725,,"Michael B. Black","May 18, 2018"
GSE109076,"1-day styrene inhalation dose response in three strains of C57Bl/6 mice: wild-type (WT), CYP2F2 knockout (KO), and CYP2F1 humanized (TG) mice, and CD-1 mice","Expression profiling by array","Mus musculus",80,,"CEL","ftp://ftp.ncbi.nlm.nih.gov/geo/series/GSE109nnn/GSE109076/suppl",29777725,,"Michael B. Black","May 18, 2018"
GSE111427,"TCR signal strength controls thymic differentiation of iNKT cell subsets","Genome binding/occupancy profiling by high throughput sequencing","Mus musculus",10,,"TXT;SRA Run Selector","ftp://ftp.ncbi.nlm.nih.gov/geo/series/GSE111nnn/GSE111427/suppl;https://www.ncbi.nlm.nih.gov/Traces/study/?acc=PRJNA436981",29985393,SRP133952,"Laurent Gapin","May 18, 2018"
GSE112708,"ZNFX-1 Functions Within Perinuclear Nuage to Balance Epigenetic Signals","Non-coding RNA profiling by high throughput sequencing","Caenorhabditis elegans",24,,"CSV;SRA Run Selector","ftp://ftp.ncbi.nlm.nih.gov/geo/series/GSE112nnn/GSE112708/suppl;https://www.ncbi.nlm.nih.gov/Traces/study/?acc=PRJNA448765",29775580,SRP137178,"Craig C Mello","May 18, 2018"
GSE113991,"A capsular polysaccharide-specific antibody alters Streptococcus pneumoniae gene expression during nasopharyngeal colonization of mice","Expression profiling by high throughput sequencing","Streptococcus pneumoniae",7,,"XLSX;SRA Run Selector","ftp://ftp.ncbi.nlm.nih.gov/geo/series/GSE113nnn/GSE113991/suppl;https://www.ncbi.nlm.nih.gov/Traces/study/?acc=PRJNA454809",29735523,SRP144435,"Liise-anne Pirofski","May 18, 2018"
GSE114565,"Expression data of C.pn treated foam cell","Expression profiling by array","Mus musculus",4,,"CEL","ftp://ftp.ncbi.nlm.nih.gov/geo/series/GSE114nnn/GSE114565/suppl",29937375,,"Shuang Chen","May 18, 2018"
GSE114568,"Global chromatin accessibility of gene locus in CD4+ T cells activated with or without OX40 costimulation","Genome binding/occupancy profiling by high throughput sequencing","Mus musculus",2,,"WIG;SRA Run Selector","ftp://ftp.ncbi.nlm.nih.gov/geo/series/GSE114nnn/GSE114568/suppl;https://www.ncbi.nlm.nih.gov/Traces/study/?acc=PRJNA471813",30021159,SRP148080,"Xiaolong Zhang","May 18, 2018"
GSE114582,"Analysis of gene expression change between Ishikawa-02 SC and Ishikawa-02 shSOX2","Expression profiling by array","Homo sapiens",2,,"GPR","ftp://ftp.ncbi.nlm.nih.gov/geo/series/GSE114nnn/GSE114582/suppl",,,"Ming-Han Kuo","May 18, 2018"
GSE114592,"The QstR regulon of Vibrio cholerae","Expression profiling by high throughput sequencing","Vibrio cholerae",24,,"TXT;SRA Run Selector","ftp://ftp.ncbi.nlm.nih.gov/geo/series/GSE114nnn/GSE114592/suppl;https://www.ncbi.nlm.nih.gov/Traces/study/?acc=PRJNA471867",30102403,SRP148157,"Melanie Blokesch","May 18, 2018"
GSE114594,"Altered thymic differentiation and modulation of arthritis by invariant NKT cells expressing mutant ZAP70 [II]","Other","Mus musculus",6,,"TXT;SRA Run Selector","ftp://ftp.ncbi.nlm.nih.gov/geo/series/GSE114nnn/GSE114594/suppl;https://www.ncbi.nlm.nih.gov/Traces/study/?acc=PRJNA471877",29980684,SRP148161,"Meng Zhao","May 18, 2018"
GSE114595,"Altered thymic differentiation and modulation of arthritis by invariant NKT cells expressing mutant ZAP70","Expression profiling by high throughput sequencing;Other","Mus musculus",24,,"TXT","ftp://ftp.ncbi.nlm.nih.gov/geo/series/GSE114nnn/GSE114595/suppl",29980684,,"Meng Zhao","May 18, 2018"
GSE114620,"Familial resemblances in human whole blood transcriptome","Expression profiling by array","Homo sapiens",48,,"TXT","ftp://ftp.ncbi.nlm.nih.gov/geo/series/GSE114nnn/GSE114620/suppl",29703154,,"Bénédicte L. Tremblay","May 18, 2018"
GSE114621,"Exon level expression analysis from rhabdomyosarcoma patient tumors.","Expression profiling by array","Homo sapiens",101,,"CEL","ftp://ftp.ncbi.nlm.nih.gov/geo/series/GSE114nnn/GSE114621/suppl",29972784,,"Genevieve Kendall","May 18, 2018"
GSE68969,"Transcriptomic profiling of C57BL/APC-KO mice after 9 months treatment with Phenobarbital","Expression profiling by array","Mus musculus",20,,"CEL","ftp://ftp.ncbi.nlm.nih.gov/geo/series/GSE68nnn/GSE68969/suppl",,,"Jonathan Moggs","May 17, 2018"
GSE83317,"Direct interaction of MYCN and p53 regulate transcriptional responses in neuroblastoma [ChIP-Seq]","Genome binding/occupancy profiling by high throughput sequencing","Homo sapiens",3,,"BED;SRA Run Selector","ftp://ftp.ncbi.nlm.nih.gov/geo/series/GSE83nnn/GSE83317/suppl;https://www.ncbi.nlm.nih.gov/Traces/study/?acc=PRJNA325583",29755654,SRP076510,"Jason Shohet","May 17, 2018"
GSE83327,"Direct interaction of MYCN and p53 regulate transcriptional responses in neuroblastoma [RNA-Seq]","Expression profiling by high throughput sequencing","Homo sapiens",8,,"TXT;SRA Run Selector","ftp://ftp.ncbi.nlm.nih.gov/geo/series/GSE83nnn/GSE83327/suppl;https://www.ncbi.nlm.nih.gov/Traces/study/?acc=PRJNA325604",29755654,SRP076536,"Jason Shohet","May 17, 2018"
GSE83328,"Direct interaction of MYCN and p53 regulate transcriptional responses in neuroblastoma","Expression profiling by high throughput sequencing;Genome binding/occupancy profiling by high throughput sequencing","Homo sapiens",11,,"BED","ftp://ftp.ncbi.nlm.nih.gov/geo/series/GSE83nnn/GSE83328/suppl",29755654,,"Jason Shohet","May 17, 2018"
GSE87492,"RNA-seq analysis of transcriptomic changes caused by Egg/dSETDB1 in Drosophila","Expression profiling by high throughput sequencing","Drosophila melanogaster",2,,"TXT;SRA Run Selector","ftp://ftp.ncbi.nlm.nih.gov/geo/series/GSE87nnn/GSE87492/suppl;https://www.ncbi.nlm.nih.gov/Traces/study/?acc=PRJNA344906",29740006,SRP090634,"Jae Yun Lim","May 17, 2018"
GSE89331,"Transcriptome analysis of the mRNAs and lncRNAs in porcine alveolar macrophages in response to porcine reproductive and respiratory syndrome virus or IFN-a at different time points","Expression profiling by high throughput sequencing;Non-coding RNA profiling by high throughput sequencing","Sus scrofa",12,,"TXT;SRA Run Selector","ftp://ftp.ncbi.nlm.nih.gov/geo/series/GSE89nnn/GSE89331/suppl;https://www.ncbi.nlm.nih.gov/Traces/study/?acc=PRJNA353073",,SRP093270,"Nan Fang Zeng","May 17, 2018"
GSE93386,"Total RNA was extracted from three samples of CD33 CAR or control T cells from three different donors","Expression profiling by high throughput sequencing","Homo sapiens",6,,"TXT;SRA Run Selector","ftp://ftp.ncbi.nlm.nih.gov/geo/series/GSE93nnn/GSE93386/suppl;https://www.ncbi.nlm.nih.gov/Traces/study/?acc=PRJNA360844",29479065,SRP096368,"Lance E Palmer","May 17, 2018"
GSE93804,"Next Generation Sequencing of CNS-infiltrating Tox-sufficient and -deficient OT-1 cells in ODC-OVA mice 7 days after LCMV-OVA infection","Expression profiling by high throughput sequencing","Mus musculus",6,,"TXT;SRA Run Selector","ftp://ftp.ncbi.nlm.nih.gov/geo/series/GSE93nnn/GSE93804/suppl;https://www.ncbi.nlm.nih.gov/Traces/study/?acc=PRJNA362460",29768177,SRP096988,"Gabriela Salinas-Riester","May 17, 2018"
GSE93805,"Next Generation Sequencing of splenic- and CNS-infiltrating OT-1 cells in ODC-OVA mice upon LCMV-OVA and Lm-OVA infection","Expression profiling by high throughput sequencing","Mus musculus",18,,"TXT;SRA Run Selector","ftp://ftp.ncbi.nlm.nih.gov/geo/series/GSE93nnn/GSE93805/suppl;https://www.ncbi.nlm.nih.gov/Traces/study/?acc=PRJNA362459",29768177,SRP096989,"Gabriela Salinas-Riester","May 17, 2018"
GSE93953,"TOX expression governs the encephalitogenic potential of microbe-induced autoreactive CD8+ T cells by reducing immune checkpoint sensitivity","Genome binding/occupancy profiling by high throughput sequencing","Mus musculus",3,,"BED;BW;SRA Run Selector","ftp://ftp.ncbi.nlm.nih.gov/geo/series/GSE93nnn/GSE93953/suppl;https://www.ncbi.nlm.nih.gov/Traces/study/?acc=PRJNA362888",29768177,SRP097627,"Sylvain LEMEILLE","May 17, 2018"
GSE96657,"Y79 Rb Cell line: CD133 positive vs CD133 negative cancer stem like cells","Expression profiling by array","Homo sapiens",4,,"TXT","ftp://ftp.ncbi.nlm.nih.gov/geo/series/GSE96nnn/GSE96657/suppl",29162051,,"Ravi Kiran Reddy KALATHUR","May 17, 2018"
GSE99020,"Differentially expressed genes between C.elegans with low physical ability and with high physical ability","Expression profiling by array","Caenorhabditis elegans",4,,"TXT","ftp://ftp.ncbi.nlm.nih.gov/geo/series/GSE99nnn/GSE99020/suppl",,,"Hong Gil Nam","May 17, 2018"
GSE100403,"A kinome-wide high-content siRNA screen identifies MEK5-ERK5 signaling as critical for breast cancer cell EMT and metastasis","Expression profiling by high throughput sequencing","Mus musculus",8,,"TXT;SRA Run Selector","ftp://ftp.ncbi.nlm.nih.gov/geo/series/GSE100nnn/GSE100403/suppl;https://www.ncbi.nlm.nih.gov/Traces/study/?acc=PRJNA391573",29713055,SRP110236,"Ravi Kiran Reddy KALATHUR","May 17, 2018"
GSE100829,"The C. elegans ortholog of TDP-43 regulates the chromatin localization of the heterochromatin protein 1 homolog, HPL-2","Expression profiling by high throughput sequencing;Genome binding/occupancy profiling by high throughput sequencing;Other","Caenorhabditis elegans",21,,"BW;TXT;XLSX;SRA Run Selector","ftp://ftp.ncbi.nlm.nih.gov/geo/series/GSE100nnn/GSE100829/suppl;https://www.ncbi.nlm.nih.gov/Traces/study/?acc=PRJNA393194",29760282,SRP111138,"Christopher Link","May 17, 2018"
GSE101342,"Differentially expressed genes post knock down of lincDUSP26","Expression profiling by high throughput sequencing","Homo sapiens",12,,"CSV;XLSX;SRA Run Selector","ftp://ftp.ncbi.nlm.nih.gov/geo/series/GSE101nnn/GSE101342/suppl;https://www.ncbi.nlm.nih.gov/Traces/study/?acc=PRJNA394016",29743621,SRP111736,"Ahmad M Khalil","May 17, 2018"
GSE102401,"Effect of monocyte- and osteoclast-derived extracellular vesicles on adipose tissue-derived mesenchymal stem/stromal cells","Expression profiling by array","Homo sapiens",15,,"CEL","ftp://ftp.ncbi.nlm.nih.gov/geo/series/GSE102nnn/GSE102401/suppl",29732732,,"Arjen WH Gebraad","May 17, 2018"
GSE102767,"GATA2 is Dispensable for Generation of Hemogenic Endothelium But Required for Endothelial-to-Hematopoietic Transition","Expression profiling by high throughput sequencing","Homo sapiens",10,,"TXT;SRA Run Selector","ftp://ftp.ncbi.nlm.nih.gov/geo/series/GSE102nnn/GSE102767/suppl;https://www.ncbi.nlm.nih.gov/Traces/study/?acc=PRJNA398643",,SRP115630,"Oleg Moskvin","May 17, 2018"
GSE104066,"Glomerular Transcriptome from NEPUTNE subjects with focal and segemental glomerulosclerosis","Expression profiling by array","Homo sapiens",54,,"CEL;TXT","ftp://ftp.ncbi.nlm.nih.gov/geo/series/GSE104nnn/GSE104066/suppl",30301568,,"Sean Eddy","May 17, 2018"
GSE104709,"Isolating Independent Effects of Diet/Energy Balance and Body Weight on Behavior and Metabolic Health","Expression profiling by high throughput sequencing","Mus musculus",21,,"TXT;SRA Run Selector","ftp://ftp.ncbi.nlm.nih.gov/geo/series/GSE104nnn/GSE104709/suppl;https://www.ncbi.nlm.nih.gov/Traces/study/?acc=PRJNA413547",29746501,SRP119538,"Isaac J Perron","May 17, 2018"
GSE106211,"ChIP-seq targeting Myc-tagged UL34 from human fibroblasts infected with human cytomegalovirus at 48 hours post infection","Genome binding/occupancy profiling by high throughput sequencing","Homo sapiens",4,,"TXT;SRA Run Selector","ftp://ftp.ncbi.nlm.nih.gov/geo/series/GSE106nnn/GSE106211/suppl;https://www.ncbi.nlm.nih.gov/Traces/study/?acc=PRJNA415928",29626748,SRP121635,"Mark Daniel Slayton","May 17, 2018"
GSE107021,"The early expansion of a defective NKG2Apos/CD56dim/CD16neg NK cell subset represents a therapeutic target in haploidentical HSCT","Expression profiling by array","Homo sapiens",15,,"CEL;TXT","ftp://ftp.ncbi.nlm.nih.gov/geo/series/GSE107nnn/GSE107021/suppl",29700172,,"Emilia Maria Cristina Mazza","May 17, 2018"
GSE107477,"Hepatic transcriptome analysis for differential gene expression between steers of divergent feed efficiency phenotypes in three Canadian beef breeds","Expression profiling by high throughput sequencing","Bos taurus",60,,"TXT;SRA Run Selector","ftp://ftp.ncbi.nlm.nih.gov/geo/series/GSE107nnn/GSE107477/suppl;https://www.ncbi.nlm.nih.gov/Traces/study/?acc=PRJNA420216",29740082,SRP125814,"Changxi Li","May 17, 2018"
GSE108074,"Dissecting acid stress response in Rhizobium tropici CIAT 899","Expression profiling by high throughput sequencing","Rhizobium tropici",9,,"TXT;SRA Run Selector","ftp://ftp.ncbi.nlm.nih.gov/geo/series/GSE108nnn/GSE108074/suppl;https://www.ncbi.nlm.nih.gov/Traces/study/?acc=PRJNA422403",29760688,SRP126746,"Luis Fernando Lozano","May 17, 2018"
GSE108109,"Shared molecular targets in the glomerular transcriptome from patients with nephrotic syndrome and ANCA-associated vasculitis","Expression profiling by array","Homo sapiens",111,,"CEL","ftp://ftp.ncbi.nlm.nih.gov/geo/series/GSE108nnn/GSE108109/suppl",29724730,,"Sean Eddy","May 17, 2018"
GSE108112,"Shared molecular targets in the tubulointerstitial transcriptome from patients with nephrotic syndrome and ANCA-associated vasculitis","Expression profiling by array","Homo sapiens",169,,"CEL","ftp://ftp.ncbi.nlm.nih.gov/geo/series/GSE108nnn/GSE108112/suppl",29724730,,"Sean Eddy","May 17, 2018"
GSE108113,"Shared molecular targets in the glomerular and tubulointerstitial transcriptomes from patients with nephrotic syndrome and ANCA-associated vasculitis","Expression profiling by array","Homo sapiens",280,,"CEL","ftp://ftp.ncbi.nlm.nih.gov/geo/series/GSE108nnn/GSE108113/suppl",29724730,,"Sean Eddy","May 17, 2018"
GSE108617,"Setd2 deficiency impairs hematopoietic stem cell self-renewal and causes malignant transformation","Expression profiling by high throughput sequencing;Methylation profiling by high throughput sequencing","Mus musculus",6,,"BW;TXT;SRA Run Selector","ftp://ftp.ncbi.nlm.nih.gov/geo/series/GSE108nnn/GSE108617/suppl;https://www.ncbi.nlm.nih.gov/Traces/study/?acc=PRJNA427825",29531312,SRP127685,"Qiuhua Huang","May 17, 2018"
GSE109205,"Single-cell analysis of progenitor cell dynamics and lineage specification of the human fetal kidney","Expression profiling by high throughput sequencing","Homo sapiens",5,,"TXT;SRA Run Selector","ftp://ftp.ncbi.nlm.nih.gov/geo/series/GSE109nnn/GSE109205/suppl;https://www.ncbi.nlm.nih.gov/Traces/study/?acc=PRJNA430106",30166318,SRP130990,"Rajasree Menon","May 17, 2018"
GSE109347,"Effect of luxS gene mutation on Streptococcus pneumonaie biofilm gene expression","Expression profiling by array","Streptococcus pneumoniae D39;Streptococcus pneumoniae R6",3,,"GPR","ftp://ftp.ncbi.nlm.nih.gov/geo/series/GSE109nnn/GSE109347/suppl",,,"Jae-Jun Song","May 17, 2018"
GSE109718,"Enhancing human kidney organoid differentiation from pluripotent stem cells with high-throughput automation","Expression profiling by high throughput sequencing","Homo sapiens",6,,"TXT;SRA Run Selector","ftp://ftp.ncbi.nlm.nih.gov/geo/series/GSE109nnn/GSE109718/suppl;https://www.ncbi.nlm.nih.gov/Traces/study/?acc=PRJNA431788",29779890,SRP131498,"Rajasree Menon","May 17, 2018"
GSE109965,"Analysis of genetically diverse macrophages reveals local and domain-wide mechanisms that control transcription factor binding and function","Expression profiling by high throughput sequencing;Genome binding/occupancy profiling by high throughput sequencing;Methylation profiling by high throughput sequencing;Other","Mus musculus",294,,"TXT;SRA Run Selector","ftp://ftp.ncbi.nlm.nih.gov/geo/series/GSE109nnn/GSE109965/suppl;https://www.ncbi.nlm.nih.gov/Traces/study/?acc=PRJNA432435",29779944,SRP131922,"Christopher Glass","May 17, 2018"
GSE109983,"Bioactive compound from marine sponge-derived Streptomyces sp. SBT348 inhibits staphylococcal growth and biofilm formation","Expression profiling by high throughput sequencing","Staphylococcus epidermidis RP62A",12,,"TXT;WIG","ftp://ftp.ncbi.nlm.nih.gov/geo/series/GSE109nnn/GSE109983/suppl",,,"Richa Bharti","May 17, 2018"
GSE110327,"TCR signal strength controls thymic differentiation of iNKT cell subsets","Expression profiling by high throughput sequencing","Mus musculus",6,,"TXT;SRA Run Selector","ftp://ftp.ncbi.nlm.nih.gov/geo/series/GSE110nnn/GSE110327/suppl;https://www.ncbi.nlm.nih.gov/Traces/study/?acc=PRJNA433481",29985393,SRP132463,"Kent Augustus Riemondy","May 17, 2018"
GSE111963,"Transcriptome profiling of endothelial cells from wild-type, hhex mutants and hhex-overexpression zebrafish embryos","Expression profiling by high throughput sequencing","Danio rerio",6,,"TXT;SRA Run Selector","ftp://ftp.ncbi.nlm.nih.gov/geo/series/GSE111nnn/GSE111963/suppl;https://www.ncbi.nlm.nih.gov/Traces/study/?acc=PRJNA438687",30006544,SRP135898,"Stefan Günther","May 17, 2018"
GSE112124,"Leukaemic alteration of IKZF1 primes stemness and malignancy programs in human lymphocytes","Expression profiling by high throughput sequencing","Homo sapiens",21,,"TXT;SRA Run Selector","ftp://ftp.ncbi.nlm.nih.gov/geo/series/GSE112nnn/GSE112124/suppl;https://www.ncbi.nlm.nih.gov/Traces/study/?acc=PRJNA439382",29743561,SRP136156,"ruoyan Li","May 17, 2018"
GSE112602,"ChIRP-seq of lincDUSP in colon cancer cells","Genome binding/occupancy profiling by high throughput sequencing","Homo sapiens",2,,"BW;XLSX;SRA Run Selector","ftp://ftp.ncbi.nlm.nih.gov/geo/series/GSE112nnn/GSE112602/suppl;https://www.ncbi.nlm.nih.gov/Traces/study/?acc=PRJNA448439",29743621,SRP136947,"Ahmad M Khalil","May 17, 2018"
GSE112889,"ZINC-FINGER interactions mediate transcriptional regulation of hypocotyl growth in Arabidopsis","Genome binding/occupancy profiling by high throughput sequencing","Arabidopsis thaliana",3,,"BED;BEDGRAPH;SRA Run Selector","ftp://ftp.ncbi.nlm.nih.gov/geo/series/GSE112nnn/GSE112889/suppl;https://www.ncbi.nlm.nih.gov/Traces/study/?acc=PRJNA449688",29686058,SRP139567,"Eirini Kaiserli","May 17, 2018"
GSE113191,"CTCF boundary remodels chromatin domain and drives aberrant HOX gene transcription in acute myeloid leukemia","Expression profiling by high throughput sequencing;Genome binding/occupancy profiling by high throughput sequencing;Other","Homo sapiens",16,,"BED;TXT;SRA Run Selector","ftp://ftp.ncbi.nlm.nih.gov/geo/series/GSE113nnn/GSE113191/suppl;https://www.ncbi.nlm.nih.gov/Traces/study/?acc=PRJNA450401",29760161,SRP140526,"Suming Huang","May 17, 2018"
GSE113585,"Profiling of colorectal tumor-infiltrating CD8 T cells according to their expression status of CD39","Expression profiling by high throughput sequencing","Homo sapiens",24,,"TXT;SRA Run Selector","ftp://ftp.ncbi.nlm.nih.gov/geo/series/GSE113nnn/GSE113585/suppl;https://www.ncbi.nlm.nih.gov/Traces/study/?acc=PRJNA453183",29769722,SRP142468,"Kaibo Duan","May 17, 2018"
GSE113588,"Profiling of lung tumor-infiltrating CD8 T cells according to their expression status of CD39","Expression profiling by high throughput sequencing","Homo sapiens",8,,"TXT;SRA Run Selector","ftp://ftp.ncbi.nlm.nih.gov/geo/series/GSE113nnn/GSE113588/suppl;https://www.ncbi.nlm.nih.gov/Traces/study/?acc=PRJNA453180",29769722,SRP142465,"Kaibo Duan","May 17, 2018"
GSE113590,"Profiling of tumor-infiltrating CD8 T cells according to their expression status of CD39","Expression profiling by high throughput sequencing","Homo sapiens",32,,,,29769722,,"Kaibo Duan","May 17, 2018"
GSE114514,"Modulation of SF3B1 causes global intron retention and downregulation of the B-cell receptor pathway in chronic lymphocytic leukemia","Expression profiling by high throughput sequencing","Homo sapiens",8,,"TXT;SRA Run Selector","ftp://ftp.ncbi.nlm.nih.gov/geo/series/GSE114nnn/GSE114514/suppl;https://www.ncbi.nlm.nih.gov/Traces/study/?acc=PRJNA471642",,SRP147277,"Huidong Shi","May 17, 2018"
GSE114515,"Post-slippage cells increase expression of factors associated with SASP.","Expression profiling by array","Homo sapiens",4,,"CEL","ftp://ftp.ncbi.nlm.nih.gov/geo/series/GSE114nnn/GSE114515/suppl",30037855,,"Crasta Karen","May 17, 2018"
GSE114516,"Gene expression profiling of hematopoietc stem cells from heterozygous Asxl1 KI mice","Expression profiling by high throughput sequencing","Mus musculus",4,,"XLSX;SRA Run Selector","ftp://ftp.ncbi.nlm.nih.gov/geo/series/GSE114nnn/GSE114516/suppl;https://www.ncbi.nlm.nih.gov/Traces/study/?acc=PRJNA471672",,SRP147360,"Masahiro Uni","May 17, 2018"
GSE114523,"Genome-wide methylation analysis of ependymoma using Infinium HumanMethylation 450 BeadChip","Methylation profiling by genome tiling array","Homo sapiens",83,,"TXT","ftp://ftp.ncbi.nlm.nih.gov/geo/series/GSE114nnn/GSE114523/suppl",30514397,,"Kohei Fukuoka","May 17, 2018"
GSE114534,"Genome-wide DNA methylation of survival outliers of glioblastoma","Methylation profiling by array","Homo sapiens",44,,"TXT","ftp://ftp.ncbi.nlm.nih.gov/geo/series/GSE114nnn/GSE114534/suppl",,,"John Rinn","May 17, 2018"
GSE114539,"Cohesin interacts with a panoply of splicing factors required for cell cycle progression and genomic organization","Genome binding/occupancy profiling by high throughput sequencing","Homo sapiens",4,,"TXT;SRA Run Selector","ftp://ftp.ncbi.nlm.nih.gov/geo/series/GSE114nnn/GSE114539/suppl;https://www.ncbi.nlm.nih.gov/Traces/study/?acc=PRJNA471704",,SRP147659,"Jie Liu","May 17, 2018"
GSE114541,"Transcriptome profiling of microRNA-mediated neuronal reprogramming with REST repression at day 7","Expression profiling by high throughput sequencing","Homo sapiens",6,,"TXT;SRA Run Selector","ftp://ftp.ncbi.nlm.nih.gov/geo/series/GSE114nnn/GSE114541/suppl;https://www.ncbi.nlm.nih.gov/Traces/study/?acc=PRJNA471711",,SRP147746,"Bo Zhang","May 17, 2018"
GSE114553,"Induction of human SST and PV neurons by expressing a single transcription factor LHX6","Expression profiling by high throughput sequencing","Homo sapiens",6,,"TXT;SRA Run Selector","ftp://ftp.ncbi.nlm.nih.gov/geo/series/GSE114nnn/GSE114553/suppl;https://www.ncbi.nlm.nih.gov/Traces/study/?acc=PRJNA471715",30251953,SRP147748,"Fang Yuan","May 17, 2018"
GSE114555,"Altered thymic differentiation and modulation of arthritis by invariant NKT cells expressing mutant ZAP70 [RNA-Seq]","Expression profiling by high throughput sequencing","Mus musculus",18,,"TSV;SRA Run Selector","ftp://ftp.ncbi.nlm.nih.gov/geo/series/GSE114nnn/GSE114555/suppl;https://www.ncbi.nlm.nih.gov/Traces/study/?acc=PRJNA471721",29980684,SRP147913,"Meng Zhao","May 17, 2018"
GSE114559,"Human blastocysts of normal and abnormal karyotypes display distinct transcriptome profiles: an analysis of every mono and trisomy","Expression profiling by high throughput sequencing","Homo sapiens",101,,"XLSX;SRA Run Selector","ftp://ftp.ncbi.nlm.nih.gov/geo/series/GSE114nnn/GSE114559/suppl;https://www.ncbi.nlm.nih.gov/Traces/study/?acc=PRJNA471739",30297919,SRP147923,"Tenzin C Lhakhang","May 17, 2018"
GSE114561,"Short-term pIFN-α2a treatment does not significantly reduce the viral reservoir of SIV-infected, ART-treated rhesus macaques","Expression profiling by high throughput sequencing","Macaca mulatta",35,,"TXT;SRA Run Selector","ftp://ftp.ncbi.nlm.nih.gov/geo/series/GSE114nnn/GSE114561/suppl;https://www.ncbi.nlm.nih.gov/Traces/study/?acc=PRJNA471741",,SRP147932,"Gregory K Tharp","May 17, 2018"
GSE89296,"Role of liquid sugar in regulating the hepatic transcriptome in a high fat Western diet model of NAFLD","Expression profiling by high throughput sequencing","Mus musculus",14,,"XLSX;SRA Run Selector","ftp://ftp.ncbi.nlm.nih.gov/geo/series/GSE89nnn/GSE89296/suppl;https://www.ncbi.nlm.nih.gov/Traces/study/?acc=PRJNA351264",,SRP092258,"Michael W Greene","May 16, 2018"
GSE98060,"RNA expression profiles from HUVECs overexpressing adenovirally delivered HIF1a and HIF2a proteins","Expression profiling by high throughput sequencing","Homo sapiens",9,,"BEDGRAPH;TXT;SRA Run Selector","ftp://ftp.ncbi.nlm.nih.gov/geo/series/GSE98nnn/GSE98060/suppl;https://www.ncbi.nlm.nih.gov/Traces/study/?acc=PRJNA383842",29843956,SRP104720,"Minna U Kaikkonen","May 16, 2018"
GSE98942,"Differential expression of oral cancer cell line UM1 and UM2","Expression profiling by array","Homo sapiens",4,,"CEL","ftp://ftp.ncbi.nlm.nih.gov/geo/series/GSE98nnn/GSE98942/suppl",,,"Xiaofeng Zhou","May 16, 2018"
GSE98974,"Adult CNS Myelin Enhances Axonal Outgrowth From Neural Stem Cells","Expression profiling by high throughput sequencing","Mus musculus",12,,"XLSX;SRA Run Selector","ftp://ftp.ncbi.nlm.nih.gov/geo/series/GSE98nnn/GSE98974/suppl;https://www.ncbi.nlm.nih.gov/Traces/study/?acc=PRJNA386927",29794059,SRP107229,"Riki Kawaguchi","May 16, 2018"
GSE99338,"RNAseq analysis of wildtype and Nrf2-/- advanced lung tumors","Expression profiling by high throughput sequencing","Mus musculus",4,,"TXT;SRA Run Selector","ftp://ftp.ncbi.nlm.nih.gov/geo/series/GSE99nnn/GSE99338/suppl;https://www.ncbi.nlm.nih.gov/Traces/study/?acc=PRJNA388152",29634345,SRP108108,"Karen Liby","May 16, 2018"
GSE100639,"A PAX5-OCT4-PRDM1 Developmental Switch Specifies Human Primordial Germ Cells","Genome binding/occupancy profiling by high throughput sequencing","Homo sapiens",7,,"BEDGRAPH;SRA Run Selector","ftp://ftp.ncbi.nlm.nih.gov/geo/series/GSE100nnn/GSE100639/suppl;https://www.ncbi.nlm.nih.gov/Traces/study/?acc=PRJNA392338",29713018,SRP110719,"Fang Fang","May 16, 2018"
GSE100840,"In vivo reprogramming drives Kras-induced cancer development [expression]","Expression profiling by array","Mus musculus",8,,"CEL","ftp://ftp.ncbi.nlm.nih.gov/geo/series/GSE100nnn/GSE100840/suppl",29802314,,"Yasuhiro Yamada","May 16, 2018"
GSE100841,"In vivo reprogramming drives Kras-induced cancer development [ChIP-seq]","Genome binding/occupancy profiling by high throughput sequencing","Mus musculus",14,,"BW;SRA Run Selector","ftp://ftp.ncbi.nlm.nih.gov/geo/series/GSE100nnn/GSE100841/suppl;https://www.ncbi.nlm.nih.gov/Traces/study/?acc=PRJNA393221",29802314,SRP111152,"Yasuhiro Yamada","May 16, 2018"
GSE100842,"In vivo reprogramming drives Kras-induced cancer development","Expression profiling by array;Genome binding/occupancy profiling by high throughput sequencing","Mus musculus",22,,"BW;CEL","ftp://ftp.ncbi.nlm.nih.gov/geo/series/GSE100nnn/GSE100842/suppl",29802314,,"Yasuhiro Yamada","May 16, 2018"
GSE100951,"Genome-wide maps of Dnmt3a1 binding in WT and Tet1-/- J1 ES cells","Genome binding/occupancy profiling by high throughput sequencing","Mus musculus",8,,"BW;SRA Run Selector","ftp://ftp.ncbi.nlm.nih.gov/geo/series/GSE100nnn/GSE100951/suppl;https://www.ncbi.nlm.nih.gov/Traces/study/?acc=PRJNA393523",30001199,SRP111377,"xueqiu lin","May 16, 2018"
GSE100952,"Dnmt3a KO CMS-Seq","Methylation profiling by high throughput sequencing","Mus musculus",6,,"BW;SRA Run Selector","ftp://ftp.ncbi.nlm.nih.gov/geo/series/GSE100nnn/GSE100952/suppl;https://www.ncbi.nlm.nih.gov/Traces/study/?acc=PRJNA393522",30001199,SRP111378,"xueqiu lin","May 16, 2018"
GSE100953,"Genome-wide maps of histone modifications in WT, Dnmt3a-/- and Tet1-/- J1 ES cells.","Genome binding/occupancy profiling by high throughput sequencing","Mus musculus",8,,"BW;SRA Run Selector","ftp://ftp.ncbi.nlm.nih.gov/geo/series/GSE100nnn/GSE100953/suppl;https://www.ncbi.nlm.nih.gov/Traces/study/?acc=PRJNA393521",30001199,SRP111381,"xueqiu lin","May 16, 2018"
GSE100954,"Quantitative analysis of WT, Dnmt3a-/-, Dnmt3b-/- and Tet1-/- J1 ES cell transcriptomes","Expression profiling by high throughput sequencing","Mus musculus",8,,"DIFF;SRA Run Selector","ftp://ftp.ncbi.nlm.nih.gov/geo/series/GSE100nnn/GSE100954/suppl;https://www.ncbi.nlm.nih.gov/Traces/study/?acc=PRJNA393526",30001199,SRP111379,"xueqiu lin","May 16, 2018"
GSE100955,"Genome-wide maps of Tet1 binding in [WT, Tet1-Flag] and [Dnmt3a-/-, Tet1-Flag] J1 ES cells","Genome binding/occupancy profiling by high throughput sequencing","Mus musculus",6,,"BW;SRA Run Selector","ftp://ftp.ncbi.nlm.nih.gov/geo/series/GSE100nnn/GSE100955/suppl;https://www.ncbi.nlm.nih.gov/Traces/study/?acc=PRJNA393525",30001199,SRP111380,"xueqiu lin","May 16, 2018"
GSE100956,"WGBS assessment of global methylation alterations in Dnmt3aKO or Dnmt3bKO mouse embryonic stem cells","Methylation profiling by high throughput sequencing","Mus musculus",9,,"BED;SRA Run Selector","ftp://ftp.ncbi.nlm.nih.gov/geo/series/GSE100nnn/GSE100956/suppl;https://www.ncbi.nlm.nih.gov/Traces/study/?acc=PRJNA393524",30001199,SRP111382,"xueqiu lin","May 16, 2018"
GSE100957,"The role of DNMT3A and TET1 in regulating promoter epigenetic landscapes","Expression profiling by high throughput sequencing;Genome binding/occupancy profiling by high throughput sequencing;Methylation profiling by high throughput sequencing","Mus musculus",61,,"BW","ftp://ftp.ncbi.nlm.nih.gov/geo/series/GSE100nnn/GSE100957/suppl",30001199,,"xueqiu lin","May 16, 2018"
GSE101779,"Inherited DNA methylation primes the establishment of accessible chromatin during genome activation","Genome binding/occupancy profiling by high throughput sequencing","Danio rerio",38,,"BW;SRA Run Selector","ftp://ftp.ncbi.nlm.nih.gov/geo/series/GSE101nnn/GSE101779/suppl;https://www.ncbi.nlm.nih.gov/Traces/study/?acc=PRJNA395463",29844026,SRP113408,"Yong Zhang","May 16, 2018"
GSE103871,"TMPRSS2-ERG suppresses PTEN/TP53 alteration-induced cancer lineage plasticity","Expression profiling by high throughput sequencing","Mus musculus",6,,"BW;TXT;SRA Run Selector","ftp://ftp.ncbi.nlm.nih.gov/geo/series/GSE103nnn/GSE103871/suppl;https://www.ncbi.nlm.nih.gov/Traces/study/?acc=PRJNA407356",29844131,SRP117692,"Zhenqing Ye","May 16, 2018"
GSE108177,"Total RNA-seq of cancer cells with inhibition of DNA and/or histone methylation","Expression profiling by high throughput sequencing","Homo sapiens",30,,"CSV;SRA Run Selector","ftp://ftp.ncbi.nlm.nih.gov/geo/series/GSE108nnn/GSE108177/suppl;https://www.ncbi.nlm.nih.gov/Traces/study/?acc=PRJNA422758",29970451,SRP126925,"Peter A Jones","May 16, 2018"
GSE109460,"RNA-Seq analysis of JIB-04 effects on global cellular transcription and HIV in 2D10 T cells","Expression profiling by high throughput sequencing","Homo sapiens",8,,"CSV;SRA Run Selector","ftp://ftp.ncbi.nlm.nih.gov/geo/series/GSE109nnn/GSE109460/suppl;https://www.ncbi.nlm.nih.gov/Traces/study/?acc=PRJNA430951",29791506,SRP131100,"Max Chang","May 16, 2018"
GSE112156,"Differential expression of host cell genes and their implications in PCV2 infection","Expression profiling by high throughput sequencing","Sus scrofa",6,,"TXT;SRA Run Selector","ftp://ftp.ncbi.nlm.nih.gov/geo/series/GSE112nnn/GSE112156/suppl;https://www.ncbi.nlm.nih.gov/Traces/study/?acc=PRJNA439681",29864504,SRP136182,"Cheryl M.T. Dvorak","May 16, 2018"
GSE112311,"Genome-wide maps of histone modifications (SpikeIn) and Suz12 in WT, Dnmt3a-/-, Tet1-/- J1 and DKO ES cells.","Genome binding/occupancy profiling by high throughput sequencing","Mus musculus",12,,"BW;SRA Run Selector","ftp://ftp.ncbi.nlm.nih.gov/geo/series/GSE112nnn/GSE112311/suppl;https://www.ncbi.nlm.nih.gov/Traces/study/?acc=PRJNA445609",30001199,SRP136418,"xueqiu lin","May 16, 2018"
GSE112312,"WGBS assessment of global methylation alterations in Dnmt3a1KO , Dnmt3a2KO, Dnmt3aKO, Tet1KO and DKO mouse embryonic stem cells","Methylation profiling by high throughput sequencing","Mus musculus",4,,"BW;SRA Run Selector","ftp://ftp.ncbi.nlm.nih.gov/geo/series/GSE112nnn/GSE112312/suppl;https://www.ncbi.nlm.nih.gov/Traces/study/?acc=PRJNA445608",30001199,SRP136419,"xueqiu lin","May 16, 2018"
GSE112948,"Transcription factor IRF8 orchestrates the adaptive natural killer cell response","Expression profiling by high throughput sequencing","Mus musculus",10,,"TXT","ftp://ftp.ncbi.nlm.nih.gov/geo/series/GSE112nnn/GSE112948/suppl",29858012,,"Colleen Lau","May 16, 2018"
GSE114353,"WTX overexpression effect on gastric cell line","Expression profiling by array","Homo sapiens",2,,"CEL","ftp://ftp.ncbi.nlm.nih.gov/geo/series/GSE114nnn/GSE114353/suppl",,,"Jian Li","May 16, 2018"
GSE114452,"Differential roles of TAp63α and deltaNp63α in chicken myogenic differentiation","Expression profiling by high throughput sequencing","Gallus gallus",9,,"TXT;SRA Run Selector","ftp://ftp.ncbi.nlm.nih.gov/geo/series/GSE114nnn/GSE114452/suppl;https://www.ncbi.nlm.nih.gov/Traces/study/?acc=PRJNA471417",,SRP145850,"Wen Luo","May 16, 2018"
GSE114458,"Transcriptomic analyses of gastrointestinal function in the “dwarf” and “medium” forms of Sthenoteuthis oualaniensis during sexual maturation","Expression profiling by high throughput sequencing","Sthenoteuthis oualaniensis",24,,"FA;XLSX;SRA Run Selector","ftp://ftp.ncbi.nlm.nih.gov/geo/series/GSE114nnn/GSE114458/suppl;https://www.ncbi.nlm.nih.gov/Traces/study/?acc=PRJNA471503",,SRP147449,"Lulu Yan","May 16, 2018"
GSE114469,"Expression data from NPY Y1R-deficient osteoblastic cells","Expression profiling by array","Mus musculus",6,,"CEL","ftp://ftp.ncbi.nlm.nih.gov/geo/series/GSE114nnn/GSE114469/suppl",29799418,,"Nicola J Lee","May 16, 2018"
GSE114478,"Cis-regulatory divergence of eloF drives reproductive isolation in Drosophila","Expression profiling by high throughput sequencing","Drosophila sechellia x Drosophila simulans",8,,"TSV;SRA Run Selector","ftp://ftp.ncbi.nlm.nih.gov/geo/series/GSE114nnn/GSE114478/suppl;https://www.ncbi.nlm.nih.gov/Traces/study/?acc=PRJNA471512",,SRP146076,"Peter Acuña Combs","May 16, 2018"
GSE114480,"Rapid high-resolution measurement of DNA replication timing by droplet digital PCR","Other","Homo sapiens",2,,"BED;SRA Run Selector","ftp://ftp.ncbi.nlm.nih.gov/geo/series/GSE114nnn/GSE114480/suppl;https://www.ncbi.nlm.nih.gov/Traces/study/?acc=PRJNA471516",29986073,SRP146078,"Conrad A Nieduszynski","May 16, 2018"
GSE114482,"Transcriptional profiles of miR-155 overexpressing CD8T cells during chronic infection","Expression profiling by high throughput sequencing","Mus musculus",12,,"CSV;SRA Run Selector","ftp://ftp.ncbi.nlm.nih.gov/geo/series/GSE114nnn/GSE114482/suppl;https://www.ncbi.nlm.nih.gov/Traces/study/?acc=PRJNA471517",29768211,SRP146079,"E JOHN WHERRY","May 16, 2018"
GSE114489,"Altered Cell-Cycle Control, Inflammation and Adhesion in High-Risk Persistent Bronchial Dysplasia","Expression profiling by array","Homo sapiens",63,,"CEL","ftp://ftp.ncbi.nlm.nih.gov/geo/series/GSE114nnn/GSE114489/suppl",29997230,,"Aik Choon Tan","May 16, 2018"
GSE114499,"Unilateral mastication induced alternations of microRNAs expression profiling in synovium of rat temporomandibular joint","Non-coding RNA profiling by array","Rattus norvegicus",20,,"TXT","ftp://ftp.ncbi.nlm.nih.gov/geo/series/GSE114nnn/GSE114499/suppl",,,"YU ZHAO","May 16, 2018"
GSE114501,"Gene expression from mouse lung adenocarcinoma-associated macrophages","Expression profiling by array","Mus musculus",6,,"CEL;CHP","ftp://ftp.ncbi.nlm.nih.gov/geo/series/GSE114nnn/GSE114501/suppl",,,"NA-YOUNG SONG","May 16, 2018"
GSE114502,"Altered mRNA splicing by mutant p53 activates oncogenic RAS in pancreatic cancer","Expression profiling by high throughput sequencing","Homo sapiens;Mus musculus",27,,"H5;JSON;TSV;SRA Run Selector","ftp://ftp.ncbi.nlm.nih.gov/geo/series/GSE114nnn/GSE114502/suppl;https://www.ncbi.nlm.nih.gov/Traces/study/?acc=PRJNA471547",,SRP146257,"Luisa Fernanda Escobar Hoyos","May 16, 2018"
GSE88744,"Recapitulation of pharmacogenomic data reveals that invalidation of SULF2 enhance sorafenib susceptibility in liver cancer","Expression profiling by array","Homo sapiens",6,,"TXT","ftp://ftp.ncbi.nlm.nih.gov/geo/series/GSE88nnn/GSE88744/suppl",29720727,,"Hyun Goo Woo","May 15, 2018"
GSE94091,"Cryptococcus neoformans sexual reproduction is controlled by a quorum sensing peptide","Expression profiling by high throughput sequencing","Cryptococcus neoformans var. neoformans",64,,"TXT;SRA Run Selector","ftp://ftp.ncbi.nlm.nih.gov/geo/series/GSE94nnn/GSE94091/suppl;https://www.ncbi.nlm.nih.gov/Traces/study/?acc=PRJNA368839",,SRP097868,"lei chen","May 15, 2018"
GSE98899,"A systems biology approach in understanding oncogenic cooperation between TAL1 expression and PTEN deletion in T-cell acute lymphoblastic leukaemia","Expression profiling by high throughput sequencing","Mus musculus",36,,"TXT;SRA Run Selector","ftp://ftp.ncbi.nlm.nih.gov/geo/series/GSE98nnn/GSE98899/suppl;https://www.ncbi.nlm.nih.gov/Traces/study/?acc=PRJNA386901",29151585,SRP107184,"Sofie Demeyer","May 15, 2018"
GSE98975,"Genome-wide maps of MBD1 in mouse dentate gyrus","Genome binding/occupancy profiling by high throughput sequencing","Mus musculus",4,,"TXT;SRA Run Selector","ftp://ftp.ncbi.nlm.nih.gov/geo/series/GSE98nnn/GSE98975/suppl;https://www.ncbi.nlm.nih.gov/Traces/study/?acc=PRJNA387074",,SRP107341,"Xinyu Zhao","May 15, 2018"
GSE99000,"Genome-wide profiling of active regulatory elements in dentate gyrus of WT and MBD1 KO mice","Genome binding/occupancy profiling by high throughput sequencing","Mus musculus",4,,"BED;SRA Run Selector","ftp://ftp.ncbi.nlm.nih.gov/geo/series/GSE99nnn/GSE99000/suppl;https://www.ncbi.nlm.nih.gov/Traces/study/?acc=PRJNA387082",,SRP107307,"Xinyu Zhao","May 15, 2018"
GSE99001,"MBD1 activates neuronal developmental genes through modulating chromatin structure during neuronal maturation","Expression profiling by high throughput sequencing;Genome binding/occupancy profiling by high throughput sequencing","Mus musculus",8,,"BED","ftp://ftp.ncbi.nlm.nih.gov/geo/series/GSE99nnn/GSE99001/suppl",,,"Xinyu Zhao","May 15, 2018"
GSE99171,"Selectively targeting bromodomain and extraterminal proteins for degradation as a novel anti-glioblastoma strategy [ChIP-seq]","Genome binding/occupancy profiling by high throughput sequencing","Homo sapiens",15,,"BW;NARROWPEAK;SRA Run Selector","ftp://ftp.ncbi.nlm.nih.gov/geo/series/GSE99nnn/GSE99171/suppl;https://www.ncbi.nlm.nih.gov/Traces/study/?acc=PRJNA387463",29764999,SRP107788,"Phillip H Koeffler","May 15, 2018"
GSE99175,"Selectively targeting bromodomain and extraterminal proteins for degradation as a novel anti-glioblastoma strategy [RNA-seq]","Expression profiling by high throughput sequencing","Homo sapiens",12,,"TSV;SRA Run Selector","ftp://ftp.ncbi.nlm.nih.gov/geo/series/GSE99nnn/GSE99175/suppl;https://www.ncbi.nlm.nih.gov/Traces/study/?acc=PRJNA387467",29764999,SRP107793,"Phillip H Koeffler","May 15, 2018"
GSE99181,"Selectively targeting bromodomain and extraterminal proteins for degradation as a novel anti-glioblastoma strategy [RNA-seq (time course)","Expression profiling by high throughput sequencing","Homo sapiens",22,,"TSV;SRA Run Selector","ftp://ftp.ncbi.nlm.nih.gov/geo/series/GSE99nnn/GSE99181/suppl;https://www.ncbi.nlm.nih.gov/Traces/study/?acc=PRJNA387481",29764999,SRP107802,"Phillip H Koeffler","May 15, 2018"
GSE99183,"Selectively targeting bromodomain and extraterminal proteins for degradation as a novel anti-glioblastoma strategy NA-seq (time course)  May 15, 2018   approved  TSV","Expression profiling by high throughput sequencing;Genome binding/occupancy profiling by high throughput sequencing","Homo sapiens",49,,"BW;NARROWPEAK;TSV","ftp://ftp.ncbi.nlm.nih.gov/geo/series/GSE99nnn/GSE99183/suppl",29764999,,"Phillip H Koeffler","May 15, 2018"
GSE101744,"Cdc6-2 functions as a master regulator in mediating DNA damage response","Expression profiling by high throughput sequencing","Sulfolobus islandicus",4,,"XLS;SRA Run Selector","ftp://ftp.ncbi.nlm.nih.gov/geo/series/GSE101nnn/GSE101744/suppl;https://www.ncbi.nlm.nih.gov/Traces/study/?acc=PRJNA395338",29878182,SRP113300,"Mengmeng Sun","May 15, 2018"
GSE102284,"RNA-Seq transcriptome profiling of soleus from adult and aged mice following disuse muscle atrophy and recovery","Expression profiling by high throughput sequencing","Mus musculus",36,,"XLSX;SRA Run Selector","ftp://ftp.ncbi.nlm.nih.gov/geo/series/GSE102nnn/GSE102284/suppl;https://www.ncbi.nlm.nih.gov/Traces/study/?acc=PRJNA397216",29562317,SRP114869,"Paul M Coen","May 15, 2018"
GSE103303,"Fnip1 null kidney versus wildtype kidney RNAseq data","Expression profiling by high throughput sequencing","Mus musculus",5,,"TXT;SRA Run Selector","ftp://ftp.ncbi.nlm.nih.gov/geo/series/GSE103nnn/GSE103303/suppl;https://www.ncbi.nlm.nih.gov/Traces/study/?acc=PRJNA401897",,SRP131317,"Brian M Iritani","May 15, 2018"
GSE104611,"Expression data from C57/Bl6 Wt mice CD4+ T cells after activation with anti-CD3 plus Wt APC or OX40L-Tg APC","Expression profiling by array","Mus musculus",2,,"CEL","ftp://ftp.ncbi.nlm.nih.gov/geo/series/GSE104nnn/GSE104611/suppl",30021159,,"Xiaolong Zhang","May 15, 2018"
GSE106321,"SOX-2 mediated upregulation of CD24 promotes adaptive resistance towards targeted therapy in melanoma","Expression profiling by array","Homo sapiens",6,,"TXT","ftp://ftp.ncbi.nlm.nih.gov/geo/series/GSE106nnn/GSE106321/suppl",29905375,,"Jochen Utikal","May 15, 2018"
GSE106790,"G9a regulates temporal preimplantation developmental program and lineage segregation in blastocyst","Expression profiling by high throughput sequencing","Mus musculus",20,,"TXT;SRA Run Selector","ftp://ftp.ncbi.nlm.nih.gov/geo/series/GSE106nnn/GSE106790/suppl;https://www.ncbi.nlm.nih.gov/Traces/study/?acc=PRJNA418079",29745895,SRP124820,"Sabine Dietmann","May 15, 2018"
GSE107004,"Transcriptomic analysis of adult mouse hippocampal tissue in control and MeCP2 knockdown conditions","Expression profiling by high throughput sequencing","Mus musculus",16,,"XLSX;SRA Run Selector","ftp://ftp.ncbi.nlm.nih.gov/geo/series/GSE107nnn/GSE107004/suppl;https://www.ncbi.nlm.nih.gov/Traces/study/?acc=PRJNA418773",29438740,SRP125116,"Ana M.M. Oliveira","May 15, 2018"
GSE107064,"Liver transcriptomic and plasma metabolic profile of fattening lambs is modified by feed restriction during the suckling period.","Expression profiling by high throughput sequencing","Ovis aries",8,,"XLSX;SRA Run Selector","ftp://ftp.ncbi.nlm.nih.gov/geo/series/GSE107nnn/GSE107064/suppl;https://www.ncbi.nlm.nih.gov/Traces/study/?acc=PRJNA418946",29471523,SRP125199,"Alba Santos Baza","May 15, 2018"
GSE107199,"Next Generation Sequencing for Quantitative Transcriptomic Profiling of TLR3, TLR7 and TLR8 Activation in Neurons","Expression profiling by high throughput sequencing","Mus musculus",15,,"TXT;XLSX;SRA Run Selector","ftp://ftp.ncbi.nlm.nih.gov/geo/series/GSE107nnn/GSE107199/suppl;https://www.ncbi.nlm.nih.gov/Traces/study/?acc=PRJNA419291",29777026;29885943,SRP125379,"Yi-Ping Hsueh","May 15, 2018"
GSE108347,"Genome-wide analysis of cell cycle-specific SF3B1-chromatin interactions and its effect on RNA splicing","Expression profiling by high throughput sequencing;Genome binding/occupancy profiling by high throughput sequencing","Homo sapiens",7,,"BW;DIFF;TXT;SRA Run Selector","ftp://ftp.ncbi.nlm.nih.gov/geo/series/GSE108nnn/GSE108347/suppl;https://www.ncbi.nlm.nih.gov/Traces/study/?acc=PRJNA423248",29764937,SRP127254,"MANOJ PILLAI","May 15, 2018"
GSE109012,"CHD4 and the NuRD complex directly control cardiac sarcomere formation","Expression profiling by high throughput sequencing;Genome binding/occupancy profiling by high throughput sequencing","Mus musculus",21,,"BED;BW;RPKM;TXT;SRA Run Selector","ftp://ftp.ncbi.nlm.nih.gov/geo/series/GSE109nnn/GSE109012/suppl;https://www.ncbi.nlm.nih.gov/Traces/study/?acc=PRJNA429439",29891665,SRP128663,"Ian Jonathan Davis","May 15, 2018"
GSE109633,"Effects of Hif1a mutation and maternal diabetes on the offspring heart","Expression profiling by high throughput sequencing","Mus musculus",12,,"TXT;SRA Run Selector","ftp://ftp.ncbi.nlm.nih.gov/geo/series/GSE109nnn/GSE109633/suppl;https://www.ncbi.nlm.nih.gov/Traces/study/?acc=PRJNA431568",29753320,SRP131203,"Gabriela Pavlínková","May 15, 2018"
GSE109672,"The coupling of transcriptome and proteome adaptation during development and heat stress response of tomato pollen","Expression profiling by high throughput sequencing","Solanum lycopersicum",12,,"CSV;SRA Run Selector","ftp://ftp.ncbi.nlm.nih.gov/geo/series/GSE109nnn/GSE109672/suppl;https://www.ncbi.nlm.nih.gov/Traces/study/?acc=PRJNA431628",29884134,SRP131405,"Enrico Schleiff","May 15, 2018"
GSE111525,"Expression of small RNAs during epigenetic disturbances of Tetrahymena DNA elimination","Non-coding RNA profiling by high throughput sequencing","Tetrahymena thermophila",37,,"TXT;SRA Run Selector","ftp://ftp.ncbi.nlm.nih.gov/geo/series/GSE111nnn/GSE111525/suppl;https://www.ncbi.nlm.nih.gov/Traces/study/?acc=PRJNA437297",29887308,SRP134100,"Kazufumi Mochizuki","May 15, 2018"
GSE111528,"Tissue damage signaling is essential for protective neutrophil recruitment to microbial infection in zebrafish (Danio rerio)","Expression profiling by high throughput sequencing","Danio rerio",9,,"TXT;XLSX;SRA Run Selector","ftp://ftp.ncbi.nlm.nih.gov/geo/series/GSE111nnn/GSE111528/suppl;https://www.ncbi.nlm.nih.gov/Traces/study/?acc=PRJNA437301",29768163,SRP134103,"Philipp Niethammer","May 15, 2018"
GSE111949,"Differential expression analysis from MV4-11 cells treated with or without APTO-253 for 6 hours.","Expression profiling by high throughput sequencing","Homo sapiens",4,,"BIGWIG;XLSX;SRA Run Selector","ftp://ftp.ncbi.nlm.nih.gov/geo/series/GSE111nnn/GSE111949/suppl;https://www.ncbi.nlm.nih.gov/Traces/study/?acc=PRJNA438668",29626127,SRP135881,"Hongying Zhang","May 15, 2018"
GSE112385,"Deciphering the regulon of the alternative extracytoplasmic function (ECF) sigma factor DvdS and its dependence on the regulatory proteins CarD and CarG","Expression profiling by array","Myxococcus xanthus",8,,"TXT","ftp://ftp.ncbi.nlm.nih.gov/geo/series/GSE112nnn/GSE112385/suppl",,,"Montserrat Elías-Arnanz","May 15, 2018"
GSE112395,"Myc and the Tip60 chromatin remodeling complex control neuroblast maintenance and polarity in Drosophila","Expression profiling by high throughput sequencing","Drosophila melanogaster",6,,"CSV;SRA Run Selector","ftp://ftp.ncbi.nlm.nih.gov/geo/series/GSE112nnn/GSE112395/suppl;https://www.ncbi.nlm.nih.gov/Traces/study/?acc=PRJNA445881",29997178,SRP136559,"Andreas Wodarz","May 15, 2018"
GSE112588,"Transposon-associated epigenetic silencing during Pleurotus ostreatus life cycle","Expression profiling by high throughput sequencing;Methylation profiling by high throughput sequencing;Non-coding RNA profiling by high throughput sequencing","Pleurotus ostreatus",53,,"XLS;SRA Run Selector","ftp://ftp.ncbi.nlm.nih.gov/geo/series/GSE112nnn/GSE112588/suppl;https://www.ncbi.nlm.nih.gov/Traces/study/?acc=PRJNA448380",,SRP136922,"Raul Castanera","May 15, 2018"
GSE113769,"Characterization of imprinted genes in rice reveals regulation and imprinting conservation at some loci in plant species","Expression profiling by high throughput sequencing","Oryza sativa",15,,"TXT;SRA Run Selector","ftp://ftp.ncbi.nlm.nih.gov/geo/series/GSE113nnn/GSE113769/suppl;https://www.ncbi.nlm.nih.gov/Traces/study/?acc=PRJNA453967",29914891,SRP143478,"Chen Chen","May 15, 2018"
GSE114378,"Novel human full-thickness, three-dimensional non-keratinized mucous membrane model for pharmacological studies in wound healing","Expression profiling by array","Homo sapiens",2,,"CEL","ftp://ftp.ncbi.nlm.nih.gov/geo/series/GSE114nnn/GSE114378/suppl",,,"Sebastian Huth","May 15, 2018"
GSE114384,"Expression data of sheep exposed to Mycobacterium avium subsp. Paratuberculosis","Expression profiling by array","Bos taurus;Ovis aries",124,,"CEL","ftp://ftp.ncbi.nlm.nih.gov/geo/series/GSE114nnn/GSE114384/suppl",,,"Auriol Cecilia Purdie","May 15, 2018"
GSE114385,"A somatically acquired enhancer of the androgen receptor is a noncoding driver in advanced prostate cancer","Genome binding/occupancy profiling by high throughput sequencing","Homo sapiens",33,,"BW;SRA Run Selector","ftp://ftp.ncbi.nlm.nih.gov/geo/series/GSE114nnn/GSE114385/suppl;https://www.ncbi.nlm.nih.gov/Traces/study/?acc=PRJNA471255",,SRP145590,"Matthew Freedman","May 15, 2018"
GSE114390,"Hsa-miR99b/let-7e/miR125a cluster regulates pathogen recognition receptor-stimulated suppressive APCs","Non-coding RNA profiling by array","Homo sapiens",6,,"TXT","ftp://ftp.ncbi.nlm.nih.gov/geo/series/GSE114nnn/GSE114390/suppl",29967604,,"Mariel Eberle","May 15, 2018"
GSE114397,"Single cell RNA-seq and ATAC-seq of EMT induced by TGFbeta stimulation and Zeb1 overexpression","Expression profiling by high throughput sequencing;Genome binding/occupancy profiling by high throughput sequencing","Homo sapiens",4,,"TSV;TXT;SRA Run Selector","ftp://ftp.ncbi.nlm.nih.gov/geo/series/GSE114nnn/GSE114397/suppl;https://www.ncbi.nlm.nih.gov/Traces/study/?acc=PRJNA471293",29961576,SRP145597,"David van Dijk","May 15, 2018"
GSE114426,"Circular RNA expression alteration in rats after traumatic spinal cord injury (SCI)","Expression profiling by array","Rattus norvegicus",6,,"TXT;XLS","ftp://ftp.ncbi.nlm.nih.gov/geo/series/GSE114nnn/GSE114426/suppl",30692912,,"Chuan Qin","May 15, 2018"
GSE114428,"Genome-wilde expression profiling analysis of yeast cells lacking the decapping activator Scd6","Expression profiling by high throughput sequencing","Saccharomyces cerevisiae",6,,"TXT;SRA Run Selector","ftp://ftp.ncbi.nlm.nih.gov/geo/series/GSE114nnn/GSE114428/suppl;https://www.ncbi.nlm.nih.gov/Traces/study/?acc=PRJNA471329",30532217,SRP145633,"Feng He","May 15, 2018"
GSE114431,"Pseudomonas aerugiosa tctED deletion strain compared to wildtype","Expression profiling by array","Pseudomonas aeruginosa;Pseudomonas aeruginosa UCBPP-PA14",8,,"CEL","ftp://ftp.ncbi.nlm.nih.gov/geo/series/GSE114nnn/GSE114431/suppl",,,"Patrick Kyle Taylor","May 15, 2018"
GSE114434,"Tissue-resident macrophages in the intestine are long-lived and defined by Tim-4 and CD4 expression","Expression profiling by high throughput sequencing","Mus musculus",15,,"TXT;SRA Run Selector","ftp://ftp.ncbi.nlm.nih.gov/geo/series/GSE114nnn/GSE114434/suppl;https://www.ncbi.nlm.nih.gov/Traces/study/?acc=PRJNA471340",29789388,SRP145670,"Tovah N Shaw","May 15, 2018"
GSE114435,"Determining ELL2 direct targets via ChIPseq","Genome binding/occupancy profiling by high throughput sequencing","Mus musculus",2,,"BW;SRA Run Selector","ftp://ftp.ncbi.nlm.nih.gov/geo/series/GSE114nnn/GSE114435/suppl;https://www.ncbi.nlm.nih.gov/Traces/study/?acc=PRJNA471339",30297340;30544499,SRP145669,"Christine Milcarek","May 15, 2018"
GSE114438,"A PDGFRα-driven mouse model of Glioblastoma reveals a Stathmin1-mediated mechanism of sensitivity to Vinblastine","Expression profiling by array","Mus musculus",9,,"CEL","ftp://ftp.ncbi.nlm.nih.gov/geo/series/GSE114nnn/GSE114438/suppl",30082792,,"Hua-Jun Wu","May 15, 2018"
GSE114441,"Schwann cell precursor mRNA in normal culture conditions","Expression profiling by array","Rattus norvegicus",3,,"TXT","ftp://ftp.ncbi.nlm.nih.gov/geo/series/GSE114nnn/GSE114441/suppl",,,"Satoshi Kondo","May 15, 2018"
GSE114442,"Comparison of oligodendrocyte miRNAs in normal and differentiated conditions in culture","Non-coding RNA profiling by array","Rattus norvegicus",6,,"TXT","ftp://ftp.ncbi.nlm.nih.gov/geo/series/GSE114nnn/GSE114442/suppl",,,"Satoshi Kondo","May 15, 2018"
GSE114479,"Transcriptome analysis for leaf morphology in Brassica rapa","Expression profiling by array","Brassica rapa",6,,"PAIR;PROBE","ftp://ftp.ncbi.nlm.nih.gov/geo/series/GSE114nnn/GSE114479/suppl",,,"Yoonkang Hur","May 15, 2018"
GSE114493,"Molecular analysis of high-grade serous ovarian carcinoma with and without associated serous tubal intra-epithelial carcinoma [RNA-Seq; normal samples]","Expression profiling by high throughput sequencing","Homo sapiens",10,,"TXT;SRA Run Selector","ftp://ftp.ncbi.nlm.nih.gov/geo/series/GSE114nnn/GSE114493/suppl;https://www.ncbi.nlm.nih.gov/Traces/study/?acc=PRJNA471533",29042553,SRP146249,"leslie cope","May 15, 2018"
GSE46138,"Exon Level Expression Profiling: a Novel Unbiased Transcriptome","Expression profiling by array","Mus musculus",9,,"CEL;CHP","ftp://ftp.ncbi.nlm.nih.gov/geo/series/GSE46nnn/GSE46138/suppl",29719248,,"Mikako Ito","May 14, 2018"
GSE46846,"Induction of Prolonged Early G1 Arrest by CDK4/CDK6 Inhibition Reprograms Lymphoma Cells for Durable PI3Kδ Inhibition Through PIK3IP1","Expression profiling by high throughput sequencing","Homo sapiens",8,,"TXT;SRA Run Selector","ftp://ftp.ncbi.nlm.nih.gov/geo/series/GSE46nnn/GSE46846/suppl;https://www.ncbi.nlm.nih.gov/Traces/study/?acc=PRJNA202455",,SRP022362,"Selina Chen-Kiang","May 14, 2018"
GSE49369,"TIGIT+ iTregs elicited by human regulatory macrophages control T cell immunity","Expression profiling by array","Homo sapiens",40,,"TXT","ftp://ftp.ncbi.nlm.nih.gov/geo/series/GSE49nnn/GSE49369/suppl",30030423,,"James Alexander Hutchinson","May 14, 2018"
GSE85715,"A critical role for nucleoporin 358 (Nup358) in transposon silencing and piRNA biogenesis in Drosophila","Non-coding RNA profiling by high throughput sequencing;Expression profiling by high throughput sequencing;Other","Drosophila melanogaster",10,,"TXT","ftp://ftp.ncbi.nlm.nih.gov/geo/series/GSE85nnn/GSE85715/suppl",,,"Vamsi Gangaraju","May 14, 2018"
GSE96961,"Environmental enrichment prevents transcriptional disturbances induced by alpha-Synuclein overexpression","Expression profiling by high throughput sequencing","Mus musculus",16,,"CSV;SRA Run Selector","ftp://ftp.ncbi.nlm.nih.gov/geo/series/GSE96nnn/GSE96961/suppl;https://www.ncbi.nlm.nih.gov/Traces/study/?acc=PRJNA380229",30543522,SRP102360,"Julia Maria Schulze-Hentrich","May 14, 2018"
GSE102679,"Two evolutionary developmental strategies for miRNA gene regulation in animal embryogenesis [CE_miRNA-seq]","Non-coding RNA profiling by high throughput sequencing","Caenorhabditis elegans",24,,"XLSX;SRA Run Selector","ftp://ftp.ncbi.nlm.nih.gov/geo/series/GSE102nnn/GSE102679/suppl;https://www.ncbi.nlm.nih.gov/Traces/study/?acc=PRJNA398374",29237075,SRP115482,"Itai Yanai","May 14, 2018"
GSE102680,"Two evolutionary developmental strategies for miRNA gene regulation in animal embryogenesis [CE_RNA-seq]","Expression profiling by high throughput sequencing","Caenorhabditis elegans",24,,"XLSX;SRA Run Selector","ftp://ftp.ncbi.nlm.nih.gov/geo/series/GSE102nnn/GSE102680/suppl;https://www.ncbi.nlm.nih.gov/Traces/study/?acc=PRJNA398376",29237075,SRP115483,"Itai Yanai","May 14, 2018"
GSE102681,"Two evolutionary developmental strategies for miRNA gene regulation in animal embryogenesis [DM_miRNA-seq]","Non-coding RNA profiling by high throughput sequencing","Drosophila melanogaster",14,,"XLSX;SRA Run Selector","ftp://ftp.ncbi.nlm.nih.gov/geo/series/GSE102nnn/GSE102681/suppl;https://www.ncbi.nlm.nih.gov/Traces/study/?acc=PRJNA398375",29237075,SRP115484,"Itai Yanai","May 14, 2018"
GSE102682,"Two evolutionary developmental strategies for miRNA gene regulation in animal embryogenesis","Non-coding RNA profiling by high throughput sequencing;Expression profiling by high throughput sequencing","Caenorhabditis elegans;Drosophila melanogaster",62,,,,29237075,,"Itai Yanai","May 14, 2018"
GSE103564,"A critical role for nucleoporin 358 (Nup358) in transposon silencing and piRNA biogenesis in Drosophila [RNA-Seq]","Expression profiling by high throughput sequencing","Drosophila melanogaster",4,,"TXT;SRA Run Selector","ftp://ftp.ncbi.nlm.nih.gov/geo/series/GSE103nnn/GSE103564/suppl;https://www.ncbi.nlm.nih.gov/Traces/study/?acc=PRJNA401964",,SRP117101,"Vamsi Gangaraju","May 14, 2018"
GSE105177,"peakC: a flexible, non-parametric peak calling package for 4C and Capture-C data","Other","Mus musculus",78,,"TXT;SRA Run Selector","ftp://ftp.ncbi.nlm.nih.gov/geo/series/GSE105nnn/GSE105177/suppl;https://www.ncbi.nlm.nih.gov/Traces/study/?acc=PRJNA415064",29800273,SRP120557,"Geert Geeven","May 14, 2018"
GSE106448,"Translation elongation factor 4 (LepA) contributes to tetracycline susceptibility by stalling elongating ribosomes","Expression profiling by high throughput sequencing","Escherichia coli BW25113",8,,"XLSX;SRA Run Selector","ftp://ftp.ncbi.nlm.nih.gov/geo/series/GSE106nnn/GSE106448/suppl;https://www.ncbi.nlm.nih.gov/Traces/study/?acc=PRJNA416905",29784847,SRP123462,"Bin Liu","May 14, 2018"
GSE108017,"Transcriptional profiling of mouse prostate tumors with conditional mutations in the Pten, Apc, or Tgfbr2 genes","Expression profiling by high throughput sequencing","Mus musculus",25,,"CSV;SRA Run Selector","ftp://ftp.ncbi.nlm.nih.gov/geo/series/GSE108nnn/GSE108017/suppl;https://www.ncbi.nlm.nih.gov/Traces/study/?acc=PRJNA422241",29782499,SRP126640,"David Wotton","May 14, 2018"
GSE108131,"Candidate Gene Identification Through RNA-Seq Analysis of (TRAMP x WSB/EiJ) F2 Primary Tumors","Expression profiling by high throughput sequencing","Mus musculus",115,,"TXT;SRA Run Selector","ftp://ftp.ncbi.nlm.nih.gov/geo/series/GSE108nnn/GSE108131/suppl;https://www.ncbi.nlm.nih.gov/Traces/study/?acc=PRJNA422530",29890952,SRP126833,"Derek Gildea","May 14, 2018"
GSE108197,"The RNA exosome adaptor protein ZFC3H1 functionally competes with nuclear export activity to retain target transcripts","Expression profiling by high throughput sequencing","Homo sapiens",5,,"BW;SRA Run Selector","ftp://ftp.ncbi.nlm.nih.gov/geo/series/GSE108nnn/GSE108197/suppl;https://www.ncbi.nlm.nih.gov/Traces/study/?acc=PRJNA422801",29768216,SRP126942,"Evdoxia Karadoulama","May 14, 2018"
GSE108272,"Replacing C189 in the bZIP domain of Zta to S, T, V, and A changes DNA binding specificity to four types of double-stranded DNA (mC)","Other","Human gammaherpesvirus 4;synthetic construct",29,,"TXT","ftp://ftp.ncbi.nlm.nih.gov/geo/series/GSE108nnn/GSE108272/suppl",29772230,,"Desiree Tillo","May 14, 2018"
GSE108273,"Replacing C189 in the bZIP domain of Zta to S, T, V, and A changes DNA binding specificity to four types of double-stranded DNA (mCG)","Other","Human gammaherpesvirus 4;synthetic construct",20,,"TXT","ftp://ftp.ncbi.nlm.nih.gov/geo/series/GSE108nnn/GSE108273/suppl",29772230,,"Desiree Tillo","May 14, 2018"
GSE108315,"De novo formation of a functional biliary system by TGFβ-mediated hepatocyte transdifferentiation","Expression profiling by high throughput sequencing","Mus musculus",10,,"TXT;SRA Run Selector","ftp://ftp.ncbi.nlm.nih.gov/geo/series/GSE108nnn/GSE108315/suppl;https://www.ncbi.nlm.nih.gov/Traces/study/?acc=PRJNA423097",29720662,SRP127184,"Rebekah Karns","May 14, 2018"
GSE108624,"KIF20A/MKLP2 regulates the division modes of neural progenitor cells during cortical development","Expression profiling by high throughput sequencing","Mus musculus",11,,"TXT;SRA Run Selector","ftp://ftp.ncbi.nlm.nih.gov/geo/series/GSE108nnn/GSE108624/suppl;https://www.ncbi.nlm.nih.gov/Traces/study/?acc=PRJNA427903",,SRP127722,"Xiwei Wu","May 14, 2018"
GSE110766,"Gene expression profiles in cardiac specific overexpression of Glut1 transgenic mice","Expression profiling by array","Mus musculus",6,,"CEL","ftp://ftp.ncbi.nlm.nih.gov/geo/series/GSE110nnn/GSE110766/suppl",,,"Dan Shao","May 14, 2018"
GSE110851,"Reprogramming of chromatin accessibility in somatic cell nuclear transfer is DNA replication independent","Genome binding/occupancy profiling by high throughput sequencing","Mus musculus",6,,"BW;SRA Run Selector","ftp://ftp.ncbi.nlm.nih.gov/geo/series/GSE110nnn/GSE110851/suppl;https://www.ncbi.nlm.nih.gov/Traces/study/?acc=PRJNA434693",29768195,SRP133114,"Mohamed Nadhir Djekidel","May 14, 2018"
GSE111833,"RNA-seq analysis of visceral fat Treg signature genes in aged WT and PPARg-2KR mice.","Expression profiling by high throughput sequencing","Mus musculus",4,,"CSV;TXT;SRA Run Selector","ftp://ftp.ncbi.nlm.nih.gov/geo/series/GSE111nnn/GSE111833/suppl;https://www.ncbi.nlm.nih.gov/Traces/study/?acc=PRJNA438306",29589839,SRP135685,"Li Qiang","May 14, 2018"
GSE113469,"Identification of peculiar gene expression profile in peripheral blood mononuclear cells (PBMC) of celiac patients on gluten free diet","Expression profiling by array","Homo sapiens",37,,"TXT","ftp://ftp.ncbi.nlm.nih.gov/geo/series/GSE113nnn/GSE113469/suppl",,,"Marica Cariello","May 14, 2018"
GSE114136,"A critical role for nucleoporin 358 (Nup358) in transposon silencing and piRNA biogenesis in Drosophila [ncRNA-seq]","Non-coding RNA profiling by high throughput sequencing","Drosophila melanogaster",2,,"TXT;SRA Run Selector","ftp://ftp.ncbi.nlm.nih.gov/geo/series/GSE114nnn/GSE114136/suppl;https://www.ncbi.nlm.nih.gov/Traces/study/?acc=PRJNA464399",,SRP144785,"Vamsi Gangaraju","May 14, 2018"
GSE114137,"A critical role for nucleoporin 358 (Nup358) in transposon silencing and piRNA biogenesis in Drosophila [GRO-seq]","Other","Drosophila melanogaster",4,,"TXT;SRA Run Selector","ftp://ftp.ncbi.nlm.nih.gov/geo/series/GSE114nnn/GSE114137/suppl;https://www.ncbi.nlm.nih.gov/Traces/study/?acc=PRJNA464400",,SRP144784,"Vamsi Gangaraju","May 14, 2018"
GSE114358,"Enzyme promiscuity shapes evolutionary innovation and optimization","Expression profiling by high throughput sequencing","Escherichia coli str. K-12 substr. MG1655",22,,"FPKM_TRACKING;SRA Run Selector","ftp://ftp.ncbi.nlm.nih.gov/geo/series/GSE114nnn/GSE114358/suppl;https://www.ncbi.nlm.nih.gov/Traces/study/?acc=PRJNA471071",,SRP145496,"Adam M Feist","May 14, 2018"
GSE114377,"Expression profile of miRNAs in PBMCs infected with CSF vaccine virus in six crossbred pigs","Non-coding RNA profiling by high throughput sequencing","Sus scrofa",3,,"TXT;SRA Run Selector","ftp://ftp.ncbi.nlm.nih.gov/geo/series/GSE114nnn/GSE114377/suppl;https://www.ncbi.nlm.nih.gov/Traces/study/?acc=PRJNA471191",,SRP145550,"AMIT KUMAR","May 14, 2018"
GSE114379,"Gene expression responses to ABA and to osmotic stress in the pyl112458 379101112 mutant","Expression profiling by high throughput sequencing","Arabidopsis thaliana",18,,"XLSX;SRA Run Selector","ftp://ftp.ncbi.nlm.nih.gov/geo/series/GSE114nnn/GSE114379/suppl;https://www.ncbi.nlm.nih.gov/Traces/study/?acc=PRJNA471243",,SRP145580,"Yang Zhao","May 14, 2018"
GSE114391,"SWI/SNF remains localized to chromatin in the presence of SCHLAP1 (ATAC-seq)","Genome binding/occupancy profiling by high throughput sequencing","Homo sapiens",6,,"BW;SRA Run Selector","ftp://ftp.ncbi.nlm.nih.gov/geo/series/GSE114nnn/GSE114391/suppl;https://www.ncbi.nlm.nih.gov/Traces/study/?acc=PRJNA471289",,SRP145600,"Jesse Raab","May 14, 2018"
GSE114392,"SWI/SNF remains localized to chromatin in the presence of SCHLAP1 (ChIP-seq)","Genome binding/occupancy profiling by high throughput sequencing","Homo sapiens",24,,"BW;CSV;SRA Run Selector","ftp://ftp.ncbi.nlm.nih.gov/geo/series/GSE114nnn/GSE114392/suppl;https://www.ncbi.nlm.nih.gov/Traces/study/?acc=PRJNA471288",,SRP145601,"Jesse Raab","May 14, 2018"
GSE114393,"SWI/SNF remains localized to chromatin in the presence of SCHLAP1 (RIP-seq)","Genome binding/occupancy profiling by high throughput sequencing","Homo sapiens",15,,"BW;TSV;SRA Run Selector","ftp://ftp.ncbi.nlm.nih.gov/geo/series/GSE114nnn/GSE114393/suppl;https://www.ncbi.nlm.nih.gov/Traces/study/?acc=PRJNA471291",,SRP145602,"Jesse Raab","May 14, 2018"
GSE114394,"SWI/SNF remains localized to chromatin in the presence of SCHLAP1","Genome binding/occupancy profiling by high throughput sequencing","Homo sapiens",45,,"BW","ftp://ftp.ncbi.nlm.nih.gov/geo/series/GSE114nnn/GSE114394/suppl",,,"Jesse Raab","May 14, 2018"
GSE99620,"Recombination map of male germline cell for a single Holstein bull","Other;Genome variation profiling by SNP array","Bos taurus",56,,"IDAT;TXT","ftp://ftp.ncbi.nlm.nih.gov/geo/series/GSE99nnn/GSE99620/suppl",29186399,,"Yang Zhou","May 13, 2018"
GSE102711,"Resistance to pentamidine is mediated by AdeAB, regulated by AdeRS, and influenced by growth conditions in Acinetobacter baumannii ATCC 17978","Expression profiling by high throughput sequencing","Acinetobacter baumannii ATCC 17978",2,,"TXT;SRA Run Selector","ftp://ftp.ncbi.nlm.nih.gov/geo/series/GSE102nnn/GSE102711/suppl;https://www.ncbi.nlm.nih.gov/Traces/study/?acc=PRJNA398489",29750823,SRP115528,"Felise Adams","May 13, 2018"
GSE113073,"Transcription Factor SOX30 Is a Key Regulator of Mouse Spermiogenesis","Expression profiling by high throughput sequencing","Mus musculus",4,,"TXT;SRA Run Selector","ftp://ftp.ncbi.nlm.nih.gov/geo/series/GSE113nnn/GSE113073/suppl;https://www.ncbi.nlm.nih.gov/Traces/study/?acc=PRJNA449928",29848638,SRP139811,"Chunsheng Han","May 13, 2018"
GSE113112,"TCR repertoire of effector CCR7-CD38+ cells accumulating during experimental infection with Typhoidal Salmonella","Other","Homo sapiens",8,,"TXT;SRA Run Selector","ftp://ftp.ncbi.nlm.nih.gov/geo/series/GSE113nnn/GSE113112/suppl;https://www.ncbi.nlm.nih.gov/Traces/study/?acc=PRJNA450033",29925993,SRP139925,"Margarida Rei","May 13, 2018"
GSE57636,"Gene expression profiling of mouse small intestinal myofibroblast after stimulation with homogenate of intestinal eosinophil","Expression profiling by array","Mus musculus",2,,"CEL;CHP","ftp://ftp.ncbi.nlm.nih.gov/geo/series/GSE57nnn/GSE57636/suppl",29467297,,"Naoki Takemura","May 12, 2018"
GSE105034,"Extracellular matrix remodeling regulates glucose metabolism through TXNIP destabilization","Expression profiling by array","Homo sapiens",9,,"CEL;CHP","ftp://ftp.ncbi.nlm.nih.gov/geo/series/GSE105nnn/GSE105034/suppl",,,"William Juster Sullivan","May 12, 2018"
GSE108295,"Maturation of polycistronic mRNA by RNase Y and its associated Y-complex in Gram-positive bacteria","Other","Bacillus subtilis;Staphylococcus aureus",16,,"WIG;SRA Run Selector","ftp://ftp.ncbi.nlm.nih.gov/geo/series/GSE108nnn/GSE108295/suppl;https://www.ncbi.nlm.nih.gov/Traces/study/?acc=PRJNA423050",,SRP127165,"Aaron James DeLoughery","May 12, 2018"
GSE112178,"Molecular characterization of pyrethroid resistance in the olive fruit fly Bactrocera oleae","Expression profiling by array","Bactrocera oleae",12,,"TXT","ftp://ftp.ncbi.nlm.nih.gov/geo/series/GSE112nnn/GSE112178/suppl",,,"Nicky Wybouw","May 12, 2018"
GSE114262,"RNA-seq Analyzes Transcriptomes of dnaB-Ts and dnaB-Ts ΔahpC at Both Permissive and Non-permissive Temperature","Expression profiling by high throughput sequencing","Escherichia coli",4,,"TXT;SRA Run Selector","ftp://ftp.ncbi.nlm.nih.gov/geo/series/GSE114nnn/GSE114262/suppl;https://www.ncbi.nlm.nih.gov/Traces/study/?acc=PRJNA470697",,SRP145122,"Yuzhi Hong","May 12, 2018"
GSE114346,"Transcriptome analysis of IFNγ producing and non-producing CD4 T cells during chronic intestinal inflammation.","Expression profiling by high throughput sequencing","Mus musculus",4,,"CSV;XLS;SRA Run Selector","ftp://ftp.ncbi.nlm.nih.gov/geo/series/GSE114nnn/GSE114346/suppl;https://www.ncbi.nlm.nih.gov/Traces/study/?acc=PRJNA471054",29915024,SRP145463,"Laurie E Harrington","May 12, 2018"
GSE114352,"Analysis of gene expression profile in LPS-stimulated Maf-deficient BMDM","Expression profiling by array","Mus musculus",2,,"TXT;XLSX","ftp://ftp.ncbi.nlm.nih.gov/geo/series/GSE114nnn/GSE114352/suppl",29907708,,"Kenta Kikuchi","May 12, 2018"
GSE114359,"Tumor analysis: Freeze-thawing cycle of triple negative breast cancer cells changes tumor CD24/CD44 profile and percentage of tumor-infiltrating immune cells","Expression profiling by array","Homo sapiens",6,,"CEL","ftp://ftp.ncbi.nlm.nih.gov/geo/series/GSE114nnn/GSE114359/suppl",29925435,,"Patrick Legembre","May 12, 2018"
GSE114360,"RNA transcriptome sequencing analysis of SGC-7901 cells transfected with tcons_00001221 shRNA or control shRNA","Expression profiling by high throughput sequencing","Homo sapiens",6,,"XLSX;SRA Run Selector","ftp://ftp.ncbi.nlm.nih.gov/geo/series/GSE114nnn/GSE114360/suppl;https://www.ncbi.nlm.nih.gov/Traces/study/?acc=PRJNA471072",,SRP145485,"Ming zhe Ma","May 12, 2018"
GSE114369,"Transcriptomic analysis on leaves of C. sinensis under low-pH","Expression profiling by high throughput sequencing","Citrus sinensis",5,,"XLS;SRA Run Selector","ftp://ftp.ncbi.nlm.nih.gov/geo/series/GSE114nnn/GSE114369/suppl;https://www.ncbi.nlm.nih.gov/Traces/study/?acc=PRJNA471083",30208853,SRP145489,"Chen Lisong","May 12, 2018"
GSE68779,"Transcriptomic profiling of liver of Ctnnb1-KO and WT mice after 12 weeks exposure to Phenobarbital (mRNA)","Expression profiling by array","Mus musculus",23,,"CEL","ftp://ftp.ncbi.nlm.nih.gov/geo/series/GSE68nnn/GSE68779/suppl",21455306;24690595,,"Jonathan Moggs","May 11, 2018"
GSE68786,"Transcriptomic profiling of liver of Ctnnb1-KO and WT mice after 12 weeks exposure to Phenobarbital (miRNA)","Non-coding RNA profiling by array","Mus musculus",16,,"TXT","ftp://ftp.ncbi.nlm.nih.gov/geo/series/GSE68nnn/GSE68786/suppl",21455306;24690595,,"Jonathan Moggs","May 11, 2018"
GSE79057,"Antileukemic Efficacy of BET Inhibitor in a Preclinical Mouse Model of MLL-AF4+ Infant ALL","Expression profiling by array","Homo sapiens",28,,"CEL","ftp://ftp.ncbi.nlm.nih.gov/geo/series/GSE79nnn/GSE79057/suppl",29748211,,"Luca Trentin","May 11, 2018"
GSE79647,"Expression profiling of shoot apices of 35S::WOX1:GR seedlings transiently treated with DEX","Expression profiling by array","Arabidopsis thaliana",28,,"TXT","ftp://ftp.ncbi.nlm.nih.gov/geo/series/GSE79nnn/GSE79647/suppl",,,"Miyuki T Nakata","May 11, 2018"
GSE86600,"Expression profiling of infant and young adult lung endothelial cells by RNA-sequencing.","Expression profiling by high throughput sequencing","Mus musculus",6,,"TXT;SRA Run Selector","ftp://ftp.ncbi.nlm.nih.gov/geo/series/GSE86nnn/GSE86600/suppl;https://www.ncbi.nlm.nih.gov/Traces/study/?acc=PRJNA342337",29749927,SRP087646,"Hellmut G Augustin","May 11, 2018"
GSE87374,"DNA methylation profiling of vascular maturation","Methylation profiling by high throughput sequencing","Mus musculus",6,,"BED;SRA Run Selector","ftp://ftp.ncbi.nlm.nih.gov/geo/series/GSE87nnn/GSE87374/suppl;https://www.ncbi.nlm.nih.gov/Traces/study/?acc=PRJNA344551",29749927,SRP090505,"Hellmut G Augustin","May 11, 2018"
GSE95236,"The distribution of Brahma in the genome of Drosophila melanogaster S2 cells and the roles of Brahma in transcription and pre-mRNA processing ","Expression profiling by high throughput sequencing;Genome binding/occupancy profiling by high throughput sequencing","Drosophila melanogaster",12,,"TXT;SRA Run Selector","ftp://ftp.ncbi.nlm.nih.gov/geo/series/GSE95nnn/GSE95236/suppl;https://www.ncbi.nlm.nih.gov/Traces/study/?acc=PRJNA376457",29776334,SRP100580,"Neus Visa","May 11, 2018"
GSE97500,"Fine scale time-series RNA-Seq of shoot and root responses to Nitrogen supply","Expression profiling by high throughput sequencing","Arabidopsis thaliana",114,,"TXT;SRA Run Selector","ftp://ftp.ncbi.nlm.nih.gov/geo/series/GSE97nnn/GSE97500/suppl;https://www.ncbi.nlm.nih.gov/Traces/study/?acc=PRJNA382136",,SRP103736,"Kranthi Varala","May 11, 2018"
GSE98525,"Gene expression analysis in PKP2mut cardiomyocytes","Expression profiling by array","Homo sapiens",6,,"TXT","ftp://ftp.ncbi.nlm.nih.gov/geo/series/GSE98nnn/GSE98525/suppl",29764980,,"Gianluca Santamaria","May 11, 2018"
GSE99888,"Single‐cell transcriptomic analysis of mouse CA1 inhibitory neurons","Expression profiling by high throughput sequencing","Mus musculus",6971,,"MAT;TAB;TXT;SRA Run Selector","ftp://ftp.ncbi.nlm.nih.gov/geo/series/GSE99nnn/GSE99888/suppl;https://www.ncbi.nlm.nih.gov/Traces/study/?acc=PRJNA390117",29912866,SRP109000,"Sten Linnarsson","May 11, 2018"
GSE100197,"Utility and validation in placental DNA methylation profiling of preeclampsia and intrauterine growth restriction [discovery cohort]","Methylation profiling by genome tiling array","Homo sapiens",102,,"CSV;IDAT","ftp://ftp.ncbi.nlm.nih.gov/geo/series/GSE100nnn/GSE100197/suppl",29092053,,"Wendy Robinson","May 11, 2018"
GSE101393,"A conserved RNA-binding protein Celf1 controls cell differentiation in vertebrate eye development","Expression profiling by array","Mus musculus",5,,"TXT","ftp://ftp.ncbi.nlm.nih.gov/geo/series/GSE101nnn/GSE101393/suppl",29565969,,"Salil A Lachke","May 11, 2018"
GSE101448,"Microarray gene-expression data to identify a robust biomarker signature in PDAC and validate it in formalin-fixed paraffin-embedded tissue material.","Expression profiling by array","Homo sapiens",43,,"TXT","ftp://ftp.ncbi.nlm.nih.gov/geo/series/GSE101nnn/GSE101448/suppl",29675033,,"Hauke Busch","May 11, 2018"
GSE101462,"Microarray gene-expression data to validate a 17-gene biomarker obtained from excessive meta-analysis to test its PDAC specificity in the presence of pancreatitis tissues.","Expression profiling by array","Homo sapiens",20,,"TXT","ftp://ftp.ncbi.nlm.nih.gov/geo/series/GSE101nnn/GSE101462/suppl",29675033,,"Hauke Busch","May 11, 2018"
GSE102865,"Sp8 and Sp9 Coordinately Promote Striatal Medium Spiny Neuron Production through Activating Six3 Expression [RNA-seq]","Expression profiling by high throughput sequencing","Mus musculus",6,,"TXT;SRA Run Selector","ftp://ftp.ncbi.nlm.nih.gov/geo/series/GSE102nnn/GSE102865/suppl;https://www.ncbi.nlm.nih.gov/Traces/study/?acc=PRJNA399136",,SRP115902,"Qifei Liang","May 11, 2018"
GSE102997,"CTCF and Cohesin (Rad21) ChIP-seq in mouse liver","Genome binding/occupancy profiling by high throughput sequencing","Mus musculus",7,,"BED;SRA Run Selector","ftp://ftp.ncbi.nlm.nih.gov/geo/series/GSE102nnn/GSE102997/suppl;https://www.ncbi.nlm.nih.gov/Traces/study/?acc=PRJNA399718",29757144,SRP116021,"David J. Waxman","May 11, 2018"
GSE102998,"4C-seq analysis of interactions with the Albumin promoter in mouse liver","Other","Mus musculus",8,,"TXT;SRA Run Selector","ftp://ftp.ncbi.nlm.nih.gov/geo/series/GSE102nnn/GSE102998/suppl;https://www.ncbi.nlm.nih.gov/Traces/study/?acc=PRJNA399717",29757144,SRP116022,"David J. Waxman","May 11, 2018"
GSE102999,"Computational prediction of CTCF/cohesin-based intra-TAD (sbTAD) loops that insulate chromatin contacts and gene expression in mouse liver","Genome binding/occupancy profiling by high throughput sequencing;Other","Mus musculus",15,,,,29757144,,"David J. Waxman","May 11, 2018"
GSE103191,"Effect of aging on the global gene expression profiles of mouse olfactory neuroepithelium","Expression profiling by array","Mus musculus",4,,"TXT","ftp://ftp.ncbi.nlm.nih.gov/geo/series/GSE103nnn/GSE103191/suppl",29636678,,"Shigeyuki Shichino","May 11, 2018"
GSE103432,"GTSF-1 is required for the formation of an RNA-dependent RNA Polymerase complex in C. elegans","Non-coding RNA profiling by high throughput sequencing","Caenorhabditis elegans",18,,"BAM;BW;SRA Run Selector","ftp://ftp.ncbi.nlm.nih.gov/geo/series/GSE103nnn/GSE103432/suppl;https://www.ncbi.nlm.nih.gov/Traces/study/?acc=PRJNA401860",29769402,SRP116925,"Emil Karaulanov","May 11, 2018"
GSE104164,"Wnt-signaling pathways are dysregulated in female cerebellum following an early methyl donor deficiency in a rat nutritional model","Expression profiling by array","Rattus norvegicus",7,,"TXT","ftp://ftp.ncbi.nlm.nih.gov/geo/series/GSE104nnn/GSE104164/suppl",29804229,,"Sebastien Hergalant","May 11, 2018"
GSE106424,"Ezh2 is essential for activation-induced CD8+ T cell cycle progression via repressing Cdkn1a and Cdkn2c expression (Part I)","Expression profiling by array","Mus musculus",13,,"TXT","ftp://ftp.ncbi.nlm.nih.gov/geo/series/GSE106nnn/GSE106424/suppl",29632530,,"Minoru S.H. Ko","May 11, 2018"
GSE106425,"Ezh2 is essential for activation-induced CD8+ T cell cycle progression via repressing Cdkn1a and Cdkn2c expression (Part II)","Expression profiling by array","Mus musculus",10,,"TXT","ftp://ftp.ncbi.nlm.nih.gov/geo/series/GSE106nnn/GSE106425/suppl",29632530,,"Minoru S.H. Ko","May 11, 2018"
GSE106426,"Ezh2 is essential for activation-induced CD8+ T cell cycle progression via repressing Cdkn1a and Cdkn2c expression","Expression profiling by array","Mus musculus",23,,"TXT","ftp://ftp.ncbi.nlm.nih.gov/geo/series/GSE106nnn/GSE106426/suppl",29632530,,"Minoru S.H. Ko","May 11, 2018"
GSE106549,"Effects of FGFRL1 knockdown on gene expression in ovarian cancer cell lines","Expression profiling by array","Homo sapiens",4,,"CEL","ftp://ftp.ncbi.nlm.nih.gov/geo/series/GSE106nnn/GSE106549/suppl",29675438,,"Haiyan Tai","May 11, 2018"
GSE112776,"Expression data for High and Low permeable brain metastases in 231-BR mouse model","Expression profiling by array","Homo sapiens;Mus musculus",28,,"CEL;CHP","ftp://ftp.ncbi.nlm.nih.gov/geo/series/GSE112nnn/GSE112776/suppl",30006619,,"Patricia S Steeg","May 11, 2018"
GSE113053,"Hemeatopoietic stem cells but not multipotent progenitors drive erythropoiesis during chronic erythroid stress in EPO transgenic mice","Expression profiling by high throughput sequencing","Mus musculus",12,,"XLS;SRA Run Selector","ftp://ftp.ncbi.nlm.nih.gov/geo/series/GSE113nnn/GSE113053/suppl;https://www.ncbi.nlm.nih.gov/Traces/study/?acc=PRJNA449870",29754961,SRP139777,"Rashim Pal Singh","May 11, 2018"
GSE113166,"Genome-wide expression microarray data of MCSP- and ABCB5-enriched CTCs","Expression profiling by array","Homo sapiens",24,,"CEL;TXT","ftp://ftp.ncbi.nlm.nih.gov/geo/series/GSE113nnn/GSE113166/suppl",,,"Carlos Alberto Aya-Bonilla","May 11, 2018"
GSE113825,"Microarray profiling analysis of long non-coding RNAs expression in osteoarthritis","Expression profiling by array;Non-coding RNA profiling by array","Homo sapiens",20,,"CEL;CHP;TXT","ftp://ftp.ncbi.nlm.nih.gov/geo/series/GSE113nnn/GSE113825/suppl",,,"haibin zhang","May 11, 2018"
GSE114276,"miRNA expression signatures of acne inversa (AI) patients with NCSTN mutations and healthy individuals","Non-coding RNA profiling by array","Homo sapiens",10,,"TXT","ftp://ftp.ncbi.nlm.nih.gov/geo/series/GSE114nnn/GSE114276/suppl",,,"Yanyan He","May 11, 2018"
GSE114277,"miRNA expression signatures of the skin tissue of NcstnΔKC mice and normal mice","Non-coding RNA profiling by array","Mus musculus",8,,"TXT","ftp://ftp.ncbi.nlm.nih.gov/geo/series/GSE114nnn/GSE114277/suppl",,,"Yanyan He","May 11, 2018"
GSE114289,"Comparison of Ildr2 knockdown by (Adv-shRNA) and Ildr2 knockout (Adv-Cre) in mouse liver","Expression profiling by high throughput sequencing","Mus musculus",12,,"CSV;TXT","ftp://ftp.ncbi.nlm.nih.gov/geo/series/GSE114nnn/GSE114289/suppl",29847571,,"Elizabeth Millings","May 11, 2018"
GSE114306,"Sp8 and Sp9 coordinately promote D2-type medium spiny neuron production by activating Six3 expression [ChIP-Seq]","Genome binding/occupancy profiling by high throughput sequencing","Mus musculus",4,,"BW;TXT;SRA Run Selector","ftp://ftp.ncbi.nlm.nih.gov/geo/series/GSE114nnn/GSE114306/suppl;https://www.ncbi.nlm.nih.gov/Traces/study/?acc=PRJNA470904",,SRP145335,"Qifei Liang","May 11, 2018"
GSE114341,"Epigenomics of Phaseolus vulgaris","Methylation profiling by high throughput sequencing;Expression profiling by high throughput sequencing;Non-coding RNA profiling by high throughput sequencing","Phaseolus vulgaris",292,,"TSV;TXT;SRA Run Selector","ftp://ftp.ncbi.nlm.nih.gov/geo/series/GSE114nnn/GSE114341/suppl;https://www.ncbi.nlm.nih.gov/Traces/study/?acc=PRJNA471093",,SRP145531,"Robert J Schmitz","May 11, 2018"
GSE114344,"Sp8 and Sp9 Coordinately Promote Striatal Medium Spiny Neuron Production through Activating Six3 Expression","Expression profiling by high throughput sequencing;Genome binding/occupancy profiling by high throughput sequencing","Mus musculus",10,,"BW;TXT","ftp://ftp.ncbi.nlm.nih.gov/geo/series/GSE114nnn/GSE114344/suppl",,,"Qifei Liang","May 11, 2018"
GSE114351,"Chromatin remodeling BAF155 subunit regulates the genesis of basal progenitors in developing cortex","Expression profiling by high throughput sequencing","Mus musculus",12,,"TXT;SRA Run Selector","ftp://ftp.ncbi.nlm.nih.gov/geo/series/GSE114nnn/GSE114351/suppl;https://www.ncbi.nlm.nih.gov/Traces/study/?acc=PRJNA471092",,SRP145529,"Gaurav Jain","May 11, 2018"
GSE71808,"Post-translational buffering leads to convergent protein expression levels between primates","Expression profiling by high throughput sequencing","Homo sapiens;Macaca mulatta;Pan troglodytes",14,,"TXT;SRA Run Selector","ftp://ftp.ncbi.nlm.nih.gov/geo/series/GSE71nnn/GSE71808/suppl;https://www.ncbi.nlm.nih.gov/Traces/study/?acc=PRJNA292112",29950183,SRP062129,"Sidney Wang","May 10, 2018"
GSE89973,"Identification of a small molecule that facilitates the differentiation of human iPSCs/ESCs into pancreatic endocrine cells","Expression profiling by high throughput sequencing","Homo sapiens",4,,"TSV;SRA Run Selector","ftp://ftp.ncbi.nlm.nih.gov/geo/series/GSE89nnn/GSE89973/suppl;https://www.ncbi.nlm.nih.gov/Traces/study/?acc=PRJNA354351",28534195,SRP093736,"Akira Watanabe","May 10, 2018"
GSE89974,"IsomiR and miRNA Profiling in Colorectal Neoplasia","Non-coding RNA profiling by high throughput sequencing","Homo sapiens",120,,"TXT;SRA Run Selector","ftp://ftp.ncbi.nlm.nih.gov/geo/series/GSE89nnn/GSE89974/suppl;https://www.ncbi.nlm.nih.gov/Traces/study/?acc=PRJNA354393",29801434,SRP093739,"Wilson Wu","May 10, 2018"
GSE98805,"RNA-seq of head and neck cancer cell lines","Expression profiling by high throughput sequencing","Homo sapiens",4,,"TXT;SRA Run Selector","ftp://ftp.ncbi.nlm.nih.gov/geo/series/GSE98nnn/GSE98805/suppl;https://www.ncbi.nlm.nih.gov/Traces/study/?acc=PRJNA386285",,SRP106874,"Masaki Fukuyo","May 10, 2018"
GSE98807,"DNA methylation analysis in head and neck cancer cells","Methylation profiling by array","Homo sapiens",21,,"TXT","ftp://ftp.ncbi.nlm.nih.gov/geo/series/GSE98nnn/GSE98807/suppl",,,"Masaki Fukuyo","May 10, 2018"
GSE98811,"RNA-seq and DNA methylation analysis in head and neck cancer cells and cell lines","Expression profiling by high throughput sequencing;Methylation profiling by array","Homo sapiens",25,,,,,,"Masaki Fukuyo","May 10, 2018"
GSE100421,"Transcriptomic analysis of neuroepithelium and sorted neural progenitors in the murine cortex duirng early stages of development","Expression profiling by high throughput sequencing","Mus musculus",10,,"XLSX;SRA Run Selector","ftp://ftp.ncbi.nlm.nih.gov/geo/series/GSE100nnn/GSE100421/suppl;https://www.ncbi.nlm.nih.gov/Traces/study/?acc=PRJNA391702",29745900,SRP110277,"Kevin Fongching Chau","May 10, 2018"
GSE103173,"The transcription factor Bhlhe40 is a switch of inflammatory versus anti-inflammatory Th1 cell fate determination","Expression profiling by high throughput sequencing","Mus musculus",4,,"TXT;SRA Run Selector","ftp://ftp.ncbi.nlm.nih.gov/geo/series/GSE103nnn/GSE103173/suppl;https://www.ncbi.nlm.nih.gov/Traces/study/?acc=PRJNA400392",29773643,SRP116313,"Gangqing Hu","May 10, 2018"
GSE103742,"γδ T cells producing IL-17A regulate adipose Treg homeostasis and thermogenesis","Expression profiling by high throughput sequencing","Mus musculus",4,,"TXT;SRA Run Selector","ftp://ftp.ncbi.nlm.nih.gov/geo/series/GSE103nnn/GSE103742/suppl;https://www.ncbi.nlm.nih.gov/Traces/study/?acc=PRJNA406903",29670241,SRP117328,"Tal Shay","May 10, 2018"
GSE106222,"Presence of aggregates of smooth endoplasmic reticulum in MII oocytes affects oocyte development competence: a molecular-based evidence","Expression profiling by array","Homo sapiens",6,,"TXT","ftp://ftp.ncbi.nlm.nih.gov/geo/series/GSE106nnn/GSE106222/suppl",29635518,,"Sara Stigliani","May 10, 2018"
GSE106634,"ETS1 acts as a tumor suppressor in breast cancer by inhibiting growth-related factors","Expression profiling by high throughput sequencing","Homo sapiens",12,,"TXT;SRA Run Selector","ftp://ftp.ncbi.nlm.nih.gov/geo/series/GSE106nnn/GSE106634/suppl;https://www.ncbi.nlm.nih.gov/Traces/study/?acc=PRJNA417488",30467308,SRP124496,"Gi-Cheon careful Kim","May 10, 2018"
GSE106786,"Identification of SoxC-regulated genes during neurogenesis in the developing spinal cord [mouse]","Expression profiling by array","Mus musculus",4,,"CEL","ftp://ftp.ncbi.nlm.nih.gov/geo/series/GSE106nnn/GSE106786/suppl",29749639,,"Michael Wegner","May 10, 2018"
GSE106787,"Identification of SoxC-regulated genes during neurogenesis in the developing spinal cord [chicken]","Expression profiling by array","Gallus gallus",2,,"CEL","ftp://ftp.ncbi.nlm.nih.gov/geo/series/GSE106nnn/GSE106787/suppl",29749639,,"Michael Wegner","May 10, 2018"
GSE106788,"Identification of SoxC-regulated genes during neurogenesis in the developing spinal cord","Expression profiling by array","Gallus gallus;Mus musculus",6,,"CEL","ftp://ftp.ncbi.nlm.nih.gov/geo/series/GSE106nnn/GSE106788/suppl",29749639,,"Michael Wegner","May 10, 2018"
GSE107016,"Transcriptional Analysis of Wild Type and KLF4-/- Peritoneal Macrophages","Expression profiling by high throughput sequencing","Mus musculus",6,,"FPKM_TRACKING;SRA Run Selector","ftp://ftp.ncbi.nlm.nih.gov/geo/series/GSE107nnn/GSE107016/suppl;https://www.ncbi.nlm.nih.gov/Traces/study/?acc=PRJNA418788",29712858,SRP125135,"Mukesh Jain","May 10, 2018"
GSE107531,"Gene expression profiling from Al treatment in rice root tips","Expression profiling by array","Oryza sativa",6,,"CEL;CHP;TXT","ftp://ftp.ncbi.nlm.nih.gov/geo/series/GSE107nnn/GSE107531/suppl",29658118,,"Gezi Li","May 10, 2018"
GSE112155,"RNA-Seq analysis and comparison of corneal epithelium in keratoconus and myopia patients","Expression profiling by high throughput sequencing","Homo sapiens",20,,"TXT;SRA Run Selector","ftp://ftp.ncbi.nlm.nih.gov/geo/series/GSE112nnn/GSE112155/suppl;https://www.ncbi.nlm.nih.gov/Traces/study/?acc=PRJNA442592",29321650,SRP136195,"Susan Corley","May 10, 2018"
GSE112381,"Diverse reprogramming codes for neuronal identity","Expression profiling by high throughput sequencing","Mus musculus",97,,"TXT;SRA Run Selector","ftp://ftp.ncbi.nlm.nih.gov/geo/series/GSE112nnn/GSE112381/suppl;https://www.ncbi.nlm.nih.gov/Traces/study/?acc=PRJNA445859",29743677,SRP136550,"Kristin Baldwin","May 10, 2018"
GSE112903,"Single-cell RNA sequencing of lymph node stromal cells reveals niche-associated heterogeneity","Expression profiling by high throughput sequencing","Mus musculus",2,,"TXT;XLSX;SRA Run Selector","ftp://ftp.ncbi.nlm.nih.gov/geo/series/GSE112nnn/GSE112903/suppl;https://www.ncbi.nlm.nih.gov/Traces/study/?acc=PRJNA449452",29752062,SRP139262,"Jason Cyster","May 10, 2018"
GSE113709,"Establishment and characterization of prostate cancer organoids [array]","Genome variation profiling by SNP array","Homo sapiens",12,,"SEG","ftp://ftp.ncbi.nlm.nih.gov/geo/series/GSE113nnn/GSE113709/suppl",29748182,,"Adam Sowalsky","May 10, 2018"
GSE113741,"Establishment and characterization of prostate cancer organoids [RNA-seq]","Expression profiling by high throughput sequencing","Homo sapiens",8,,"TXT;SRA Run Selector","ftp://ftp.ncbi.nlm.nih.gov/geo/series/GSE113nnn/GSE113741/suppl;https://www.ncbi.nlm.nih.gov/Traces/study/?acc=PRJNA453904",29748182,SRP143442,"Adam Sowalsky","May 10, 2018"
GSE113743,"Establishment and characterization of prostate cancer organoids","Genome variation profiling by SNP array;Expression profiling by high throughput sequencing","Homo sapiens",20,,"TXT","ftp://ftp.ncbi.nlm.nih.gov/geo/series/GSE113nnn/GSE113743/suppl",29748182,,"Adam Sowalsky","May 10, 2018"
GSE113794,"RNA sequencing of SRSF3 depleted pluripotent cells","Expression profiling by high throughput sequencing","Mus musculus",4,,"CSV;XLSX;SRA Run Selector","ftp://ftp.ncbi.nlm.nih.gov/geo/series/GSE113nnn/GSE113794/suppl;https://www.ncbi.nlm.nih.gov/Traces/study/?acc=PRJNA454002",29741478,SRP143519,"Minna-Liisa Anko","May 10, 2018"
GSE113855,"Inhibition of 2-AG hydrolysis differentially regulates blood brain barrier permeability after injury","Expression profiling by high throughput sequencing","Mus musculus",13,,"TXT;SRA Run Selector","ftp://ftp.ncbi.nlm.nih.gov/geo/series/GSE113nnn/GSE113855/suppl;https://www.ncbi.nlm.nih.gov/Traces/study/?acc=PRJNA454273",,SRP144020,"Jie Quan","May 10, 2018"
GSE114188,"OsPRR37 confers an expanded regulation of the diurnal rhythms of the transcriptome and photoperiodic flowering pathways in rice","Expression profiling by high throughput sequencing","Oryza sativa Indica Group",36,,"XLS;SRA Run Selector","ftp://ftp.ncbi.nlm.nih.gov/geo/series/GSE114nnn/GSE114188/suppl;https://www.ncbi.nlm.nih.gov/Traces/study/?acc=PRJNA469460",29314052,SRP144984,"Chuan Liu","May 10, 2018"
GSE114223,"Expression data from WT (Pparafl/fl) mice and hepatocyte-specific PPARα disruption (Ppara△Hep) mice liver tissue at 12 hours after PHx or Sham operation","Expression profiling by array","Mus musculus",16,,"CEL","ftp://ftp.ncbi.nlm.nih.gov/geo/series/GSE114nnn/GSE114223/suppl",,,"Guomin Xie","May 10, 2018"
GSE114229,"Expression profile of mRNAs in PBMCs infected with CSF vaccine virus and Monocyte derived macrophages infected with virulent CSF virus of crossbred and indigenous pigs","Expression profiling by high throughput sequencing","Sus scrofa",6,,"TXT;SRA Run Selector","ftp://ftp.ncbi.nlm.nih.gov/geo/series/GSE114nnn/GSE114229/suppl;https://www.ncbi.nlm.nih.gov/Traces/study/?acc=PRJNA470617",,SRP145065,"AMIT KUMAR","May 10, 2018"
GSE114241,"Genome-wide occupancy of FLAG-ERG and FLAG-EHF in RWPE1 cells","Genome binding/occupancy profiling by high throughput sequencing","Homo sapiens",3,,"BW;SRA Run Selector","ftp://ftp.ncbi.nlm.nih.gov/geo/series/GSE114nnn/GSE114241/suppl;https://www.ncbi.nlm.nih.gov/Traces/study/?acc=PRJNA470652",30315111,SRP145081,"Kathleen Clark","May 10, 2018"
GSE114243,"The role of DOCK10 in the regulation of the transcriptome and aging","Expression profiling by array","Homo sapiens;Mus musculus",40,,"TXT","ftp://ftp.ncbi.nlm.nih.gov/geo/series/GSE114nnn/GSE114243/suppl",,,"Antonio Parrado","May 10, 2018"
GSE114244,"iMEF SDHC-loss stable line RNA-seq","Expression profiling by high throughput sequencing","Mus musculus",8,,"CSV;SRA Run Selector","ftp://ftp.ncbi.nlm.nih.gov/geo/series/GSE114nnn/GSE114244/suppl;https://www.ncbi.nlm.nih.gov/Traces/study/?acc=PRJNA470659",,SRP145082,"John Andrew Smestad","May 10, 2018"
GSE114246,"mRNA and lncRNA profiling of radiation-induced gastric injury in mouse model","Expression profiling by array;Non-coding RNA profiling by array","Mus musculus",9,,"TXT","ftp://ftp.ncbi.nlm.nih.gov/geo/series/GSE114nnn/GSE114246/suppl",,,"zhang shu yu","May 10, 2018"
GSE53188,"An intermittent caloric restriction / medium fat diet protects liver from the progression of non-alcoholic fatty liver disease in C57BL/6J mice","Expression profiling by array","Mus musculus",16,,"CEL","ftp://ftp.ncbi.nlm.nih.gov/geo/series/GSE53nnn/GSE53188/suppl",25504628,,"Guido Hooiveld","May 09, 2018"
GSE81284,"Gene expression differences of mammary tumors after treatment","Expression profiling by array","Mus musculus",6,,"CEL;CHP","ftp://ftp.ncbi.nlm.nih.gov/geo/series/GSE81nnn/GSE81284/suppl",,,"Jing-Ru Jhan","May 09, 2018"
GSE85251,"Postnatal DNA demethylation and its role in tissue maturation","Expression profiling by high throughput sequencing;Genome binding/occupancy profiling by high throughput sequencing;Methylation profiling by high throughput sequencing","Mus musculus",131,,"BED;TXT;SRA Run Selector","ftp://ftp.ncbi.nlm.nih.gov/geo/series/GSE85nnn/GSE85251/suppl;https://www.ncbi.nlm.nih.gov/Traces/study/?acc=PRJNA337950",,SRP081004,"Klaus H Kaestner","May 09, 2018"
GSE86176,"Expression of genes in THP-1 macrophages in response to C. glabrata wt, Cgvps34Δ and Cgyps(1-11)Δ cells.","Expression profiling by array","Homo sapiens",8,,"TXT","ftp://ftp.ncbi.nlm.nih.gov/geo/series/GSE86nnn/GSE86176/suppl",29491142,,"Genotypic technology","May 09, 2018"
GSE89626,"Identifying the role of Acox1 in metabolism and inflammation in non-alcoholic fatty liver disease through mRNA-sequencing.","Expression profiling by high throughput sequencing","Mus musculus",12,,"TXT","ftp://ftp.ncbi.nlm.nih.gov/geo/series/GSE89nnn/GSE89626/suppl",29563328,,"Rebekah Karns","May 09, 2018"
GSE93302,"In vivo CRISPR screening unveils multiple epigenetic regulators as novel tumour suppressor genes in lung cancer","Expression profiling by high throughput sequencing","Mus musculus",6,,"TXT;SRA Run Selector","ftp://ftp.ncbi.nlm.nih.gov/geo/series/GSE93nnn/GSE93302/suppl;https://www.ncbi.nlm.nih.gov/Traces/study/?acc=PRJNA360579",29632194,SRP096321,"Hongbin Ji","May 09, 2018"
GSE94490,"Atrial Molecular Asymmetry Precedes the Emergence of Cardiac Septation I","Expression profiling by array","Danio rerio",1,,"TXT","ftp://ftp.ncbi.nlm.nih.gov/geo/series/GSE94nnn/GSE94490/suppl",29762122,,"Almary Victoria Guerra Rodríguez","May 09, 2018"
GSE94491,"Atrial Molecular Asymmetry Precedes the Emergence of Cardiac Septation II","Expression profiling by array","Danio rerio",10,,"TXT","ftp://ftp.ncbi.nlm.nih.gov/geo/series/GSE94nnn/GSE94491/suppl",29762122,,"Almary Victoria Guerra Rodríguez","May 09, 2018"
GSE94492,"Atrial Molecular Asymmetry Precedes the Emergence of Cardiac Septation","Expression profiling by array;Expression profiling by high throughput sequencing","Danio rerio",15,,"TXT","ftp://ftp.ncbi.nlm.nih.gov/geo/series/GSE94nnn/GSE94492/suppl",29762122,,"Almary Victoria Guerra Rodríguez","May 09, 2018"
GSE95300,"Transcriptomic studies in the development and ripening of strawberry fruits","Expression profiling by array","Fragaria x ananassa",6,,"PAIR","ftp://ftp.ncbi.nlm.nih.gov/geo/series/GSE95nnn/GSE95300/suppl",29723301,,"Francisco Javier Molina-Hidalgo","May 09, 2018"
GSE96856,"Metabolic pathways-associated lncRNA expression profiles of 6 human samples derived from patients with gastric cancer","Expression profiling by array","Homo sapiens",6,,"GPR","ftp://ftp.ncbi.nlm.nih.gov/geo/series/GSE96nnn/GSE96856/suppl",29719408,,"Junming Guo","May 09, 2018"
GSE97594,"Genome-wide analysis of gene expression in Panc-1 and BxPC-3 cells subjected to iExosomes treatment and control treatments","Expression profiling by array","Homo sapiens",21,,"TXT","ftp://ftp.ncbi.nlm.nih.gov/geo/series/GSE97nnn/GSE97594/suppl",29669940,,"Valerie LeBleu","May 09, 2018"
GSE98715,"Protein kinase 7 regulating extracellular matrix assemblies and intracellular RAC1 and myosin II activities in the mesenchyme is important to Wolffian duct morphogenesis.","Expression profiling by high throughput sequencing","Mus musculus",8,,"TXT;SRA Run Selector","ftp://ftp.ncbi.nlm.nih.gov/geo/series/GSE98nnn/GSE98715/suppl;https://www.ncbi.nlm.nih.gov/Traces/study/?acc=PRJNA386021",29580943,SRP106722,"Stephen Turner","May 09, 2018"
GSE98743,"The LetA/S two-component system is essential for the survival of Legionella pneumophila in water","Expression profiling by array","Legionella pneumophila subsp. pneumophila str. Philadelphia 1",12,,"TXT","ftp://ftp.ncbi.nlm.nih.gov/geo/series/GSE98nnn/GSE98743/suppl",29712912,,"Sebastien Faucher","May 09, 2018"
GSE98797,"Chronophin regulates metabolic and transcriptomic features of glioblastoma stem-like cells","Expression profiling by high throughput sequencing","Homo sapiens",17,,"TXT;SRA Run Selector","ftp://ftp.ncbi.nlm.nih.gov/geo/series/GSE98nnn/GSE98797/suppl;https://www.ncbi.nlm.nih.gov/Traces/study/?acc=PRJNA386264",29724193,SRP106855,"Markus Schulze","May 09, 2018"
GSE98956,"RNA sequencing of plant microRNAs precipitated by the tombusviral suppressor of RNA silencing p19.","Non-coding RNA profiling by high throughput sequencing","Nicotiana tabacum",6,,"FA;TXT;SRA Run Selector","ftp://ftp.ncbi.nlm.nih.gov/geo/series/GSE98nnn/GSE98956/suppl;https://www.ncbi.nlm.nih.gov/Traces/study/?acc=PRJNA386909",29691336,SRP107201,"Claus Weinholdt","May 09, 2018"
GSE99085,"Human serum and heparin-free platelet lysate as appropriate xeno-free alternatives for production of human MuStem cell batches","Expression profiling by high throughput sequencing","Homo sapiens",6,,"DAT;SRA Run Selector","ftp://ftp.ncbi.nlm.nih.gov/geo/series/GSE99nnn/GSE99085/suppl;https://www.ncbi.nlm.nih.gov/Traces/study/?acc=PRJNA387246",29720259,SRP107383,"Aurélie Lardenois","May 09, 2018"
GSE99595,"Genome wide mapping of accessible chromatin in CD4+ T-cells during Th2 immune responses","Other","Mus musculus",4,,"BW;SRA Run Selector","ftp://ftp.ncbi.nlm.nih.gov/geo/series/GSE99nnn/GSE99595/suppl;https://www.ncbi.nlm.nih.gov/Traces/study/?acc=PRJNA388927",29700302,SRP108558,"Kyle James Lorentsen","May 09, 2018"
GSE99597,"Mapping of Bcl11b binding in CD4+ T-cells during Th2 immune response","Genome binding/occupancy profiling by high throughput sequencing","Mus musculus",3,,"BW;SRA Run Selector","ftp://ftp.ncbi.nlm.nih.gov/geo/series/GSE99nnn/GSE99597/suppl;https://www.ncbi.nlm.nih.gov/Traces/study/?acc=PRJNA388926",29700302,SRP108488,"Kyle James Lorentsen","May 09, 2018"
GSE99598,"Transcriptome analysis of Bcl11b-deficient CD4+ T-cells during Th2 immune response","Expression profiling by high throughput sequencing","Mus musculus",8,,"CSV;TXT;SRA Run Selector","ftp://ftp.ncbi.nlm.nih.gov/geo/series/GSE99nnn/GSE99598/suppl;https://www.ncbi.nlm.nih.gov/Traces/study/?acc=PRJNA388925",29700302,SRP108489,"Kyle James Lorentsen","May 09, 2018"
GSE99599,"CD4+ T-cells during Th2 immune responses","Expression profiling by high throughput sequencing;Genome binding/occupancy profiling by high throughput sequencing;Other","Mus musculus",15,,"BW;TXT","ftp://ftp.ncbi.nlm.nih.gov/geo/series/GSE99nnn/GSE99599/suppl",29700302,,"Kyle James Lorentsen","May 09, 2018"
GSE100424,"Expression data in U2OS cells transfected with control-, DBP5-, GLE1- or IPPK-siRNA","Expression profiling by array","Homo sapiens",12,,"TXT","ftp://ftp.ncbi.nlm.nih.gov/geo/series/GSE100nnn/GSE100424/suppl",29746542,,"Masumi Okamura","May 09, 2018"
GSE101530,"Aristolochic acid nephropathy induced by aristolochic acid type I in C57BL/6 mice","Expression profiling by array","Mus musculus",4,,"TXT","ftp://ftp.ncbi.nlm.nih.gov/geo/series/GSE101nnn/GSE101530/suppl",29725048,,"Yi-Ming Arthur Chen","May 09, 2018"
GSE101983,"RNA-seq analysis of sow mammary gland tissue from late pregnancy to farrowing.","Expression profiling by high throughput sequencing","Sus scrofa",15,,"TXT;SRA Run Selector","ftp://ftp.ncbi.nlm.nih.gov/geo/series/GSE101nnn/GSE101983/suppl;https://www.ncbi.nlm.nih.gov/Traces/study/?acc=PRJNA396066",29724161,SRP113736,"Valentino Palombo","May 09, 2018"
GSE102032,"Deficiency in class III PI3-kinase induces intestinal epithelial damage and inflammatory bowel disease like phenotype in zebrafish","Expression profiling by high throughput sequencing","Danio rerio",6,,"TXT;SRA Run Selector","ftp://ftp.ncbi.nlm.nih.gov/geo/series/GSE102nnn/GSE102032/suppl;https://www.ncbi.nlm.nih.gov/Traces/study/?acc=PRJNA396243",29980668,SRP113795,"Shaoyang Zhao","May 09, 2018"
GSE102158,"Lnc-31 acts as a molecular scaffold to control the Rock1 mRNA translation","Expression profiling by high throughput sequencing;Other","Mus musculus",7,,"BED;TSV;SRA Run Selector","ftp://ftp.ncbi.nlm.nih.gov/geo/series/GSE102nnn/GSE102158/suppl;https://www.ncbi.nlm.nih.gov/Traces/study/?acc=PRJNA396888",29669280,SRP114676,"Mariangela Morlando","May 09, 2018"
GSE102673,"Genome-wide microarray analysis to identify the differentially expressed patterns of lncRNAs of cholesteatoma tissues compared with matched normal skin tissues.","Expression profiling by array;Non-coding RNA profiling by array","Homo sapiens",8,,"TXT","ftp://ftp.ncbi.nlm.nih.gov/geo/series/GSE102nnn/GSE102673/suppl",29565455,,"Hua Yang","May 09, 2018"
GSE103067,"In vitro study of role of Sigma B in pathogenesis of Avian Reovirus","Expression profiling by array","Gallus gallus",8,,"TXT","ftp://ftp.ncbi.nlm.nih.gov/geo/series/GSE103nnn/GSE103067/suppl",29731966,,"Deepak Kumar","May 09, 2018"
GSE103698,"Intact interleukin-10 receptor signaling protects from hippocampal damage elicited by experimental neurotropic virus infection of SJL mice","Expression profiling by high throughput sequencing","Mus musculus",15,,"RPKM;TAB;SRA Run Selector","ftp://ftp.ncbi.nlm.nih.gov/geo/series/GSE103nnn/GSE103698/suppl;https://www.ncbi.nlm.nih.gov/Traces/study/?acc=PRJNA404079",29666403,SRP117256,"Michael Beckstette","May 09, 2018"
GSE104237,"Microarray analysis of adipocyte co-culture with SKOv3ip1 cells","Expression profiling by array","Homo sapiens",4,,"IDAT;TXT","ftp://ftp.ncbi.nlm.nih.gov/geo/series/GSE104nnn/GSE104237/suppl",29398710,,"Andras Ladanyi","May 09, 2018"
GSE104238,"Comparison of RNA expression of conditional Nmi knockout mammary epithelial cells to the wildtype control","Expression profiling by high throughput sequencing","Mus musculus",6,,"TXT;SRA Run Selector","ftp://ftp.ncbi.nlm.nih.gov/geo/series/GSE104nnn/GSE104238/suppl;https://www.ncbi.nlm.nih.gov/Traces/study/?acc=PRJNA412103",29326438,SRP118847,"Dongquan Chen","May 09, 2018"
GSE104573,"Atrial Molecular Asymmetry Precedes the Emergence of Cardiac Septation [RNA-seq]","Expression profiling by high throughput sequencing","Danio rerio",4,,"TXT;SRA Run Selector","ftp://ftp.ncbi.nlm.nih.gov/geo/series/GSE104nnn/GSE104573/suppl;https://www.ncbi.nlm.nih.gov/Traces/study/?acc=PRJNA413070",29762122,SRP119354,"Almary Victoria Guerra Rodríguez","May 09, 2018"
GSE105409,"microRNA profile in the cervical mucus of the cervical neoplasia","Non-coding RNA profiling by array","Homo sapiens",5,,"TXT","ftp://ftp.ncbi.nlm.nih.gov/geo/series/GSE105nnn/GSE105409/suppl",29728572,,"Satoshi Kondo","May 09, 2018"
GSE105486,"APT1 regulates the asymmetric partitioning of Notch and Wnt signaling during cell division","Expression profiling by high throughput sequencing","Homo sapiens",9,,"CSV;TXT;SRA Run Selector","ftp://ftp.ncbi.nlm.nih.gov/geo/series/GSE105nnn/GSE105486/suppl;https://www.ncbi.nlm.nih.gov/Traces/study/?acc=PRJNA415217",29295957,SRP120630,"Eric Witze","May 09, 2018"
GSE107089,"Expression data of mRNA from wild-type A549 cells and microRNA-203 knockout A549 cells during H5N1 infections","Expression profiling by array","Homo sapiens",6,,"TXT","ftp://ftp.ncbi.nlm.nih.gov/geo/series/GSE107nnn/GSE107089/suppl",29717211,,"Sen Zhang","May 09, 2018"
GSE107133,"Transciptomic analysis of maize response to the attack of Sesamia nonagrioides","Expression profiling by high throughput sequencing","Zea mays",12,,"TXT;SRA Run Selector","ftp://ftp.ncbi.nlm.nih.gov/geo/series/GSE107nnn/GSE107133/suppl;https://www.ncbi.nlm.nih.gov/Traces/study/?acc=PRJNA419139",29740463,SRP125292,"Victor M Rodriguez","May 09, 2018"
GSE107186,"Microarray analysis of microRNAs expression in A549 cells during influenza A virus infection","Non-coding RNA profiling by array","Homo sapiens",6,,"IDAT;TXT","ftp://ftp.ncbi.nlm.nih.gov/geo/series/GSE107nnn/GSE107186/suppl",29717211,,"Sen Zhang","May 09, 2018"
GSE107212,"AMPKα1 and α2 knockout and usage of alternative polyadenylation sites","Expression profiling by high throughput sequencing","Mus musculus",8,,"TXT;SRA Run Selector","ftp://ftp.ncbi.nlm.nih.gov/geo/series/GSE107nnn/GSE107212/suppl;https://www.ncbi.nlm.nih.gov/Traces/study/?acc=PRJNA419322",29691479,SRP125393,"Zhihua Jiang","May 09, 2018"
GSE108063,"Fire ant alate virgin and de-alate mated queen brain transcriptomes","Expression profiling by high throughput sequencing","Solenopsis invicta",8,,"GTF;SRA Run Selector","ftp://ftp.ncbi.nlm.nih.gov/geo/series/GSE108nnn/GSE108063/suppl;https://www.ncbi.nlm.nih.gov/Traces/study/?acc=PRJNA422376",29721300,SRP126736,"Cecilia Tamborindeguy","May 09, 2018"
GSE108070,"Transcriptomic Analysis of Arabidopsis plants treated with Histone Deacetylase inhibitors, Ky-9 and Ky-72","Expression profiling by array","Arabidopsis thaliana",18,,"TXT","ftp://ftp.ncbi.nlm.nih.gov/geo/series/GSE108nnn/GSE108070/suppl",29517946,,"Ha Van Chien","May 09, 2018"
GSE108238,"Temporal expression of small RNAs during rice anther development","Expression profiling by high throughput sequencing","Oryza sativa Japonica Group",25,,"TXT;SRA Run Selector","ftp://ftp.ncbi.nlm.nih.gov/geo/series/GSE108nnn/GSE108238/suppl;https://www.ncbi.nlm.nih.gov/Traces/study/?acc=PRJNA422907",29708601,SRP126970,"Blake C. Meyers","May 09, 2018"
GSE109054,"Transcriptome analysis of developing mammalian postnatal intestinal crypts and villi","Expression profiling by high throughput sequencing","Mus musculus",23,,"TXT;SRA Run Selector","ftp://ftp.ncbi.nlm.nih.gov/geo/series/GSE109nnn/GSE109054/suppl;https://www.ncbi.nlm.nih.gov/Traces/study/?acc=PRJNA429487",29689194,SRP130956,"Terry Lechler","May 09, 2018"
GSE109322,"Interferon-γ Converts Human Microvascular Pericytes into Negative Regulators of Alloimmunity through Induction of Indoleamine 2,3-Dioxygenase 1","Expression profiling by high throughput sequencing","Homo sapiens",12,,"DIFF;SRA Run Selector","ftp://ftp.ncbi.nlm.nih.gov/geo/series/GSE109nnn/GSE109322/suppl;https://www.ncbi.nlm.nih.gov/Traces/study/?acc=PRJNA430418",29515027,SRP131092,"Francesc Lopez","May 09, 2018"
GSE109367,"Transcriptome profiling of the interconnection of pathways involved in malignant transformation and response to hypoxia","Expression profiling by high throughput sequencing","Homo sapiens",16,,"TXT;SRA Run Selector","ftp://ftp.ncbi.nlm.nih.gov/geo/series/GSE109nnn/GSE109367/suppl;https://www.ncbi.nlm.nih.gov/Traces/study/?acc=PRJNA430693",29731978,SRP131149,"Erik Fasterius","May 09, 2018"
GSE109632,"Expression data from human hair follicles (ex vivo) incubated with cyclosporine A and vehicle control","Expression profiling by array","Homo sapiens",6,,"CEL","ftp://ftp.ncbi.nlm.nih.gov/geo/series/GSE109nnn/GSE109632/suppl",29738529,,"Nathan John Hawkshaw","May 09, 2018"
GSE109660,"RNA-sequencing (RNA-seq) of non-manipulated ventricular tissue only of 1- (P1) and 2-day (P2) old neonatal mice","Expression profiling by high throughput sequencing","Mus musculus",6,,"XLSX;SRA Run Selector","ftp://ftp.ncbi.nlm.nih.gov/geo/series/GSE109nnn/GSE109660/suppl;https://www.ncbi.nlm.nih.gov/Traces/study/?acc=PRJNA431610",29732402,SRP131391,"Mario Notari","May 09, 2018"
GSE110685,"Low density granulocytes and their gene signature associate with vascular inflammation and coronary atheroclerosis in systemic lupus erythematosus patients","Expression profiling by high throughput sequencing","Homo sapiens",53,,"XLSX;SRA Run Selector","ftp://ftp.ncbi.nlm.nih.gov/geo/series/GSE110nnn/GSE110685/suppl;https://www.ncbi.nlm.nih.gov/Traces/study/?acc=PRJNA434274",29669944,SRP132939,"Hong-wei Sun","May 09, 2018"
GSE111470,"A Retinoic Acid-dependent Stroma-Leukemia Crosstalk Promotes Chronic Lymphocytic Leukemia Progression [microarray]","Expression profiling by array","Mus musculus",8,,"TXT","ftp://ftp.ncbi.nlm.nih.gov/geo/series/GSE111nnn/GSE111470/suppl",29725010,,"Linda Pattini","May 09, 2018"
GSE111612,"A Retinoic Acid-dependent Stroma-Leukemia Crosstalk Promotes Chronic Lymphocytic Leukemia Progression [RNA-seq]","Expression profiling by high throughput sequencing","Mus musculus",8,,"TXT;SRA Run Selector","ftp://ftp.ncbi.nlm.nih.gov/geo/series/GSE111nnn/GSE111612/suppl;https://www.ncbi.nlm.nih.gov/Traces/study/?acc=PRJNA437532",29725010,SRP134672,"Linda Pattini","May 09, 2018"
GSE111613,"A Retinoic Acid-dependent Stroma-Leukemia Crosstalk Promotes Chronic Lymphocytic Leukemia Progression","Expression profiling by array;Expression profiling by high throughput sequencing","Mus musculus",16,,,,29725010,,"Linda Pattini","May 09, 2018"
GSE111630,"Changes in mRMA/protein expression and signaling pathways in in vivo passaged mouse ovarian cancer cells","Expression profiling by high throughput sequencing","Mus musculus",4,,"XLSX;SRA Run Selector","ftp://ftp.ncbi.nlm.nih.gov/geo/series/GSE111nnn/GSE111630/suppl;https://www.ncbi.nlm.nih.gov/Traces/study/?acc=PRJNA437614",29927933,SRP134265,"Yan Xu","May 09, 2018"
GSE111981,"Transcriptome of CD8 T cells before and after PD-1 ICI therapy","Expression profiling by high throughput sequencing","Mus musculus",4,,"TXT;SRA Run Selector","ftp://ftp.ncbi.nlm.nih.gov/geo/series/GSE111nnn/GSE111981/suppl;https://www.ncbi.nlm.nih.gov/Traces/study/?acc=PRJNA438826",29669928,SRP135939,"Jin Jen","May 09, 2018"
GSE112325,"AMPKα2 knockout mice and usage of alternative transcription start sites","Expression profiling by high throughput sequencing;Other","Mus musculus",4,,"TXT;SRA Run Selector","ftp://ftp.ncbi.nlm.nih.gov/geo/series/GSE112nnn/GSE112325/suppl;https://www.ncbi.nlm.nih.gov/Traces/study/?acc=PRJNA445690",29691479,SRP136461,"Zhihua Jiang","May 09, 2018"
GSE113054,"Bhlhe40 is an essential repressor of IL-10 during Mycobacterium tuberculosis infection","Genome binding/occupancy profiling by high throughput sequencing","Mus musculus",4,,"BW;TXT;SRA Run Selector","ftp://ftp.ncbi.nlm.nih.gov/geo/series/GSE113nnn/GSE113054/suppl;https://www.ncbi.nlm.nih.gov/Traces/study/?acc=PRJNA449905",29773644,SRP139778,"Maxim Artyomov","May 09, 2018"
GSE113257,"Integrative analysis of gut microbiota composition, host colonic gene expression and intraluminal metabolites in aging C57BL/6J mice","Expression profiling by array","Mus musculus",26,,"CEL","ftp://ftp.ncbi.nlm.nih.gov/geo/series/GSE113nnn/GSE113257/suppl",29769431,,"Guido Hooiveld","May 09, 2018"
GSE114049,"Next Generation Sequencing to determine the fundamental mechanisms of Tribolium castaneum larvae to cope with hypoxia","Expression profiling by high throughput sequencing","Tribolium castaneum",2,,"GTF;SRA Run Selector","ftp://ftp.ncbi.nlm.nih.gov/geo/series/GSE114nnn/GSE114049/suppl;https://www.ncbi.nlm.nih.gov/Traces/study/?acc=PRJNA464030",,SRP144632,"Xueqing Geng","May 09, 2018"
GSE114162,"Shoot responses to different nitrate supply to roots in wild-type and genotypes affected for cytokinin biosynthesis and transport","Expression profiling by array","Arabidopsis thaliana",24,,"CEL","ftp://ftp.ncbi.nlm.nih.gov/geo/series/GSE114nnn/GSE114162/suppl",,,"Sandrine Ruffel","May 09, 2018"
GSE114189,"LPS Sensing Mounts an Adaptive MSC Response Enhancing Neutrophil Activation and Wound Healing","Expression profiling by high throughput sequencing","Homo sapiens",3,,"TXT;SRA Run Selector","ftp://ftp.ncbi.nlm.nih.gov/geo/series/GSE114nnn/GSE114189/suppl;https://www.ncbi.nlm.nih.gov/Traces/study/?acc=PRJNA469379",,SRP144983,"Pallab Maity","May 09, 2018"
GSE114200,"ATAC-seq from A549 (ENCSR074AHH)","Genome binding/occupancy profiling by high throughput sequencing","Homo sapiens",3,,"BED;BIGBED;BIGWIG;TXT","ftp://ftp.ncbi.nlm.nih.gov/geo/series/GSE114nnn/GSE114200/suppl",22955616,,"ENCODE DCC","May 09, 2018"
GSE114201,"ATAC-seq from A549 (ENCSR139OYS)","Genome binding/occupancy profiling by high throughput sequencing","Homo sapiens",3,,"BED;BIGBED;BIGWIG;TXT","ftp://ftp.ncbi.nlm.nih.gov/geo/series/GSE114nnn/GSE114201/suppl",22955616,,"ENCODE DCC","May 09, 2018"
GSE114202,"ATAC-seq from A549 (ENCSR220ASC)","Genome binding/occupancy profiling by high throughput sequencing","Homo sapiens",3,,"BED;BIGBED;BIGWIG;TXT","ftp://ftp.ncbi.nlm.nih.gov/geo/series/GSE114nnn/GSE114202/suppl",22955616,,"ENCODE DCC","May 09, 2018"
GSE114204,"ATAC-seq from A549 (ENCSR265ZXX)","Genome binding/occupancy profiling by high throughput sequencing","Homo sapiens",3,,"BED;BIGBED;BIGWIG;TXT","ftp://ftp.ncbi.nlm.nih.gov/geo/series/GSE114nnn/GSE114204/suppl",22955616,,"ENCODE DCC","May 09, 2018"
GSE114205,"ATAC-seq from A549 (ENCSR288YMH)","Genome binding/occupancy profiling by high throughput sequencing","Homo sapiens",3,,"BED;BIGBED;BIGWIG;TXT","ftp://ftp.ncbi.nlm.nih.gov/geo/series/GSE114nnn/GSE114205/suppl",22955616,,"ENCODE DCC","May 09, 2018"
GSE114206,"Expression analysis of platinum sensitive and resistant epithelial ovarian cancer patient samples.","Expression profiling by array","Homo sapiens",12,,"TXT","ftp://ftp.ncbi.nlm.nih.gov/geo/series/GSE114nnn/GSE114206/suppl",30056367,,"Mauro Scaravilli","May 09, 2018"
GSE114259,"Gld2-catalyzed 3' monoadenylation of miRNAs in the hippocampus has no detectable effect on their stability or on animal behavior.","Non-coding RNA profiling by high throughput sequencing","Mus musculus",12,,"XLSX;SRA Run Selector","ftp://ftp.ncbi.nlm.nih.gov/geo/series/GSE114nnn/GSE114259/suppl;https://www.ncbi.nlm.nih.gov/Traces/study/?acc=PRJNA470687",27495319,SRP145112,"Yvonne Edwards","May 09, 2018"
GSE81709,"RNA-Seq experiments performed on rat Schwann (S16) cells","Expression profiling by high throughput sequencing","Rattus norvegicus",4,,"TXT;SRA Run Selector","ftp://ftp.ncbi.nlm.nih.gov/geo/series/GSE81nnn/GSE81709/suppl;https://www.ncbi.nlm.nih.gov/Traces/study/?acc=PRJNA322337",29716548,SRP075490,"Anthony Antonellis","May 08, 2018"
GSE84305,"FACS-sorted Six2-positive nephron progenitor cells at embryonic day 15.5: wildtype (WT) vs. conditional HDAC1&2-null (MUT)","Expression profiling by array","Mus musculus",8,,"TXT","ftp://ftp.ncbi.nlm.nih.gov/geo/series/GSE84nnn/GSE84305/suppl",29712641,,"Samir S El-Dahr","May 08, 2018"
GSE88768,"Identification of PPARG regulated genes in human GM-CSF-primed monocyte-derived macrophages","Expression profiling by array","Homo sapiens",6,,"TXT","ftp://ftp.ncbi.nlm.nih.gov/geo/series/GSE88nnn/GSE88768/suppl",29434585,,"Amaya Puig","May 08, 2018"
GSE89347,"Effect of Wakame Containing Diets on Hepatic Gene Expressions in Rat","Expression profiling by array","Rattus norvegicus",12,,"CEL","ftp://ftp.ncbi.nlm.nih.gov/geo/series/GSE89nnn/GSE89347/suppl",29663642,,"Yuji Nakai","May 08, 2018"
GSE95635,"RNA Helicase DDX1 Converts RNA G-Quadruplex Structures into R-Loops to Promote IgH Class Switch Recombination","Expression profiling by high throughput sequencing","Mus musculus",8,,"BW;SRA Run Selector","ftp://ftp.ncbi.nlm.nih.gov/geo/series/GSE95nnn/GSE95635/suppl;https://www.ncbi.nlm.nih.gov/Traces/study/?acc=PRJNA377747",,SRP101293,"Nicholas Proudfoot","May 08, 2018"
GSE97377,"Differential Gene Expression Patterns in Vein Regions Susceptible and Resistant to Neointimal Hyperplasia","Expression profiling by array","Sus scrofa",24,,"TXT","ftp://ftp.ncbi.nlm.nih.gov/geo/series/GSE97nnn/GSE97377/suppl",,,"Brett Milash","May 08, 2018"
GSE99336,"ERF deletion rescues RAS deficiency in mouse embryonic stem cells [expression profiling]","Expression profiling by array","Mus musculus",8,,"TXT","ftp://ftp.ncbi.nlm.nih.gov/geo/series/GSE99nnn/GSE99336/suppl",29650524,,"Oscar Fernandez-Capetillo","May 08, 2018"
GSE99476,"ERF deletion rescues RAS deficiency in mouse embryonic stem cells [ChIP-seq]","Genome binding/occupancy profiling by high throughput sequencing","Mus musculus",8,,"BEDGRAPH;SRA Run Selector","ftp://ftp.ncbi.nlm.nih.gov/geo/series/GSE99nnn/GSE99476/suppl;https://www.ncbi.nlm.nih.gov/Traces/study/?acc=PRJNA388571",29650524,SRP108333,"Oscar Fernandez-Capetillo","May 08, 2018"
GSE99477,"ERF deletion rescues RAS deficiency in mouse embryonic stem cells","Expression profiling by array;Genome binding/occupancy profiling by high throughput sequencing","Mus musculus",16,,"BEDGRAPH;TXT","ftp://ftp.ncbi.nlm.nih.gov/geo/series/GSE99nnn/GSE99477/suppl",29650524,,"Oscar Fernandez-Capetillo","May 08, 2018"
GSE103721,"Inflammatory Gene Changes in Spleens from WT and Rescued GR-C3 Knockin Mice Treated with LPS","Other","Mus musculus",22,,"RCC","ftp://ftp.ncbi.nlm.nih.gov/geo/series/GSE103nnn/GSE103721/suppl",29672221,,"NIEHS Microarray Core","May 08, 2018"
GSE104514,"Defensive effect of microRNA-200b/c against amyloid-beta peptide-induced toxicity in Alzheimer’s disease models","Non-coding RNA profiling by array;Expression profiling by array","Mus musculus",48,,"TXT","ftp://ftp.ncbi.nlm.nih.gov/geo/series/GSE104nnn/GSE104514/suppl",29738527,,"SAYURI HIGAKI","May 08, 2018"
GSE104528,"The fission yeast Schizosaccharomyces pombe: H3K9me2 and Fep1-GFP ChIP-chip","Genome binding/occupancy profiling by genome tiling array","Schizosaccharomyces pombe",9,,"TXT","ftp://ftp.ncbi.nlm.nih.gov/geo/series/GSE104nnn/GSE104528/suppl",29686279,,"Shiv Grewal","May 08, 2018"
GSE104546,"Expression profilings of fission yeast strains (RNA-seq data set)","Expression profiling by high throughput sequencing","Schizosaccharomyces pombe",14,,"FPKM_TRACKING;SRA Run Selector","ftp://ftp.ncbi.nlm.nih.gov/geo/series/GSE104nnn/GSE104546/suppl;https://www.ncbi.nlm.nih.gov/Traces/study/?acc=PRJNA413032",29686279,SRP119319,"Shiv Grewal","May 08, 2018"
GSE104547,"The fission yeast Schizosaccharomyces pombe","Expression profiling by high throughput sequencing;Genome binding/occupancy profiling by genome tiling array;Other","Schizosaccharomyces pombe",25,,"FPKM_TRACKING;TXT","ftp://ftp.ncbi.nlm.nih.gov/geo/series/GSE104nnn/GSE104547/suppl",29686279,,"Shiv Grewal","May 08, 2018"
GSE104645,"Consensus molecular subtypes classification of colorectal cancer as a predictive factor for chemotherapeutic efficacy against metastatic colorectal cancer","Expression profiling by array","Homo sapiens",193,,"TXT","ftp://ftp.ncbi.nlm.nih.gov/geo/series/GSE104nnn/GSE104645/suppl",29721154,,"Akira Okita","May 08, 2018"
GSE105026,"Gene Regulation by Histone Deacetylase 7 During Invariant Natural Killer T Cell Development","Expression profiling by high throughput sequencing","Mus musculus",18,,"TXT;SRA Run Selector","ftp://ftp.ncbi.nlm.nih.gov/geo/series/GSE105nnn/GSE105026/suppl;https://www.ncbi.nlm.nih.gov/Traces/study/?acc=PRJNA414438",29664401,SRP120024,"Eric Verdin","May 08, 2018"
GSE107001,"Group A Streptococcus M1T1 Intracellular Infection of Primary Tonsil Epithelial Cells Dampens Levels of Secreted IL-8 Through the Action of SpyCEP","Expression profiling by high throughput sequencing","Homo sapiens",12,,"TXT;SRA Run Selector","ftp://ftp.ncbi.nlm.nih.gov/geo/series/GSE107nnn/GSE107001/suppl;https://www.ncbi.nlm.nih.gov/Traces/study/?acc=PRJNA418763",,SRP125110,"Othmar Korn","May 08, 2018"
GSE107489,"RNA-seq to compare wild type, db/+ and db/db islets","Expression profiling by high throughput sequencing","Mus musculus",9,,"TXT;SRA Run Selector","ftp://ftp.ncbi.nlm.nih.gov/geo/series/GSE107nnn/GSE107489/suppl;https://www.ncbi.nlm.nih.gov/Traces/study/?acc=PRJNA420351",29542001,SRP125821,"Abraham Neelankal John","May 08, 2018"
GSE107537,"The effect of simulated night shift work on the circadian regulation of the human transcriptome","Expression profiling by array","Homo sapiens",103,,"CEL","ftp://ftp.ncbi.nlm.nih.gov/geo/series/GSE107nnn/GSE107537/suppl",29735673,,"Laura Kervezee","May 08, 2018"
GSE108651,"Activation of the p53-MDM4 regulatory axis defines the anti-tumour response to PRMT5 inhibition through its role in regulating cellular splicing.","Expression profiling by high throughput sequencing","Homo sapiens",32,,"DIFF;XLSX;SRA Run Selector","ftp://ftp.ncbi.nlm.nih.gov/geo/series/GSE108nnn/GSE108651/suppl;https://www.ncbi.nlm.nih.gov/Traces/study/?acc=PRJNA428173",29946150,SRP127787,"Olena Barbash","May 08, 2018"
GSE108890,"Complete genome sequence and the expression pattern of plasmids of the model ethanologen Zymomonas mobilis ZM4 and its xylose-utilizing derivatives 8b and 2032","Expression profiling by high throughput sequencing","Zymomonas mobilis subsp. mobilis",17,,"TXT;SRA Run Selector","ftp://ftp.ncbi.nlm.nih.gov/geo/series/GSE108nnn/GSE108890/suppl;https://www.ncbi.nlm.nih.gov/Traces/study/?acc=PRJNA429034",29743953,SRP128589,"Robert Landick","May 08, 2018"
GSE109383,"Different Chromatin and DNA Sequence Characteristics Define Glucocorticoid Receptor Binding Sites that are Blocked or Not Blocked by Coregulator Hic-5 [ChIP-seq]","Genome binding/occupancy profiling by high throughput sequencing","Homo sapiens",18,,"BED;SRA Run Selector","ftp://ftp.ncbi.nlm.nih.gov/geo/series/GSE109nnn/GSE109383/suppl;https://www.ncbi.nlm.nih.gov/Traces/study/?acc=PRJNA430719",29738565,SRP131064,"Brian Hae Kang Lee","May 08, 2018"
GSE109589,"Different Chromatin and DNA Sequence Characteristics Define Glucocorticoid Receptor Binding Sites that are Blocked or Not Blocked by Coregulator Hic-5 [ATAC-seq]","Genome binding/occupancy profiling by high throughput sequencing","Homo sapiens",8,,"BW;SRA Run Selector","ftp://ftp.ncbi.nlm.nih.gov/geo/series/GSE109nnn/GSE109589/suppl;https://www.ncbi.nlm.nih.gov/Traces/study/?acc=PRJNA431440",29738565,SRP131275,"Brian Hae Kang Lee","May 08, 2018"
GSE109590,"Different Chromatin and DNA Sequence Characteristics Define Glucocorticoid Receptor Binding Sites that are Blocked or Not Blocked by Coregulator Hic-5","Genome binding/occupancy profiling by high throughput sequencing","Homo sapiens",26,,,,29738565,,"Brian Hae Kang Lee","May 08, 2018"
GSE110530,"Longitudinal dataset: An optimized library for reference-based deconvolution of whole-blood biospecimens assayed using the Illumina HumanMethylationEPIC BeadArray (I)","Methylation profiling by genome tiling array","Homo sapiens",12,,"IDAT;TXT","ftp://ftp.ncbi.nlm.nih.gov/geo/series/GSE110nnn/GSE110530/suppl",29843789,,"Lucas A. Salas","May 08, 2018"
GSE110546,"Expression profilings of fission yeast strains (NETSEQ data set)","Other","Schizosaccharomyces pombe",2,,"FPKM_TRACKING;SRA Run Selector","ftp://ftp.ncbi.nlm.nih.gov/geo/series/GSE110nnn/GSE110546/suppl;https://www.ncbi.nlm.nih.gov/Traces/study/?acc=PRJNA433965",29686279,SRP132797,"Shiv Grewal","May 08, 2018"
GSE110554,"FlowSorted.Blood.EPIC: An optimized library for reference-based deconvolution of whole-blood biospecimens assayed using the Illumina HumanMethylationEPIC BeadArray (II)","Methylation profiling by genome tiling array","Homo sapiens",49,,"IDAT;TXT","ftp://ftp.ncbi.nlm.nih.gov/geo/series/GSE110nnn/GSE110554/suppl",29843789,,"Lucas A. Salas","May 08, 2018"
GSE110555,"SuperSeries: An optimized library for reference-based deconvolution of whole-blood biospecimens assayed using the Illumina HumanMethylationEPIC BeadArray","Methylation profiling by genome tiling array","Homo sapiens",67,,"IDAT","ftp://ftp.ncbi.nlm.nih.gov/geo/series/GSE110nnn/GSE110555/suppl",29843789,,"Lucas A. Salas","May 08, 2018"
GSE110602,"Generation of tissue-specific circadian transcriptional programs by BMAL1 [ChIP-seq]","Other","Mus musculus",18,,"BED;BW;SRA Run Selector","ftp://ftp.ncbi.nlm.nih.gov/geo/series/GSE110nnn/GSE110602/suppl;https://www.ncbi.nlm.nih.gov/Traces/study/?acc=PRJNA434104",,SRP132869,"Jerome Menet","May 08, 2018"
GSE110603,"Characterization of tissue-specific BMAL1 cistromes reveals new roles for enhancer-enhancer interactions in regulating rhythmic transcription [ChIA-PET]","Genome binding/occupancy profiling by high throughput sequencing","Mus musculus",8,,"TXT;SRA Run Selector","ftp://ftp.ncbi.nlm.nih.gov/geo/series/GSE110nnn/GSE110603/suppl;https://www.ncbi.nlm.nih.gov/Traces/study/?acc=PRJNA434105",,SRP132870,"Jerome Menet","May 08, 2018"
GSE110604,"Characterization of tissue-specific BMAL1 cistromes reveals new roles for enhancer-enhancer interactions in regulating rhythmic transcription","Other;Genome binding/occupancy profiling by high throughput sequencing","Mus musculus",26,,"BED;BW","ftp://ftp.ncbi.nlm.nih.gov/geo/series/GSE110nnn/GSE110604/suppl",,,"Jerome Menet","May 08, 2018"
GSE112618,"FACS validation dataset: An optimized library for reference-based deconvolution of whole-blood biospecimens assayed using the Illumina HumanMethylationEPIC BeadArray (III)","Methylation profiling by genome tiling array","Homo sapiens",6,,"IDAT;TXT","ftp://ftp.ncbi.nlm.nih.gov/geo/series/GSE112nnn/GSE112618/suppl",29843789,,"Lucas A. Salas","May 08, 2018"
GSE113107,"Differential responses by human respiratory epithelial cell lines to respiratory syncytial virus reflect distinct patterns of infection control","Expression profiling by high throughput sequencing","Homo sapiens",9,,"FPKM_TRACKING;SRA Run Selector","ftp://ftp.ncbi.nlm.nih.gov/geo/series/GSE113nnn/GSE113107/suppl;https://www.ncbi.nlm.nih.gov/Traces/study/?acc=PRJNA450024",,SRP139919,"Sijung Yun","May 08, 2018"
GSE113123,"Detection of differentially-expressed genes in mouse embryonic fibroblasts (WT, MAVSko, STINGko, and LGP2ko MEFs) following exposure to ionizing radiation","Expression profiling by array","Mus musculus",16,,"TXT","ftp://ftp.ncbi.nlm.nih.gov/geo/series/GSE113nnn/GSE113123/suppl",27034163,,"Diana Rose E Ranoa","May 08, 2018"
GSE114059,"Small molecule inhibition of MEK activates Wnt signalling and leads to reprogramming of colon cancer stem cells [Illumina]","Expression profiling by array","Homo sapiens",24,,"TXT","ftp://ftp.ncbi.nlm.nih.gov/geo/series/GSE114nnn/GSE114059/suppl",,,"Tianzuo Zhan","May 08, 2018"
GSE114060,"Small molecule inhibition of MEK activates Wnt signalling and leads to reprogramming of colon cancer stem cells [Affymetrix]","Expression profiling by array","Homo sapiens",4,,"CEL","ftp://ftp.ncbi.nlm.nih.gov/geo/series/GSE114nnn/GSE114060/suppl",,,"Tianzuo Zhan","May 08, 2018"
GSE114061,"Small molecule inhibition of MEK activates Wnt signalling and leads to reprogramming of colon cancer stem cells","Expression profiling by array","Homo sapiens",28,,"CEL","ftp://ftp.ncbi.nlm.nih.gov/geo/series/GSE114nnn/GSE114061/suppl",,,"Tianzuo Zhan","May 08, 2018"
GSE114088,"Variation of mRNA and lncRNA expression after using AMD3100 in rat chronic allograft nephropathy model.","Expression profiling by array","Rattus norvegicus",6,,"TXT","ftp://ftp.ncbi.nlm.nih.gov/geo/series/GSE114nnn/GSE114088/suppl",,,"Hao Tang","May 08, 2018"
GSE114092,"Collaborative repressive action of the antagonistic ETS transcription factors Pointed and Yan fine-tunes gene expression to confer robustness in Drosophila [ChIP-Seq]","Genome binding/occupancy profiling by high throughput sequencing","Drosophila melanogaster",12,,"WIG;SRA Run Selector","ftp://ftp.ncbi.nlm.nih.gov/geo/series/GSE114nnn/GSE114092/suppl;https://www.ncbi.nlm.nih.gov/Traces/study/?acc=PRJNA464289",,SRP144718,"Jemma L. Webber","May 08, 2018"
GSE114093,"miR-585-5p overexpression effect on tongue cancer cells","Expression profiling by array","Homo sapiens",4,,"CEL","ftp://ftp.ncbi.nlm.nih.gov/geo/series/GSE114nnn/GSE114093/suppl",,,"Heyu Zhang","May 08, 2018"
GSE114108,"Expression data from mouse monocyte- and common- dendritic progenitors (MDP and CDP) from Ikaros mutant in response to gamma-secretase inhibitor (GSI)","Expression profiling by array","Mus musculus",16,,"CEL","ftp://ftp.ncbi.nlm.nih.gov/geo/series/GSE114nnn/GSE114108/suppl",30001316,,"Peggy Kirstetter","May 08, 2018"
GSE114116,"Protective role of oleic acid in angiotensin II-induced cardiac remodeling","Expression profiling by high throughput sequencing","Mus musculus",15,,"TXT;SRA Run Selector","ftp://ftp.ncbi.nlm.nih.gov/geo/series/GSE114nnn/GSE114116/suppl;https://www.ncbi.nlm.nih.gov/Traces/study/?acc=PRJNA464353",,SRP144754,"li Michael","May 08, 2018"
GSE114119,"Genomewide mapping of Trim33 binding in Th17 cells","Genome binding/occupancy profiling by high throughput sequencing","Mus musculus",4,,"BED;SRA Run Selector","ftp://ftp.ncbi.nlm.nih.gov/geo/series/GSE114nnn/GSE114119/suppl;https://www.ncbi.nlm.nih.gov/Traces/study/?acc=PRJNA464365",29930104,SRP144755,"SHINYA TANAKA","May 08, 2018"
GSE114120,"The impact on reprogramming of Msx2","Expression profiling by high throughput sequencing","Mus musculus",8,,"TXT;SRA Run Selector","ftp://ftp.ncbi.nlm.nih.gov/geo/series/GSE114nnn/GSE114120/suppl;https://www.ncbi.nlm.nih.gov/Traces/study/?acc=PRJNA464364",,SRP144751,"lilong Lin","May 08, 2018"
GSE114147,"Response of nor and nos contributes to Staphylococcus aureus virulence and metabolism.","Expression profiling by high throughput sequencing","Staphylococcus aureus",30,,"TXT;SRA Run Selector","ftp://ftp.ncbi.nlm.nih.gov/geo/series/GSE114nnn/GSE114147/suppl;https://www.ncbi.nlm.nih.gov/Traces/study/?acc=PRJNA464411",,SRP144815,"Steven R. Gill","May 08, 2018"
GSE114208,"Collaborative repressive action of the antagonistic ETS transcription factors Pointed and Yan fine-tunes gene expression to confer robustness in Drosophila [Agilent]","Expression profiling by array","Drosophila melanogaster",9,,"TXT","ftp://ftp.ncbi.nlm.nih.gov/geo/series/GSE114nnn/GSE114208/suppl",,,"Jemma L. Webber","May 08, 2018"
GSE114209,"Collaborative repressive action of the antagonistic ETS transcription factors Pointed and Yan fine-tunes gene expression to confer robustness in Drosophila","Expression profiling by array;Genome binding/occupancy profiling by high throughput sequencing","Drosophila melanogaster",21,,"TXT;WIG","ftp://ftp.ncbi.nlm.nih.gov/geo/series/GSE114nnn/GSE114209/suppl",,,"Jemma L. Webber","May 08, 2018"
GSE95616,"Affymetrix SNP array data for Cryptomeria japonica samples [Axiom_Cj70K_v1]","Genome variation profiling by SNP array;SNP genotyping by SNP array","Cryptomeria japonica",473,,"CEL","ftp://ftp.ncbi.nlm.nih.gov/geo/series/GSE95nnn/GSE95616/suppl",29685102,,"Kentaro Mishima","May 07, 2018"
GSE95618,"Affymetrix SNP array data for Cryptomeria japonica samples [Axiom_Cj70K_v2]","Genome variation profiling by SNP array;SNP genotyping by SNP array","Cryptomeria japonica",478,,"CEL","ftp://ftp.ncbi.nlm.nih.gov/geo/series/GSE95nnn/GSE95618/suppl",29685102,,"Kentaro Mishima","May 07, 2018"
GSE95619,"Affymetrix SNP array data for Cryptomeria japonica samples","Genome variation profiling by SNP array;SNP genotyping by SNP array","Cryptomeria japonica",951,,"CEL","ftp://ftp.ncbi.nlm.nih.gov/geo/series/GSE95nnn/GSE95619/suppl",29685102,,"Kentaro Mishima","May 07, 2018"
GSE99786,"Bulk and single-cell RNA-seq of mouse blastocyst, blastoid Trophoblast stem cells and  Embryonic stem cells","Expression profiling by high throughput sequencing","Mus musculus",16,,"CSV;XLSX;SRA Run Selector","ftp://ftp.ncbi.nlm.nih.gov/geo/series/GSE99nnn/GSE99786/suppl;https://www.ncbi.nlm.nih.gov/Traces/study/?acc=PRJNA389592",29720634,SRP108778,"Jean-Charles Boisset","May 07, 2018"
GSE103046,"Identification of long noncoding RNAs in T-ALL cell lines","Expression profiling by high throughput sequencing;Non-coding RNA profiling by high throughput sequencing","Homo sapiens",8,,"BW;SRA Run Selector","ftp://ftp.ncbi.nlm.nih.gov/geo/series/GSE103nnn/GSE103046/suppl;https://www.ncbi.nlm.nih.gov/Traces/study/?acc=PRJNA400047",29654272,SRP116107,"Takaomi Sanda","May 07, 2018"
GSE104187,"Analysis of early changes in mouse heart transcriptome after myocardial infarction","Expression profiling by high throughput sequencing","Mus musculus",8,,"TXT;SRA Run Selector","ftp://ftp.ncbi.nlm.nih.gov/geo/series/GSE104nnn/GSE104187/suppl;https://www.ncbi.nlm.nih.gov/Traces/study/?acc=PRJNA412001",29652636,SRP118785,"Allison Lesher Williams","May 07, 2018"
GSE104386,"Skin transcriptome of duck","Expression profiling by high throughput sequencing","Anas platyrhynchos",12,,"TXT;SRA Run Selector","ftp://ftp.ncbi.nlm.nih.gov/geo/series/GSE104nnn/GSE104386/suppl;https://www.ncbi.nlm.nih.gov/Traces/study/?acc=PRJNA412507",29793441,SRP119071,"Jing Yang","May 07, 2018"
GSE106675,"Intragraft molecular pathways associated with tolerance induction in renal transplantation","Expression profiling by array","Homo sapiens",30,,"CEL","ftp://ftp.ncbi.nlm.nih.gov/geo/series/GSE106nnn/GSE106675/suppl",,,"Catherine Dumur","May 07, 2018"
GSE106862,"The oligodendrocyte ""protrusiosome"": Identification of compartmentalized enrichment of transcripts in newly-formed protrusions of oligodendrocyte precursor cells (OPC) by RNAseq","Expression profiling by high throughput sequencing","Rattus norvegicus",4,,"TXT;SRA Run Selector","ftp://ftp.ncbi.nlm.nih.gov/geo/series/GSE106nnn/GSE106862/suppl;https://www.ncbi.nlm.nih.gov/Traces/study/?acc=PRJNA418248",29732611,SRP124934,"Helena Sofia Domingues","May 07, 2018"
GSE109110,"Tumor-associated macrophages regulate the gene expression profiles of pancreatic cancer cells both under normoxia and hypoxia","Expression profiling by array","Homo sapiens",12,,"PAIR","ftp://ftp.ncbi.nlm.nih.gov/geo/series/GSE109nnn/GSE109110/suppl",29670110,,"Huilin Ye","May 07, 2018"
GSE110247,"Pseudouridines have context-dependent mutation and stop rates in high-throughput sequencing","Other","Homo sapiens",6,,"TXT;SRA Run Selector","ftp://ftp.ncbi.nlm.nih.gov/geo/series/GSE110nnn/GSE110247/suppl;https://www.ncbi.nlm.nih.gov/Traces/study/?acc=PRJNA433264",29683381,SRP132322,"Tao Pan","May 07, 2018"
GSE111948,"Paternal TCDD Exposure Alters the Placental Epigenome","Methylation profiling by genome tiling array","Mus musculus",8,,"TXT","ftp://ftp.ncbi.nlm.nih.gov/geo/series/GSE111nnn/GSE111948/suppl",29741588,,"Kaylon Bruner-Tran","May 07, 2018"
GSE113848,"Transcriptome sequencing after MAGOHB knockdown in MAGOH-deleted or non-deleted cancer cells","Expression profiling by high throughput sequencing","Homo sapiens",12,,"TSV;SRA Run Selector","ftp://ftp.ncbi.nlm.nih.gov/geo/series/GSE113nnn/GSE113848/suppl;https://www.ncbi.nlm.nih.gov/Traces/study/?acc=PRJNA454264",,SRP144009,"Srinivas Viswanathan","May 07, 2018"
GSE113936,"Smad4 deficiency impairs chondrocyte hypertrophy via the Runx2 transcription factor in mouse skeletal development","Genome binding/occupancy profiling by high throughput sequencing;Expression profiling by high throughput sequencing","Mus musculus",10,,"TXT","ftp://ftp.ncbi.nlm.nih.gov/geo/series/GSE113nnn/GSE113936/suppl",,,"Chengguo Wei","May 07, 2018"
GSE114074,"Epigenomics of Glycine max","Methylation profiling by high throughput sequencing;Expression profiling by high throughput sequencing;Non-coding RNA profiling by high throughput sequencing","Glycine max",304,,"TSV;TXT;SRA Run Selector","ftp://ftp.ncbi.nlm.nih.gov/geo/series/GSE114nnn/GSE114074/suppl;https://www.ncbi.nlm.nih.gov/Traces/study/?acc=PRJNA464061",,SRP144662,"Robert J Schmitz","May 07, 2018"
GSE114076,"Differential gene expression profile of human neutrophils cultured with Plasmodium falciparum-parasitized erythrocytes","Expression profiling by array","Homo sapiens",8,,"TXT","ftp://ftp.ncbi.nlm.nih.gov/geo/series/GSE114nnn/GSE114076/suppl",30069491,,"Ryo Takano","May 07, 2018"
GSE114079,"Smad4 deficiency impairs chondrocyte hypertrophy via the Runx2 transcription factor in mouse skeletal development [RNA-seq]","Expression profiling by high throughput sequencing","Mus musculus",8,,"TXT;SRA Run Selector","ftp://ftp.ncbi.nlm.nih.gov/geo/series/GSE114nnn/GSE114079/suppl;https://www.ncbi.nlm.nih.gov/Traces/study/?acc=PRJNA464242",,SRP144690,"Chengguo Wei","May 07, 2018"
GSE114081,"Smad4 deficiency impairs chondrocyte hypertrophy via the Runx2 transcription factor in mouse skeletal development [ChIP-seq]","Genome binding/occupancy profiling by high throughput sequencing","Mus musculus",2,,"XLSX;SRA Run Selector","ftp://ftp.ncbi.nlm.nih.gov/geo/series/GSE114nnn/GSE114081/suppl;https://www.ncbi.nlm.nih.gov/Traces/study/?acc=PRJNA464244",,SRP144691,"Chengguo Wei","May 07, 2018"
GSE114121,"5C-ID: Increased resolution Chromosome-Conformation-CaptureCarbon-Copy with in situ 3C and double alternating primer design","Other","Mus musculus",7,,"BED;TXT;SRA Run Selector","ftp://ftp.ncbi.nlm.nih.gov/geo/series/GSE114nnn/GSE114121/suppl;https://www.ncbi.nlm.nih.gov/Traces/study/?acc=PRJNA464369",29772275,SRP144756,"Jennifer E Phillips-Cremins","May 07, 2018"
GSE108231,"RNA sequencing of control and raptor-knockout mouse sciatic nerves after crush injury","Expression profiling by high throughput sequencing","Mus musculus",13,,"TXT;SRA Run Selector","ftp://ftp.ncbi.nlm.nih.gov/geo/series/GSE108nnn/GSE108231/suppl;https://www.ncbi.nlm.nih.gov/Traces/study/?acc=PRJNA422887",29695414,SRP126959,"Gianluca Figlia","May 06, 2018"
GSE112896,"CTLA4-Ig changed the gene expression associated with cellular movement in osteoclast precursors","Expression profiling by high throughput sequencing","Mus musculus",6,,"TXT","ftp://ftp.ncbi.nlm.nih.gov/geo/series/GSE112nnn/GSE112896/suppl",29705743,,"Daisuke Okuzaki","May 06, 2018"
GSE68592,"Trancriptional profiling of rat bladder after daily administration of Pioglitazone and Rosiglitazone in vivo (mRNA)","Expression profiling by array","Rattus norvegicus",119,,"TXT","ftp://ftp.ncbi.nlm.nih.gov/geo/series/GSE68nnn/GSE68592/suppl",,,"Jonathan Moggs","May 05, 2018"
GSE68604,"Trancriptional profiling of rat bladder after daily administration of Pioglitazone and Rosiglitazone in vivo (miRNA)","Non-coding RNA profiling by array","Rattus norvegicus",119,,"TXT","ftp://ftp.ncbi.nlm.nih.gov/geo/series/GSE68nnn/GSE68604/suppl",,,"Jonathan Moggs","May 05, 2018"
GSE81143,"miRNA expression in H460 cells treated with sulforaphane","Non-coding RNA profiling by array","Homo sapiens",2,,"GPR;XLS","ftp://ftp.ncbi.nlm.nih.gov/geo/series/GSE81nnn/GSE81143/suppl",,,"Li qian qian","May 05, 2018"
GSE98579,"RNAseq for Tfam knock under NKX2.5 promoter","Expression profiling by high throughput sequencing","Mus musculus",6,,"TXT;SRA Run Selector","ftp://ftp.ncbi.nlm.nih.gov/geo/series/GSE98nnn/GSE98579/suppl;https://www.ncbi.nlm.nih.gov/Traces/study/?acc=PRJNA385566",29021295,SRP106520,"Fei Gu","May 05, 2018"
GSE98841,"Overlap in Signaling through Smoothened and the Heterotrimeric G Protein G13","Expression profiling by high throughput sequencing","Mus musculus",9,,"TXT;SRA Run Selector","ftp://ftp.ncbi.nlm.nih.gov/geo/series/GSE98nnn/GSE98841/suppl;https://www.ncbi.nlm.nih.gov/Traces/study/?acc=PRJNA386374",,SRP106916,"David Manning","May 05, 2018"
GSE101660,"Deep sequencing and flow cytometric characterization of expanded effector memory CD8+CD57+ T cells frequently reveals T-cell receptor Vβ oligoclonality and CDR3 homology in acquired aplastic anemia","Other","Homo sapiens",42,,"TXT;SRA Run Selector","ftp://ftp.ncbi.nlm.nih.gov/geo/series/GSE101nnn/GSE101660/suppl;https://www.ncbi.nlm.nih.gov/Traces/study/?acc=PRJNA395098",29419434,SRP113026,"Valentina Giudice","May 05, 2018"
GSE109280,"Boosting ATM activity alleviates ageing and extends lifespan in a mouse model of progeria.","Expression profiling by high throughput sequencing","Mus musculus",9,,"TXT;SRA Run Selector","ftp://ftp.ncbi.nlm.nih.gov/geo/series/GSE109nnn/GSE109280/suppl;https://www.ncbi.nlm.nih.gov/Traces/study/?acc=PRJNA430333",29717979,SRP131033,"Min Xian Qian","May 05, 2018"
GSE110145,"Genome-wide association study and transcriptome analysis provide new insights into the white/red earlobe color formation in chicken","Genome variation profiling by high throughput sequencing","Gallus gallus",200,,"TXT;SRA Run Selector","ftp://ftp.ncbi.nlm.nih.gov/geo/series/GSE110nnn/GSE110145/suppl;https://www.ncbi.nlm.nih.gov/Traces/study/?acc=PRJNA432949",,SRP132196,"Wei Luo","May 05, 2018"
GSE111669,"Overlap in signaling between constitutively active forms of Smoothened and the α subunit of the heterotrimeric G protein G13","Expression profiling by high throughput sequencing","Mus musculus",7,,"TXT;SRA Run Selector","ftp://ftp.ncbi.nlm.nih.gov/geo/series/GSE111nnn/GSE111669/suppl;https://www.ncbi.nlm.nih.gov/Traces/study/?acc=PRJNA437832",,SRP134851,"David Manning","May 05, 2018"
GSE114028,"Morphology and transcriptome of Atlantic salmon skin after seawater transfer, comparison of a semi-closed containment system and open net-pen","Expression profiling by array","Oncorhynchus mykiss;Salmo salar",31,,"TXT","ftp://ftp.ncbi.nlm.nih.gov/geo/series/GSE114nnn/GSE114028/suppl",29934588,,"Aleksei Krasnov","May 05, 2018"
GSE114034,"Characterization of Lgr6+ Cells as an Enriched Population of Hair Cell Progenitors Compared to Lgr5+ Cells for Hair Cell Generation in the Neonatal Mouse Cochlea","Expression profiling by high throughput sequencing","Mus musculus",4,,"TXT;SRA Run Selector","ftp://ftp.ncbi.nlm.nih.gov/geo/series/GSE114nnn/GSE114034/suppl;https://www.ncbi.nlm.nih.gov/Traces/study/?acc=PRJNA459531",,SRP144586,"Luo Guo","May 05, 2018"
GSE114045,"Transcriptomic analysis of Wt Mtb H37Rv and WhiB4 Complemented strains on treatment with 0.25 mM Cumene hydroperoxide (CHP) for 2 h at 37°C.","Expression profiling by array","Mycobacterium tuberculosis H37Rv",6,,"TXT","ftp://ftp.ncbi.nlm.nih.gov/geo/series/GSE114nnn/GSE114045/suppl",30149290,,"AMIT SINGH","May 05, 2018"
GSE114050,"iac gene expression in the indole-3-acetic acid-degrading soil bacterium Enterobacter soli LF7 ","Expression profiling by high throughput sequencing","Enterobacter soli",12,,"TXT;SRA Run Selector","ftp://ftp.ncbi.nlm.nih.gov/geo/series/GSE114nnn/GSE114050/suppl;https://www.ncbi.nlm.nih.gov/Traces/study/?acc=PRJNA463330",30054366,SRP144620,"Johan Leveau","May 05, 2018"
GSE114051,"Discovery of a Drug Candidate for GLIS3-Associated Diabetes","Expression profiling by high throughput sequencing","Homo sapiens",14,,"TXT;SRA Run Selector","ftp://ftp.ncbi.nlm.nih.gov/geo/series/GSE114nnn/GSE114051/suppl;https://www.ncbi.nlm.nih.gov/Traces/study/?acc=PRJNA463329",,SRP144623,"Shuibing Chen","May 05, 2018"
GSE114054,"Drosophila CNS mitochondrial dysfunction with Ras/MAPK inhibition microarray","Expression profiling by array","Drosophila melanogaster",18,,"CEL","ftp://ftp.ncbi.nlm.nih.gov/geo/series/GSE114nnn/GSE114054/suppl",30059502,,"Joseph M. Bateman","May 05, 2018"
GSE114056,"Gene expression analysis of cancer-associated fibroblasts (CAFs) from the murine breast cancer model MMTV-PyMT after perturbing the expression of Dickkopf-3 (DKK3)","Expression profiling by array","Mus musculus",10,,"CEL","ftp://ftp.ncbi.nlm.nih.gov/geo/series/GSE114nnn/GSE114056/suppl",,,"Fernando Calvo","May 05, 2018"
GSE114067,"Tissue tuft cell mRNA sequencing","Expression profiling by high throughput sequencing","Mus musculus",21,,"TXT;SRA Run Selector","ftp://ftp.ncbi.nlm.nih.gov/geo/series/GSE114nnn/GSE114067/suppl;https://www.ncbi.nlm.nih.gov/Traces/study/?acc=PRJNA464053",30021144,SRP144656,"Joshua Pollack","May 05, 2018"
GSE44027,"Alterations in retrotransposon control lead to a wide gene reprogramming in tobacco","Expression profiling by high throughput sequencing","Nicotiana tabacum",20,,"XLS;SRA Run Selector","ftp://ftp.ncbi.nlm.nih.gov/geo/series/GSE44nnn/GSE44027/suppl;https://www.ncbi.nlm.nih.gov/Traces/study/?acc=PRJNA189155",,SRP018380,"Erika Maria de Jesus","May 04, 2018"
GSE60238,"The RNA-binding protein Sfpq regulates long neuronal genes in transcriptional elongation [RNA-seq, rRNA-depleted]","Expression profiling by high throughput sequencing","Mus musculus",9,,"TXT;SRA Run Selector","ftp://ftp.ncbi.nlm.nih.gov/geo/series/GSE60nnn/GSE60238/suppl;https://www.ncbi.nlm.nih.gov/Traces/study/?acc=PRJNA257804",29719248,SRP045365,"Kei IIDA","May 04, 2018"
GSE60241,"The RNA-binding protein Sfpq regulates long neuronal genes in transcriptional elongation [Neuro2A cells]","Expression profiling by high throughput sequencing;Genome binding/occupancy profiling by high throughput sequencing","Mus musculus",10,,"BEDGRAPH;TXT;SRA Run Selector","ftp://ftp.ncbi.nlm.nih.gov/geo/series/GSE60nnn/GSE60241/suppl;https://www.ncbi.nlm.nih.gov/Traces/study/?acc=PRJNA257810",29719248,SRP045368,"Kei IIDA","May 04, 2018"
GSE60246,"The RNA-binding protein Sfpq regulates long neuronal genes in transcriptional elongation","Expression profiling by high throughput sequencing;Genome binding/occupancy profiling by high throughput sequencing;Other","Mus musculus",34,,"BED;BEDGRAPH;TXT","ftp://ftp.ncbi.nlm.nih.gov/geo/series/GSE60nnn/GSE60246/suppl",29719248,,"Kei IIDA","May 04, 2018"
GSE68494,"RNA-seq-based Transcriptome Analysis of A LuxR-like (DqsR) Mutant of Deinococcus radiodurans Under Oxidative and Non-oxidative Stresses.","Expression profiling by high throughput sequencing","Deinococcus radiodurans R1",8,,"TXT;SRA Run Selector","ftp://ftp.ncbi.nlm.nih.gov/geo/series/GSE68nnn/GSE68494/suppl;https://www.ncbi.nlm.nih.gov/Traces/study/?acc=PRJNA282923",,SRP057959,"Lin Lin","May 04, 2018"
GSE94901,"GDV1 triggers sexual conversion and differentiation in malaria parasites by antagonizing HP1-dependent gene silencing","Genome binding/occupancy profiling by high throughput sequencing;Expression profiling by high throughput sequencing","Plasmodium falciparum",14,,"BEDGRAPH;SRA Run Selector","ftp://ftp.ncbi.nlm.nih.gov/geo/series/GSE94nnn/GSE94901/suppl;https://www.ncbi.nlm.nih.gov/Traces/study/?acc=PRJNA374799",29590075,SRP099829,"Sabine Fraschka","May 04, 2018"
GSE95026,"Validation of systems biology derived molecular markers of donor organ status associated with long term allograft function","Expression profiling by array","Homo sapiens",78,,"TXT","ftp://ftp.ncbi.nlm.nih.gov/geo/series/GSE95nnn/GSE95026/suppl",29725116,,"Johannes Leierer","May 04, 2018"
GSE95178,"Genome-wide analysis of High glucose-induced gene expression by DKK2 protein","Expression profiling by array","Mus musculus",3,,"TXT","ftp://ftp.ncbi.nlm.nih.gov/geo/series/GSE95nnn/GSE95178/suppl",29559443,,"GUO NAN YIN","May 04, 2018"
GSE96080,"The RNA-binding protein Sfpq regulates long neuronal genes in transcriptional elongation [N2A_SFPQ_CLIP-seq]","Other","Mus musculus",3,,"BED;SRA Run Selector","ftp://ftp.ncbi.nlm.nih.gov/geo/series/GSE96nnn/GSE96080/suppl;https://www.ncbi.nlm.nih.gov/Traces/study/?acc=PRJNA378774",29719248,SRP101722,"Kei IIDA","May 04, 2018"
GSE96081,"The RNA-binding protein Sfpq regulates long neuronal genes in transcriptional elongation [SFPQ_CLIP-seq]","Other","Mus musculus",3,,"BED;SRA Run Selector","ftp://ftp.ncbi.nlm.nih.gov/geo/series/GSE96nnn/GSE96081/suppl;https://www.ncbi.nlm.nih.gov/Traces/study/?acc=PRJNA378773",29719248,SRP101723,"Kei IIDA","May 04, 2018"
GSE96082,"The RNA-binding protein Sfpq regulates long neuronal genes in transcriptional elongation [RNA-seq]","Expression profiling by high throughput sequencing","Mus musculus",9,,"TXT;SRA Run Selector","ftp://ftp.ncbi.nlm.nih.gov/geo/series/GSE96nnn/GSE96082/suppl;https://www.ncbi.nlm.nih.gov/Traces/study/?acc=PRJNA378772",29719248,SRP101724,"Kei IIDA","May 04, 2018"
GSE98560,"Transcriptome analysis in endometrioid cell lines with modified Prex2a expression","Expression profiling by array","Homo sapiens",15,,"TXT","ftp://ftp.ncbi.nlm.nih.gov/geo/series/GSE98nnn/GSE98560/suppl",29872505,,"Shinya Toyokuni","May 04, 2018"
GSE106938,"Age-related Islet Inflammation Marks the Proliferative Decline of Pancreatic Beta-cells in Zebrafish","Expression profiling by high throughput sequencing","Danio rerio",3,,"TXT;SRA Run Selector","ftp://ftp.ncbi.nlm.nih.gov/geo/series/GSE106nnn/GSE106938/suppl;https://www.ncbi.nlm.nih.gov/Traces/study/?acc=PRJNA418467",29624168,SRP125042,"Nikolay Ninov","May 04, 2018"
GSE107424,"Transcriptomics of Dorso-Ventral axis determination in Xenopus tropicalis","Expression profiling by high throughput sequencing","Xenopus tropicalis",15,,"GTF;TXT;SRA Run Selector","ftp://ftp.ncbi.nlm.nih.gov/geo/series/GSE107nnn/GSE107424/suppl;https://www.ncbi.nlm.nih.gov/Traces/study/?acc=PRJNA420057",29709598,SRP125755,"Rita Monteiro","May 04, 2018"
GSE109030,"Genome-wide transcriptome analysis in PBMCs of HIES patient A.II.1 compared to healthy sibling A.II.5","Expression profiling by array","Homo sapiens",2,,"TXT","ftp://ftp.ncbi.nlm.nih.gov/geo/series/GSE109nnn/GSE109030/suppl",29907690,,"Bodo Grimbacher","May 04, 2018"
GSE110016,"Activity-dependent LoNA Regulates Translation by Coordinating rRNA Transcription and Methylation","Non-coding RNA profiling by high throughput sequencing","Mus musculus",1,,"TXT","ftp://ftp.ncbi.nlm.nih.gov/geo/series/GSE110nnn/GSE110016/suppl",29712923,,"Qiang Liu","May 04, 2018"
GSE111310,"Widespread intronic polyadenylation diversifies immune cell transcriptomes","Other","Homo sapiens",47,,"TXT;SRA Run Selector","ftp://ftp.ncbi.nlm.nih.gov/geo/series/GSE111nnn/GSE111310/suppl;https://www.ncbi.nlm.nih.gov/Traces/study/?acc=PRJNA436569",29712909;30150773,SRP133767,"Irtisha Singh","May 04, 2018"
GSE113894,"The KNOXI gene SHOOT MERISTEMLESS regulates floral fate in Arabidopsis","Expression profiling by high throughput sequencing","Arabidopsis thaliana",15,,"TXT;SRA Run Selector","ftp://ftp.ncbi.nlm.nih.gov/geo/series/GSE113nnn/GSE113894/suppl;https://www.ncbi.nlm.nih.gov/Traces/study/?acc=PRJNA454379",29743198,SRP144164,"Eilon Shani","May 04, 2018"
GSE113987,"Inhaled TLR9 Agonist Renders Lung Tumors Permissive to PD-1 Blockade Promoting Optimal CD4+ and CD8+ T cell Interplay","Expression profiling by array","Mus musculus",20,,"CEL","ftp://ftp.ncbi.nlm.nih.gov/geo/series/GSE113nnn/GSE113987/suppl",,,"Cristiana Guiducci","May 04, 2018"
GSE113990,"An internal nutrient sensor detects specific dietary amino acids and promotes food consumption in Drosophila","Expression profiling by high throughput sequencing","Drosophila melanogaster",8,,"TXT;SRA Run Selector","ftp://ftp.ncbi.nlm.nih.gov/geo/series/GSE113nnn/GSE113990/suppl;https://www.ncbi.nlm.nih.gov/Traces/study/?acc=PRJNA454804",,SRP144430,"Rui Huang","May 04, 2018"
GSE113993,"Global transcriptional responses to a long-term treatment of bile salts in Bifidobacterium longum BBMN68","Expression profiling by high throughput sequencing","Bifidobacterium longum subsp. longum BBMN68",6,,"TXT;SRA Run Selector","ftp://ftp.ncbi.nlm.nih.gov/geo/series/GSE113nnn/GSE113993/suppl;https://www.ncbi.nlm.nih.gov/Traces/study/?acc=PRJNA454815",,SRP144440,"Xiong Yao","May 04, 2018"
GSE113994,"exRNA reference profiling of 13 individuals addressing the effect of biofluid (serum vs. EDTA plasma), individual, gender, fasting and female hormonal cycle","Non-coding RNA profiling by high throughput sequencing","Homo sapiens",312,,"TXT;SRA Run Selector","ftp://ftp.ncbi.nlm.nih.gov/geo/series/GSE113nnn/GSE113994/suppl;https://www.ncbi.nlm.nih.gov/Traces/study/?acc=PRJNA454814",29777089,SRP144441,"Thomas Tuschl","May 04, 2018"
GSE113999,"Differential gene expression in murine bone marrow-derived macrophages upon GABA treatment","Expression profiling by high throughput sequencing","Mus musculus",6,,"TXT;SRA Run Selector","ftp://ftp.ncbi.nlm.nih.gov/geo/series/GSE113nnn/GSE113999/suppl;https://www.ncbi.nlm.nih.gov/Traces/study/?acc=PRJNA454829",30305619,SRP144453,"Jin Kyung Kim","May 04, 2018"
GSE114001,"Re-evaluating Microglia Expression Profiles Using RiboTag and Cell Isolation Strategies","Expression profiling by high throughput sequencing;Other","Mus musculus",67,,"TXT;SRA Run Selector","ftp://ftp.ncbi.nlm.nih.gov/geo/series/GSE114nnn/GSE114001/suppl;https://www.ncbi.nlm.nih.gov/Traces/study/?acc=PRJNA454857",29777220,SRP144472,"Steffen Jung","May 04, 2018"
GSE114007,"Identification of transcription factors responsible for dysregulated networks in human osteoarthritis cartilage by global gene expression analysis","Expression profiling by high throughput sequencing","Homo sapiens",38,,"TXT;XLSX;SRA Run Selector","ftp://ftp.ncbi.nlm.nih.gov/geo/series/GSE114nnn/GSE114007/suppl;https://www.ncbi.nlm.nih.gov/Traces/study/?acc=PRJNA454873",30081074,SRP144491,"Padmaja Natarajan","May 04, 2018"
GSE114024,"Evaluating Mice lacking Serum Carboxylesterase as a Behavioral Model for Nerve Agent Intoxication","Expression profiling by array","Mus musculus",80,,"CEL;CHP","ftp://ftp.ncbi.nlm.nih.gov/geo/series/GSE114nnn/GSE114024/suppl",29768075,,"Heidi Hoard-Fruchey","May 04, 2018"
GSE81134,"Expression data from 10 DPA fibers","Expression profiling by array","Gossypium arboreum;Gossypium barbadense;Gossypium hirsutum;Gossypium raimondii",8,,"CEL","ftp://ftp.ncbi.nlm.nih.gov/geo/series/GSE81nnn/GSE81134/suppl",,,"Man Wu","May 03, 2018"
GSE85959,"Basic Helix Loop Helix Enhancer 40 Null Mice Have Impaired Synaptic Plasticity, Enhanced Neuronal Excitability, and Decreased Expression of Insulin Degrading Enzyme","Expression profiling by array","Mus musculus",23,,"TXT","ftp://ftp.ncbi.nlm.nih.gov/geo/series/GSE85nnn/GSE85959/suppl",29715265,,"Kevin G Becker","May 03, 2018"
GSE94315,"Higher levels of heteroplasmy at OriL control mtDNA copy number, glucose metabolism and lifespan in mice","Expression profiling by high throughput sequencing","Mus musculus",20,,"TSV;SRA Run Selector","ftp://ftp.ncbi.nlm.nih.gov/geo/series/GSE94nnn/GSE94315/suppl;https://www.ncbi.nlm.nih.gov/Traces/study/?acc=PRJNA369337",29651131,SRP098626,"Hauke Busch","May 03, 2018"
GSE94957,"Mitochondrial dsRNA triggers antiviral signalling in humans","Expression profiling by high throughput sequencing","Homo sapiens",9,,"BW;SRA Run Selector","ftp://ftp.ncbi.nlm.nih.gov/geo/series/GSE94nnn/GSE94957/suppl;https://www.ncbi.nlm.nih.gov/Traces/study/?acc=PRJNA374913",30046113,SRP099922,"Nicholas Proudfoot","May 03, 2018"
GSE98538,"RNA-seq of MCF7 cell lines after EPIC1 siRNA knockdown","Expression profiling by high throughput sequencing","Homo sapiens",3,,"XLSX;SRA Run Selector","ftp://ftp.ncbi.nlm.nih.gov/geo/series/GSE98nnn/GSE98538/suppl;https://www.ncbi.nlm.nih.gov/Traces/study/?acc=PRJNA385394",30093685,SRP106453,"Da Yang","May 03, 2018"
GSE99793,"Maternal Folate Genes and Aberrant DNA Hypermethylation among Offspring with Pediatric Lymphoblastic Leukemia","Methylation profiling by high throughput sequencing","Homo sapiens",57,,"TXT;SRA Run Selector","ftp://ftp.ncbi.nlm.nih.gov/geo/series/GSE99nnn/GSE99793/suppl;https://www.ncbi.nlm.nih.gov/Traces/study/?acc=PRJNA389604",29763473,SRP108792,"Jeremy Schraw","May 03, 2018"
GSE100422,"gene expression in Tc1 vs Tc9 cells","Expression profiling by array","Mus musculus",4,,"CEL","ftp://ftp.ncbi.nlm.nih.gov/geo/series/GSE100nnn/GSE100422/suppl",29743292,,"qing yi","May 03, 2018"
GSE101571,"Analysis of chromatin landscapes in early human development reveals epigenetic transition during ZGA","Expression profiling by high throughput sequencing;Genome binding/occupancy profiling by high throughput sequencing","Homo sapiens;Mus musculus",55,,"BED;TXT;WIG;SRA Run Selector","ftp://ftp.ncbi.nlm.nih.gov/geo/series/GSE101nnn/GSE101571/suppl;https://www.ncbi.nlm.nih.gov/Traces/study/?acc=PRJNA394846",29720659,SRP112718,"Wei Xie","May 03, 2018"
GSE102169,"Reduced representation bisulfite sequencing (RRBS) data from cattle monocytes, fibroblasts and sperm cells","Methylation profiling by high throughput sequencing","Bos taurus",6,,"TXT;SRA Run Selector","ftp://ftp.ncbi.nlm.nih.gov/geo/series/GSE102nnn/GSE102169/suppl;https://www.ncbi.nlm.nih.gov/Traces/study/?acc=PRJNA396902",29843609,SRP114690,"Helene Kiefer","May 03, 2018"
GSE102960,"MeDIP-chip from livers, fibroblasts and sperm cells from adult cattle using anti-methylcytosine antibody.","Methylation profiling by array","Bos taurus",22,,"PAIR;TXT","ftp://ftp.ncbi.nlm.nih.gov/geo/series/GSE102nnn/GSE102960/suppl",29843609,,"Helene Kiefer","May 03, 2018"
GSE103308,"Simultaneous and systematic analysis of cellular and viral gene expression during Enterovirus 71-induced host shutoff","Expression profiling by high throughput sequencing;Other","Homo sapiens",20,,"TXT;SRA Run Selector","ftp://ftp.ncbi.nlm.nih.gov/geo/series/GSE103nnn/GSE103308/suppl;https://www.ncbi.nlm.nih.gov/Traces/study/?acc=PRJNA401882",29696588,SRP131318,"Yongquan Lin","May 03, 2018"
GSE107123,"Dissecting the functions of mycobacteria RbpA structural domains","Expression profiling by high throughput sequencing","Mycolicibacterium smegmatis",12,,"XLSX;SRA Run Selector","ftp://ftp.ncbi.nlm.nih.gov/geo/series/GSE107nnn/GSE107123/suppl;https://www.ncbi.nlm.nih.gov/Traces/study/?acc=PRJNA419075",29686140,SRP125270,"Christina L Stallings","May 03, 2018"
GSE109210,"Transcriptional profiling of PNPase KO liver hepatocytes","Expression profiling by array","Mus musculus",4,,"TXT","ftp://ftp.ncbi.nlm.nih.gov/geo/series/GSE109nnn/GSE109210/suppl",30046113,,"Fasih Mubtasim Ahsan","May 03, 2018"
GSE111033,"Gene expression in CD8 vs. CD8+Cho cells","Expression profiling by array","Mus musculus",2,,"CEL;TXT","ftp://ftp.ncbi.nlm.nih.gov/geo/series/GSE111nnn/GSE111033/suppl",29743292,,"qing yi","May 03, 2018"
GSE111163,"Large-scale expansion of human iPSC-derived skeletal muscle cells for disease modeling and cell-based therapeutic strategies","Expression profiling by high throughput sequencing;Third-party reanalysis","Homo sapiens",8,,"TSV;SRA Run Selector","ftp://ftp.ncbi.nlm.nih.gov/geo/series/GSE111nnn/GSE111163/suppl;https://www.ncbi.nlm.nih.gov/Traces/study/?acc=PRJNA436570",29731431,SRP133768,"W.W.M. Pijnappel","May 03, 2018"
GSE111908,"Pluripotent stem cell model of Nakajo-Nishimura syndrome untangles proinflammatory pathways mediated by oxidative stress","Expression profiling by high throughput sequencing","Homo sapiens",8,,"TXT;SRA Run Selector","ftp://ftp.ncbi.nlm.nih.gov/geo/series/GSE111nnn/GSE111908/suppl;https://www.ncbi.nlm.nih.gov/Traces/study/?acc=PRJNA438520",,SRP135811,"Akira Niwa","May 03, 2018"
GSE113944,"Comparative Analysis of Irradiated and Unirradiated Pelophylax nigromaculatus Skin Transcriptome","Expression profiling by high throughput sequencing","Pelophylax nigromaculatus",2,,"FASTA;TXT;SRA Run Selector","ftp://ftp.ncbi.nlm.nih.gov/geo/series/GSE113nnn/GSE113944/suppl;https://www.ncbi.nlm.nih.gov/Traces/study/?acc=PRJNA454571",,SRP144311,"Li Zhong","May 03, 2018"
GSE113954,"Warm sensor protein TRPM2 is required for brain development via SP5 in hyperthermia","Expression profiling by high throughput sequencing","Mus musculus",4,,"TXT;SRA Run Selector","ftp://ftp.ncbi.nlm.nih.gov/geo/series/GSE113nnn/GSE113954/suppl;https://www.ncbi.nlm.nih.gov/Traces/study/?acc=PRJNA454667",,SRP144332,"Jianwei Jiao","May 03, 2018"
GSE113956,"Serum miRNA expression in 25 oral squamous cell cancer patients with different five years survival status and 15 healthy controls","Non-coding RNA profiling by array","Homo sapiens;Mus musculus;Rattus norvegicus",40,,"GPR","ftp://ftp.ncbi.nlm.nih.gov/geo/series/GSE113nnn/GSE113956/suppl",,,"Shi Jianbo","May 03, 2018"
GSE113959,"Gene expression signatures for specific Akt inhibitor afuresertib treatment in malignant pleural mesothelioma (MPM) cell lines","Expression profiling by array","Homo sapiens",4,,"TXT","ftp://ftp.ncbi.nlm.nih.gov/geo/series/GSE113nnn/GSE113959/suppl",28960945,,"Akinobu Ota","May 03, 2018"
GSE113976,"mRNA-seq Whole Transcriptome Profiling of Fresh Frozen versus Archived Fixed Tissues","Expression profiling by high throughput sequencing","Homo sapiens",23,,"TXT;SRA Run Selector","ftp://ftp.ncbi.nlm.nih.gov/geo/series/GSE113nnn/GSE113976/suppl;https://www.ncbi.nlm.nih.gov/Traces/study/?acc=PRJNA454715",,SRP144382,"Noa Bossel Ben-Moshe","May 03, 2018"
GSE113978,"Functional characterization of enhancer evolution in the primate lineage","Other","Homo sapiens",12,,"TSV;SRA Run Selector","ftp://ftp.ncbi.nlm.nih.gov/geo/series/GSE113nnn/GSE113978/suppl;https://www.ncbi.nlm.nih.gov/Traces/study/?acc=PRJNA454716",30045748,SRP144384,"Jason C Klein","May 03, 2018"
GSE114002,"Human 5′ UTR design and variant effect prediction from a massively parallel translation assay","Expression profiling by high throughput sequencing","Homo sapiens",9,,"CSV;SRA Run Selector","ftp://ftp.ncbi.nlm.nih.gov/geo/series/GSE114nnn/GSE114002/suppl;https://www.ncbi.nlm.nih.gov/Traces/study/?acc=PRJNA454863",,SRP144485,"Paul J Sample","May 03, 2018"
GSE39149,"A time-course profiling of the effects of maslinic acid on mRNA expression of chemically induced Raji cells.","Expression profiling by array","Homo sapiens",18,,"CEL;CHP","ftp://ftp.ncbi.nlm.nih.gov/geo/series/GSE39nnn/GSE39149/suppl",,,"Wai Meng Lau","May 02, 2018"
GSE80775,"Characterization of a spontaneous model of inflammation-derived liver cancer [ChIP-seq]","Genome binding/occupancy profiling by high throughput sequencing","Mus musculus",16,,"BED;SRA Run Selector","ftp://ftp.ncbi.nlm.nih.gov/geo/series/GSE80nnn/GSE80775/suppl;https://www.ncbi.nlm.nih.gov/Traces/study/?acc=PRJNA319967",29734330,SRP074135,"Alberto Termanini","May 02, 2018"
GSE80776,"Characterization of a spontaneous model of inflammation-derived liver cancer [RNA-seq]","Expression profiling by high throughput sequencing","Mus musculus",17,,"DIFF;FPKM_TRACKING;SRA Run Selector","ftp://ftp.ncbi.nlm.nih.gov/geo/series/GSE80nnn/GSE80776/suppl;https://www.ncbi.nlm.nih.gov/Traces/study/?acc=PRJNA319966",29734330,SRP074136,"Alberto Termanini","May 02, 2018"
GSE80777,"Characterization of a spontaneous model of inflammation-derived liver cancer","Genome binding/occupancy profiling by high throughput sequencing;Expression profiling by high throughput sequencing","Mus musculus",33,,"BED","ftp://ftp.ncbi.nlm.nih.gov/geo/series/GSE80nnn/GSE80777/suppl",29734330,,"Alberto Termanini","May 02, 2018"
GSE88733,"Cooptation of tandem DNA repeats for the control of epithelial-to-mesenchymal transition [miRNA-Seq]","Non-coding RNA profiling by high throughput sequencing","Homo sapiens",6,,"TXT;SRA Run Selector","ftp://ftp.ncbi.nlm.nih.gov/geo/series/GSE88nnn/GSE88733/suppl;https://www.ncbi.nlm.nih.gov/Traces/study/?acc=PRJNA348430",29706544,SRP091542,"Chiara Balestrieri","May 02, 2018"
GSE88734,"Cooptation of tandem DNA repeats for the control of epithelial-to-mesenchymal transition [ChIP-Seq]","Genome binding/occupancy profiling by high throughput sequencing","Homo sapiens",9,,"NARROWPEAK;SRA Run Selector","ftp://ftp.ncbi.nlm.nih.gov/geo/series/GSE88nnn/GSE88734/suppl;https://www.ncbi.nlm.nih.gov/Traces/study/?acc=PRJNA348428",29706544,SRP091543,"Chiara Balestrieri","May 02, 2018"
GSE88735,"Cooptation of tandem DNA repeats for the control of epithelial-to-mesenchymal transition [RNA-Seq]","Expression profiling by high throughput sequencing","Homo sapiens",6,,"TXT;SRA Run Selector","ftp://ftp.ncbi.nlm.nih.gov/geo/series/GSE88nnn/GSE88735/suppl;https://www.ncbi.nlm.nih.gov/Traces/study/?acc=PRJNA348433",29706544,SRP091544,"Chiara Balestrieri","May 02, 2018"
GSE88738,"Cooptation of tandem DNA repeats for the control of epithelial-to-mesenchymal transition.","Expression profiling by high throughput sequencing;Genome binding/occupancy profiling by high throughput sequencing;Non-coding RNA profiling by high throughput sequencing","Homo sapiens",20,,"NARROWPEAK","ftp://ftp.ncbi.nlm.nih.gov/geo/series/GSE88nnn/GSE88738/suppl",29706544,,"Chiara Balestrieri","May 02, 2018"
GSE90025,"Genomic copy number variation induced by TAQing system in Saccharomyces cerevisiae.","Genome variation profiling by genome tiling array","Saccharomyces cerevisiae",14,,"TXT","ftp://ftp.ncbi.nlm.nih.gov/geo/series/GSE90nnn/GSE90025/suppl",29777105,,"Nobuhiko Muramoto","May 02, 2018"
GSE90026,"Genomic copy number variation induced by TAQing system in Arabidopsis thaliana.","Genome variation profiling by genome tiling array","Arabidopsis thaliana",115,,"TXT","ftp://ftp.ncbi.nlm.nih.gov/geo/series/GSE90nnn/GSE90026/suppl",29777105,,"Nobuhiko Muramoto","May 02, 2018"
GSE90027,"Detection of genomic copy number variations induced by multiple DNA breaks","Genome variation profiling by genome tiling array","Arabidopsis thaliana;Saccharomyces cerevisiae",129,,"TXT","ftp://ftp.ncbi.nlm.nih.gov/geo/series/GSE90nnn/GSE90027/suppl",29777105,,"Nobuhiko Muramoto","May 02, 2018"
GSE93765,"A de novo mouse model of C11orf95-RELA fusion-driven ependymoma identifies driver functions in addition to NFκB","Expression profiling by high throughput sequencing","Mus musculus",38,,"TXT;SRA Run Selector","ftp://ftp.ncbi.nlm.nih.gov/geo/series/GSE93nnn/GSE93765/suppl;https://www.ncbi.nlm.nih.gov/Traces/study/?acc=PRJNA362328",29949764,SRP096964,"Sonali Arora","May 02, 2018"
GSE95298,"Patient- and Cell Type-Specific Heterogeneity of Metformin Response.","Expression profiling by array","Homo sapiens",58,,"CEL;XLS","ftp://ftp.ncbi.nlm.nih.gov/geo/series/GSE95nnn/GSE95298/suppl",28862803,,"Michael K Asiedu","May 02, 2018"
GSE100083,"Expression in equine cartilage stimulated with IL-1β in vitro","Expression profiling by array","Equus caballus",33,,"CEL","ftp://ftp.ncbi.nlm.nih.gov/geo/series/GSE100nnn/GSE100083/suppl",29747133,,"Maria Löfgren","May 02, 2018"
GSE100320,"Single-Cell Transcriptomics and Fate Mapping of Ependymal Cells Reveals an Absence of Neural Stem Cell Function","Expression profiling by high throughput sequencing","Mus musculus",3,,"MTX;TSV;SRA Run Selector","ftp://ftp.ncbi.nlm.nih.gov/geo/series/GSE100nnn/GSE100320/suppl;https://www.ncbi.nlm.nih.gov/Traces/study/?acc=PRJNA391311",29727663,SRP110034,"Jeff Biernaskie","May 02, 2018"
GSE101788,"CBFb-SMMHC inhibition triggers apoptosis by disrupting MYC chromatin dynamics in acute myeloid leukemia [RNA-seq]","Expression profiling by high throughput sequencing","Homo sapiens",6,,"CSV;DIFF;SRA Run Selector","ftp://ftp.ncbi.nlm.nih.gov/geo/series/GSE101nnn/GSE101788/suppl;https://www.ncbi.nlm.nih.gov/Traces/study/?acc=PRJNA395541",29958106,SRP113442,"Lucio Castilla","May 02, 2018"
GSE101789,"CBFb-SMMHC inhibition triggers apoptosis by disrupting MYC chromatin dynamics in acute myeloid leukemia [ChIP-seq]","Genome binding/occupancy profiling by high throughput sequencing","Homo sapiens",6,,"BW;NARROWPEAK;SRA Run Selector","ftp://ftp.ncbi.nlm.nih.gov/geo/series/GSE101nnn/GSE101789/suppl;https://www.ncbi.nlm.nih.gov/Traces/study/?acc=PRJNA395543",29958106,SRP113443,"Lucio Castilla","May 02, 2018"
GSE101790,"CBFb-SMMHC inhibition triggers apoptosis by disrupting MYC chromatin dynamics in acute myeloid leukemia [ATAC-seq]","Genome binding/occupancy profiling by high throughput sequencing","Homo sapiens",4,,"BW;NARROWPEAK;SRA Run Selector","ftp://ftp.ncbi.nlm.nih.gov/geo/series/GSE101nnn/GSE101790/suppl;https://www.ncbi.nlm.nih.gov/Traces/study/?acc=PRJNA395542",29958106,SRP113444,"Lucio Castilla","May 02, 2018"
GSE101791,"CBFb-SMMHC inhibition triggers apoptosis by disrupting MYC chromatin dynamics in acute myeloid leukemia","Expression profiling by high throughput sequencing;Genome binding/occupancy profiling by high throughput sequencing;Other","Homo sapiens",20,,"BW;NARROWPEAK;TXT","ftp://ftp.ncbi.nlm.nih.gov/geo/series/GSE101nnn/GSE101791/suppl",29958106,,"Lucio Castilla","May 02, 2018"
GSE104576,"Long genes linked to autism harbor intragenic super-enhancer-like chromatin domains","Genome binding/occupancy profiling by high throughput sequencing;Methylation profiling by high throughput sequencing","Mus musculus",16,,"BEDGRAPH;TDF;SRA Run Selector","ftp://ftp.ncbi.nlm.nih.gov/geo/series/GSE104nnn/GSE104576/suppl;https://www.ncbi.nlm.nih.gov/Traces/study/?acc=PRJNA413087",29848492,SRP119366,"Ying-Tao Zhao","May 02, 2018"
GSE106714,"De novo activating mutations drive clonal evolution and enhance clonal fitness in KMT2A-rearranged leukemia","Expression profiling by high throughput sequencing","Mus musculus",45,,"TXT;SRA Run Selector","ftp://ftp.ncbi.nlm.nih.gov/geo/series/GSE106nnn/GSE106714/suppl;https://www.ncbi.nlm.nih.gov/Traces/study/?acc=PRJNA417713",29720585,SRP124673,"Axel Hyrenius Wittsten","May 02, 2018"
GSE107628,"Investigation of ctitrinin and pigment biosynthesis mechanisms in Monascus purpureus by transcriptomic analysis","Expression profiling by high throughput sequencing","Monascus purpureus",6,,"FASTA;TXT;SRA Run Selector","ftp://ftp.ncbi.nlm.nih.gov/geo/series/GSE107nnn/GSE107628/suppl;https://www.ncbi.nlm.nih.gov/Traces/study/?acc=PRJNA421146",,SRP126154,"Jingen Li","May 02, 2018"
GSE107719,"ZNF341 controls STAT3 expression and thereby immunocompetence","Genome binding/occupancy profiling by high throughput sequencing","Homo sapiens",3,,"BEDGRAPH;TXT;SRA Run Selector","ftp://ftp.ncbi.nlm.nih.gov/geo/series/GSE107nnn/GSE107719/suppl;https://www.ncbi.nlm.nih.gov/Traces/study/?acc=PRJNA421196",29907690,SRP126187,"Claudia Bossen","May 02, 2018"
GSE108663,"Novel Transcriptional Activity and Extensive Allelic Imbalance in the Human MHC Region","Expression profiling by high throughput sequencing","Homo sapiens",12,,"TXT;SRA Run Selector","ftp://ftp.ncbi.nlm.nih.gov/geo/series/GSE108nnn/GSE108663/suppl;https://www.ncbi.nlm.nih.gov/Traces/study/?acc=PRJNA428235",29311362,SRP127809,"Richard C McEachin","May 02, 2018"
GSE109545,"A novel role of Tet1/2 proteins in cell cycle progression of trophoblast stem cells","Expression profiling by high throughput sequencing;Genome binding/occupancy profiling by high throughput sequencing;Methylation profiling by high throughput sequencing","Mus musculus",15,,"BED;COV;CSV;SRA Run Selector","ftp://ftp.ncbi.nlm.nih.gov/geo/series/GSE109nnn/GSE109545/suppl;https://www.ncbi.nlm.nih.gov/Traces/study/?acc=PRJNA431364",29576538,SRP131356,"Myriam Hemberger","May 02, 2018"
GSE109764,"CBFb-SMMHC inhibition triggers apoptosis by disrupting MYC chromatin dynamics in acute myeloid leukemia [5C]","Other","Homo sapiens",4,,"TXT;SRA Run Selector","ftp://ftp.ncbi.nlm.nih.gov/geo/series/GSE109nnn/GSE109764/suppl;https://www.ncbi.nlm.nih.gov/Traces/study/?acc=PRJNA431991",29958106,SRP131652,"Lucio Castilla","May 02, 2018"
GSE110620,"REVERSIR platform for the tailored control of GalNAc-siRNA conjugate pharmacology","Expression profiling by high throughput sequencing","Mus musculus",18,,"TXT;SRA Run Selector","ftp://ftp.ncbi.nlm.nih.gov/geo/series/GSE110nnn/GSE110620/suppl;https://www.ncbi.nlm.nih.gov/Traces/study/?acc=PRJNA434115",,SRP132877,"Joseph Barry","May 02, 2018"
GSE110883,"Identification of a novel LysR-type regulator involved in virulence and primary and secondary metabolism of Burkholderia pseudomallei.","Expression profiling by array","Burkholderia pseudomallei;Burkholderia pseudomallei K96243",6,,"PAIR;TXT","ftp://ftp.ncbi.nlm.nih.gov/geo/series/GSE110nnn/GSE110883/suppl",29867844,,"Christian Kohler","May 02, 2018"
GSE111977,"Efficient generation of human CA3 neurons and modeling hippocampal neuronal connectivity in vitro (bulk)","Expression profiling by high throughput sequencing","Homo sapiens",21,,"CSV;SRA Run Selector","ftp://ftp.ncbi.nlm.nih.gov/geo/series/GSE111nnn/GSE111977/suppl;https://www.ncbi.nlm.nih.gov/Traces/study/?acc=PRJNA438775",29727680,SRP135926,"Maxim Nikolaievich Shokhirev","May 02, 2018"
GSE111978,"Efficient generation of human CA3 neurons and modeling hippocampal neuronal connectivity in vitro (single cells)","Expression profiling by high throughput sequencing","Homo sapiens",507,,"TXT;SRA Run Selector","ftp://ftp.ncbi.nlm.nih.gov/geo/series/GSE111nnn/GSE111978/suppl;https://www.ncbi.nlm.nih.gov/Traces/study/?acc=PRJNA438777",29727680,SRP135927,"Maxim Nikolaievich Shokhirev","May 02, 2018"
GSE111979,"Efficient generation of human CA3 neurons and modeling hippocampal neuronal connectivity in vitro","Expression profiling by high throughput sequencing","Homo sapiens",528,,,,29727680,,"Maxim Nikolaievich Shokhirev","May 02, 2018"
GSE113893,"DDX1 regulates alternative splicing and insulin secretion in pancreatic β cells","Expression profiling by high throughput sequencing","Rattus norvegicus",6,,"BW;SRA Run Selector","ftp://ftp.ncbi.nlm.nih.gov/geo/series/GSE113nnn/GSE113893/suppl;https://www.ncbi.nlm.nih.gov/Traces/study/?acc=PRJNA454378",29679569,SRP144163,"Wen Zhong","May 02, 2018"
GSE113895," Cardiac-specific developmental and epigenetic functions of Jarid2 during embryonic development","Genome binding/occupancy profiling by genome tiling array","Mus musculus",3,,"FTR;TXT","ftp://ftp.ncbi.nlm.nih.gov/geo/series/GSE113nnn/GSE113895/suppl",29891551,,"Youngsook Lee","May 02, 2018"
GSE113900,"RNA-Sequencing analysis of differential gene transcription profiles induced by the prenatal/maternal broccoli sprout (BSp) diet","Expression profiling by high throughput sequencing","Mus musculus",5,,"XLSX;SRA Run Selector","ftp://ftp.ncbi.nlm.nih.gov/geo/series/GSE113nnn/GSE113900/suppl;https://www.ncbi.nlm.nih.gov/Traces/study/?acc=PRJNA454438",29764806,SRP144174,"Yuanyuan R Li","May 02, 2018"
GSE113905,"Erroneous ribosomal RNAs promote the generation of antisense ribosomal siRNA","Other;Non-coding RNA profiling by high throughput sequencing","Caenorhabditis elegans",6,,"TXT;SRA Run Selector","ftp://ftp.ncbi.nlm.nih.gov/geo/series/GSE113nnn/GSE113905/suppl;https://www.ncbi.nlm.nih.gov/Traces/study/?acc=PRJNA454449",30224484,SRP144179,"Shouhong Guang","May 02, 2018"
GSE113912,"Uhrf1 regulates active transcriptional marks at bivalent domains in pluripotent stem cells through Setd1a [ATAC-Seq]","Genome binding/occupancy profiling by high throughput sequencing","Mus musculus",2,,"BED;SRA Run Selector","ftp://ftp.ncbi.nlm.nih.gov/geo/series/GSE113nnn/GSE113912/suppl;https://www.ncbi.nlm.nih.gov/Traces/study/?acc=PRJNA454458",29968706,SRP144192,"Kun-Yong Kim","May 02, 2018"
GSE113913,"Uhrf1 regulates active transcriptional marks at bivalent domains in pluripotent stem cells through Setd1a [ChIP-Seq]","Genome binding/occupancy profiling by high throughput sequencing","Mus musculus",33,,"BED;SRA Run Selector","ftp://ftp.ncbi.nlm.nih.gov/geo/series/GSE113nnn/GSE113913/suppl;https://www.ncbi.nlm.nih.gov/Traces/study/?acc=PRJNA454460",29968706,SRP144193,"Kun-Yong Kim","May 02, 2018"
GSE113914,"Uhrf1 regulates active transcriptional marks at bivalent domains in pluripotent stem cells through Setd1a [RNA-Seq]","Expression profiling by high throughput sequencing","Mus musculus",8,,"XLSX;SRA Run Selector","ftp://ftp.ncbi.nlm.nih.gov/geo/series/GSE113nnn/GSE113914/suppl;https://www.ncbi.nlm.nih.gov/Traces/study/?acc=PRJNA454459",29968706,SRP144194,"Kun-Yong Kim","May 02, 2018"
GSE113915,"Uhrf1 regulates active transcriptional marks at bivalent domains in pluripotent stem cells through Setd1a","Expression profiling by high throughput sequencing;Genome binding/occupancy profiling by high throughput sequencing","Mus musculus",43,,"BED","ftp://ftp.ncbi.nlm.nih.gov/geo/series/GSE113nnn/GSE113915/suppl",29968706,,"Kun-Yong Kim","May 02, 2018"
GSE113925,"Tripartite motif-containing 33 (Trim33) determines the pathogenic function of Th17 cells","Expression profiling by array","Mus musculus",4,,"CEL","ftp://ftp.ncbi.nlm.nih.gov/geo/series/GSE113nnn/GSE113925/suppl",29930104,,"Shinya Tanaka","May 02, 2018"
GSE113927,"Regulation of pathogenic T helper 17 cell differentiation by steroid receptor coactivator-3","Expression profiling by array","Mus musculus",8,,"CEL","ftp://ftp.ncbi.nlm.nih.gov/geo/series/GSE113nnn/GSE113927/suppl",,,"Kentaro Tanaka","May 02, 2018"
GSE113932,"Transcriptome of Acacia cornigera extrafloral nectaries","Expression profiling by high throughput sequencing","Vachellia cornigera",24,,"TXT;SRA Run Selector","ftp://ftp.ncbi.nlm.nih.gov/geo/series/GSE113nnn/GSE113932/suppl;https://www.ncbi.nlm.nih.gov/Traces/study/?acc=PRJNA454485",,SRP144220,"Marshall Hampton","May 02, 2018"
GSE113933,"Identification of covalent small-molecule inhibitors of STING","Expression profiling by high throughput sequencing","Mus musculus",12,,"TXT;SRA Run Selector","ftp://ftp.ncbi.nlm.nih.gov/geo/series/GSE113nnn/GSE113933/suppl;https://www.ncbi.nlm.nih.gov/Traces/study/?acc=PRJNA454500",29973723,SRP144231,"Muhammet Fatih Gulen","May 02, 2018"
GSE52590,"Heterogeneous DNA methylation changes in acute myeloid leukemia associate with cancer-specific gene expression signatures and disruption of the hematopoietic regulatory network","Methylation profiling by high throughput sequencing","Homo sapiens",20,,"BED;TXT;WIG;SRA Run Selector","ftp://ftp.ncbi.nlm.nih.gov/geo/series/GSE52nnn/GSE52590/suppl;https://www.ncbi.nlm.nih.gov/Traces/study/?acc=PRJNA229431",,SRP033222,"Arjen Brinkman","May 01, 2018"
GSE57590,"Phenotypic analysis of conventional knockout mice lacking a protein responsible for ossification of the posterior longitudinal ligament","Expression profiling by array","Mus musculus",2,,"TXT","ftp://ftp.ncbi.nlm.nih.gov/geo/series/GSE57nnn/GSE57590/suppl",29782494,,"Michiyo Tsuru","May 01, 2018"
GSE57592,"Micro RNA Analysis of the Ossification of Posterior Longitudinal Ligament (OPLL).","Non-coding RNA profiling by array","Homo sapiens",3,,"TXT","ftp://ftp.ncbi.nlm.nih.gov/geo/series/GSE57nnn/GSE57592/suppl",29782494,,"Michiyo Tsuru","May 01, 2018"
GSE68464,"Transcriptome analysis of N2 and flp-6 Caenorhabditis elegans at 25 °C","Expression profiling by high throughput sequencing","Caenorhabditis elegans",2,,"XLS;SRA Run Selector","ftp://ftp.ncbi.nlm.nih.gov/geo/series/GSE68nnn/GSE68464/suppl;https://www.ncbi.nlm.nih.gov/Traces/study/?acc=PRJNA282784",27720609,SRP057881,"Chun-Liang Pan","May 01, 2018"
GSE68678,"Transcriptome of mouse epithelial cells","Expression profiling by array","Mus musculus",9,,"TXT","ftp://ftp.ncbi.nlm.nih.gov/geo/series/GSE68nnn/GSE68678/suppl",,,"Ana Izcue","May 01, 2018"
GSE68689,"Gene expression from the whole blood of rheumatoid arthritis patients and normal controls.","Expression profiling by array","Homo sapiens",21,,"CEL","ftp://ftp.ncbi.nlm.nih.gov/geo/series/GSE68nnn/GSE68689/suppl",,,"Ty Thomson","May 01, 2018"
GSE68880,"Comparison of ectopic gene expression in Cdx1+/+ and Cdx1-/- thymic medullary epithelial cells","Expression profiling by array","Mus musculus",8,,"TXT","ftp://ftp.ncbi.nlm.nih.gov/geo/series/GSE68nnn/GSE68880/suppl",,,"Ana Izcue","May 01, 2018"
GSE68924,"Gene expression in healthy and lesional psoriatic dermis from human skin biopsies (laser capture microdissection): set 1","Expression profiling by array","Homo sapiens",5,,"TXT","ftp://ftp.ncbi.nlm.nih.gov/geo/series/GSE68nnn/GSE68924/suppl",,,"Denis A Mogilenko","May 01, 2018"
GSE68939,"Gene epression in healthy and lesional psoriatic dermis from human skin biopsies (laser capture microdissection): set 2","Expression profiling by array","Homo sapiens",5,,"TXT","ftp://ftp.ncbi.nlm.nih.gov/geo/series/GSE68nnn/GSE68939/suppl",,,"Denis A Mogilenko","May 01, 2018"
GSE69039,"Differences in metabolic biomarkers in the blood and gene expression profiles of peripheral blood mononuclear cells among normal weight, mildly obese, and moderately obese subjects","Expression profiling by array","Homo sapiens",18,,"TXT","ftp://ftp.ncbi.nlm.nih.gov/geo/series/GSE69nnn/GSE69039/suppl",27501771,,"Un Ju Jung","May 01, 2018"
GSE71243,"Transcriptome of mouse thymic and thyroid epithelial cells","Expression profiling by array","Mus musculus",6,,"TXT","ftp://ftp.ncbi.nlm.nih.gov/geo/series/GSE71nnn/GSE71243/suppl",,,"Ana Izcue","May 01, 2018"
GSE71967,"Transcriptional profiling to compare genes induced by CYTL1 to genes triggered by VEGF-A under normoxic and hypoxic conditions","Expression profiling by array","Homo sapiens",30,,"CEL","ftp://ftp.ncbi.nlm.nih.gov/geo/series/GSE71nnn/GSE71967/suppl",,,"Markus Jeitler","May 01, 2018"
GSE81146,"Gene expression signatures for B cells from tumor draining lymph node and normal lymph node","Expression profiling by array","Mus musculus",2,,"CEL","ftp://ftp.ncbi.nlm.nih.gov/geo/series/GSE81nnn/GSE81146/suppl",,,"Liu Yanfang","May 01, 2018"
GSE85031,"Genome-wide maps of H3 and H2A.Z RITE ChIP-sequencing","Genome binding/occupancy profiling by high throughput sequencing","Saccharomyces cerevisiae",6,,"TXT;SRA Run Selector","ftp://ftp.ncbi.nlm.nih.gov/geo/series/GSE85nnn/GSE85031/suppl;https://www.ncbi.nlm.nih.gov/Traces/study/?acc=PRJNA336001",,SRP080741,"Tessy Korthout","May 01, 2018"
GSE86488,"UTX-mediated chromatin remodeling suppresses myeloid leukaemogenesis through non-catalytic inverse regulation of ETS and GATA transcriptional programs (ChIP-Seq)","Genome binding/occupancy profiling by high throughput sequencing","Mus musculus",14,,"BED;BW;SRA Run Selector","ftp://ftp.ncbi.nlm.nih.gov/geo/series/GSE86nnn/GSE86488/suppl;https://www.ncbi.nlm.nih.gov/Traces/study/?acc=PRJNA342033",29736013,SRP086849,"Brian Huntly","May 01, 2018"
GSE86489,"UTX-mediated chromatin remodeling suppresses myeloid leukaemogenesis through non-catalytic inverse regulation of ETS and GATA transcriptional programs (ATAC-Seq)","Genome binding/occupancy profiling by high throughput sequencing","Mus musculus",6,,"BED;BW;SRA Run Selector","ftp://ftp.ncbi.nlm.nih.gov/geo/series/GSE86nnn/GSE86489/suppl;https://www.ncbi.nlm.nih.gov/Traces/study/?acc=PRJNA342032",29736013,SRP086850,"Brian Huntly","May 01, 2018"
GSE86490,"UTX-mediated enhancer and chromatin remodeling suppresses myeloid leukemogenesis through noncatalytic inverse regulation of ETS and GATA programs","Genome binding/occupancy profiling by high throughput sequencing","Mus musculus",20,,"BED;BW","ftp://ftp.ncbi.nlm.nih.gov/geo/series/GSE86nnn/GSE86490/suppl",29736013,,"Brian Huntly","May 01, 2018"
GSE87767,"mRNA cap methyltransferase, RNMT-RAM, promotes RNA pol II transcription","Expression profiling by high throughput sequencing;Genome binding/occupancy profiling by high throughput sequencing;Other","Homo sapiens",20,,"BIGWIG;CSV;SRA Run Selector","ftp://ftp.ncbi.nlm.nih.gov/geo/series/GSE87nnn/GSE87767/suppl;https://www.ncbi.nlm.nih.gov/Traces/study/?acc=PRJNA347477",29719263,SRP091113,"Dhaval Varshney","May 01, 2018"
GSE92336,"Direct reprogramming of mouse fibroblasts into functional skeletal muscle progenitors","Expression profiling by array","Mus musculus",5,,"CEL","ftp://ftp.ncbi.nlm.nih.gov/geo/series/GSE92nnn/GSE92336/suppl",29742392,,"Ori Bar-Nur","May 01, 2018"
GSE93197,"What happens to Prochlorococcus when the sun does not come up?","Expression profiling by high throughput sequencing","Alteromonas macleodii;Prochlorococcus marinus str. NATL2A",113,,"TXT;SRA Run Selector","ftp://ftp.ncbi.nlm.nih.gov/geo/series/GSE93nnn/GSE93197/suppl;https://www.ncbi.nlm.nih.gov/Traces/study/?acc=PRJNA360281",29854954,SRP096122,"Steven Biller","May 01, 2018"
GSE93687,"Gene expression data from kidney of systemic Iah1-knockout mouse","Expression profiling by array","Mus musculus",2,,"CEL;CHP","ftp://ftp.ncbi.nlm.nih.gov/geo/series/GSE93nnn/GSE93687/suppl",,,"Misato Kobayashi","May 01, 2018"
GSE93688,"Gene expression data from liver of systemic Iah1-knockout mouse","Expression profiling by array","Mus musculus",2,,"CEL;CHP","ftp://ftp.ncbi.nlm.nih.gov/geo/series/GSE93nnn/GSE93688/suppl",,,"Misato Kobayashi","May 01, 2018"
GSE93689,"Gene expression data from kidney and liver of systemic Iah1-knockout mouse","Expression profiling by array","Mus musculus",4,,"CEL;CHP","ftp://ftp.ncbi.nlm.nih.gov/geo/series/GSE93nnn/GSE93689/suppl",,,"Misato Kobayashi","May 01, 2018"
GSE94113,"Genome-wide mapping of the RNA targets of the Pseudomonas aeruginosa riboregulatory protein RsmN","Expression profiling by high throughput sequencing;Other","Pseudomonas aeruginosa",10,,"TXT;WIG;SRA Run Selector","ftp://ftp.ncbi.nlm.nih.gov/geo/series/GSE94nnn/GSE94113/suppl;https://www.ncbi.nlm.nih.gov/Traces/study/?acc=PRJNA368955",,SRP097886,"Stephan Heeb","May 01, 2018"
GSE94449,"CTCF Regulates Chromatin Looping and Lineage-specific Gene Expression during Mouse Embryonic Stem Cell Differentiation","Other","Mus musculus",8,,"HIC;SRA Run Selector","ftp://ftp.ncbi.nlm.nih.gov/geo/series/GSE94nnn/GSE94449/suppl;https://www.ncbi.nlm.nih.gov/Traces/study/?acc=PRJNA369744",,SRP098785,"Bing Ren","May 01, 2018"
GSE94450,"CTCF Regulates Chromatin Looping and Lineage-specific Gene Expression during Mouse Embryonic Stem Cell Differentiation","Genome binding/occupancy profiling by high throughput sequencing","Mus musculus",64,,"BW;SRA Run Selector","ftp://ftp.ncbi.nlm.nih.gov/geo/series/GSE94nnn/GSE94450/suppl;https://www.ncbi.nlm.nih.gov/Traces/study/?acc=PRJNA369745",,SRP098786,"Bing Ren","May 01, 2018"
GSE94451,"CTCF Regulates Chromatin Looping and Lineage-specific Gene Expression during Mouse Embryonic Stem Cell Differentiation","Expression profiling by high throughput sequencing","Mus musculus",8,,"TSV;SRA Run Selector","ftp://ftp.ncbi.nlm.nih.gov/geo/series/GSE94nnn/GSE94451/suppl;https://www.ncbi.nlm.nih.gov/Traces/study/?acc=PRJNA369746",,SRP098788,"Bing Ren","May 01, 2018"
GSE94452,"CTCF Regulates Chromatin Looping and Lineage-specific Gene Expression during Mouse Embryonic Stem Cell Differentiation","Other;Genome binding/occupancy profiling by high throughput sequencing;Expression profiling by high throughput sequencing","Mus musculus",80,,"BW;HIC;TSV","ftp://ftp.ncbi.nlm.nih.gov/geo/series/GSE94nnn/GSE94452/suppl",,,"Bing Ren","May 01, 2018"
GSE94505,"Agonistic Activation of LRH-1/NR5A2 To Treat Type 1 Diabetes Mellitus","Expression profiling by array","Mus musculus",12,,"CEL","ftp://ftp.ncbi.nlm.nih.gov/geo/series/GSE94nnn/GSE94505/suppl",29662071,,"Benoit Raymond Gauthier","May 01, 2018"
GSE97302,"SPT6 interacts with NSD2 and facilitates interferon-stimulated transcription","Expression profiling by high throughput sequencing","Mus musculus",6,,"TXT;SRA Run Selector","ftp://ftp.ncbi.nlm.nih.gov/geo/series/GSE97nnn/GSE97302/suppl;https://www.ncbi.nlm.nih.gov/Traces/study/?acc=PRJNA381227",29683485,SRP102847,"Razvan V. Chereji","May 01, 2018"
GSE97697,"RNA seq analysis of pathogen-induced transcriptome changes in tomato plants overexpressing the Arabidopsis ELP4 gene","Expression profiling by high throughput sequencing","Solanum lycopersicum",6,,"TXT;SRA Run Selector","ftp://ftp.ncbi.nlm.nih.gov/geo/series/GSE97nnn/GSE97697/suppl;https://www.ncbi.nlm.nih.gov/Traces/study/?acc=PRJNA382680",,SRP103835,"FAHONG YU","May 01, 2018"
GSE97727,"HIV-1 perturbs homeostatic ILCs, unmasks ILC1 plasticity, and boosts TCF7+ memory NK cells","Expression profiling by high throughput sequencing","Homo sapiens",8,,"TXT;SRA Run Selector","ftp://ftp.ncbi.nlm.nih.gov/geo/series/GSE97nnn/GSE97727/suppl;https://www.ncbi.nlm.nih.gov/Traces/study/?acc=PRJNA382743",,SRP103856,"Alan G Derr","May 01, 2018"
GSE97756,"Microbial community analyses of two 1,4-dioxane degrading consortia enriched from uncontaminated soils [16s rRNA]","Other","1,4-dioxane-degrading enrichment culture",4,,"XLSX;SRA Run Selector","ftp://ftp.ncbi.nlm.nih.gov/geo/series/GSE97nnn/GSE97756/suppl;https://www.ncbi.nlm.nih.gov/Traces/study/?acc=PRJNA382825",28984418,SRP103870,"Ya He","May 01, 2018"
GSE97757,"SDIMO gene analysis of two 1,4-dioxane degrading consortia enriched from uncontaminated soils","Other","1,4-dioxane-degrading enrichment culture",4,,"XLSX;SRA Run Selector","ftp://ftp.ncbi.nlm.nih.gov/geo/series/GSE97nnn/GSE97757/suppl;https://www.ncbi.nlm.nih.gov/Traces/study/?acc=PRJNA382826",28984418,SRP103872,"Ya He","May 01, 2018"
GSE97758,"Microbial community and SDIMO analyses of two 1,4-dioxane degrading consortia","Other","1,4-dioxane-degrading enrichment culture",8,,"XLSX","ftp://ftp.ncbi.nlm.nih.gov/geo/series/GSE97nnn/GSE97758/suppl",28984418,,"Ya He","May 01, 2018"
GSE97985,"Cooperative Targets of Combined mTOR/HDAC Inhibition Promote MYC Degradation","Expression profiling by array","Homo sapiens",17,,"CEL","ftp://ftp.ncbi.nlm.nih.gov/geo/series/GSE97nnn/GSE97985/suppl",28522584,,"Aleksandra M Michalowski","May 01, 2018"
GSE98119,"The energetics and physiological impact of cohesin extrusion","Other;Genome binding/occupancy profiling by high throughput sequencing;Expression profiling by high throughput sequencing","Homo sapiens;Mus musculus",352,,"BED;BEDGRAPH;BW;HIC;NARROWPEAK;TXT;SRA Run Selector","ftp://ftp.ncbi.nlm.nih.gov/geo/series/GSE98nnn/GSE98119/suppl;https://www.ncbi.nlm.nih.gov/Traces/study/?acc=PRJNA384026",29706548,SRP105082,"Seolkyoung Jung","May 01, 2018"
GSE98332,"Murine ES Cells: wild-type (WT) vs. Mto1 knockout (KO)","Expression profiling by array","Mus musculus",1,,"TXT","ftp://ftp.ncbi.nlm.nih.gov/geo/series/GSE98nnn/GSE98332/suppl",,,"Satoshi Kondo","May 01, 2018"
GSE98439,"Loss of the Melanocortin 4 Receptor in mice causes dilated cardiomyopathy.","Expression profiling by high throughput sequencing","Mus musculus",10,,"TXT;SRA Run Selector","ftp://ftp.ncbi.nlm.nih.gov/geo/series/GSE98nnn/GSE98439/suppl;https://www.ncbi.nlm.nih.gov/Traces/study/?acc=PRJNA385096",,SRP106036,"Michael Litt","May 01, 2018"
GSE98490,"Identification of GRF9 early responding genes using an estradiol-inducible overexpression (XVE) system.","Expression profiling by array","Arabidopsis thaliana",6,,"CEL","ftp://ftp.ncbi.nlm.nih.gov/geo/series/GSE98nnn/GSE98490/suppl",29985961,,"Salma Balazadeh","May 01, 2018"
GSE98506,"Analysis of LPS-stimulated WT and Tnip2[D310N] bone marrow-derived macrophages","Expression profiling by high throughput sequencing","Mus musculus",36,,"TXT;SRA Run Selector","ftp://ftp.ncbi.nlm.nih.gov/geo/series/GSE98nnn/GSE98506/suppl;https://www.ncbi.nlm.nih.gov/Traces/study/?acc=PRJNA385311",,SRP106340,"Steve Ley","May 01, 2018"
GSE98508,"Next Generation Sequencing Analysis of control and siSRSF1 treated RKO cell Transcriptomes","Expression profiling by high throughput sequencing","Homo sapiens",2,,"XLS;SRA Run Selector","ftp://ftp.ncbi.nlm.nih.gov/geo/series/GSE98nnn/GSE98508/suppl;https://www.ncbi.nlm.nih.gov/Traces/study/?acc=PRJNA385313",,SRP106341,"Linlin Chen","May 01, 2018"
GSE98512,"Antagonistic interactive effects of CO2 and nitrogen on microbial community enhance the persistence of soil C storage","Other","Archaea;Bacteria;Eukaryota;Viruses;soil metagenome",296,,"TXT","ftp://ftp.ncbi.nlm.nih.gov/geo/series/GSE98nnn/GSE98512/suppl",,,"Qun Gao","May 01, 2018"
GSE98588,"Genetically-defined Diffuse Large B-cell Lymphoma Subsets Arise by Distinct Pathogenetic Mechanisms and Predicts Outcome","Expression profiling by array","Homo sapiens",137,,"CEL","ftp://ftp.ncbi.nlm.nih.gov/geo/series/GSE98nnn/GSE98588/suppl",29713087,,"Björn Chapuy","May 01, 2018"
GSE98642,"EZH2 regulates neuroblastoma cell differentiation via NTRK1 promoter epigenetic modifications","Expression profiling by array","Homo sapiens",18,,"TXT","ftp://ftp.ncbi.nlm.nih.gov/geo/series/GSE98nnn/GSE98642/suppl",29507419,,"Hisanori Takenobu","May 01, 2018"
GSE98676,"Simultaneous Downregulation of MTHFR and COMT in Switchgrass Affects Plant Performance and Induces Lesion-mimic Cell Death","Expression profiling by array","Panicum virgatum",13,,"CEL","ftp://ftp.ncbi.nlm.nih.gov/geo/series/GSE98nnn/GSE98676/suppl",28676804,,"Kiran Mysore","May 01, 2018"
GSE98733,"Glutaminolysis fuels de novo glutathione synthesis, regulates redox homeostasis and directs T cell differentiation","Expression profiling by array","Mus musculus",6,,"CEL","ftp://ftp.ncbi.nlm.nih.gov/geo/series/GSE98nnn/GSE98733/suppl",29445162,,"JUN YANG","May 01, 2018"
GSE98763,"Genetic interrogation of STAT6-mediated macrophage polarization to tumorigenesis in a sterile, penetrant, autochthonous cancer model","Expression profiling by array","Mus musculus",4,,"CEL","ftp://ftp.ncbi.nlm.nih.gov/geo/series/GSE98nnn/GSE98763/suppl",,,"David Finkelstein","May 01, 2018"
GSE98836,"EWSR1 influences alternative splicing through direct and indirect mechanisms","Expression profiling by high throughput sequencing","Homo sapiens",9,,"BED;TXT;SRA Run Selector","ftp://ftp.ncbi.nlm.nih.gov/geo/series/GSE98nnn/GSE98836/suppl;https://www.ncbi.nlm.nih.gov/Traces/study/?acc=PRJNA386334",,SRP106906,"Marcus Breese","May 01, 2018"
GSE98921,"Simultaneous methylation-level assessment of hundreds of CpG sites by targeted bisulfite PCR sequencing (TBPseq)","Methylation profiling by high throughput sequencing","Homo sapiens",96,,"XLSX;SRA Run Selector","ftp://ftp.ncbi.nlm.nih.gov/geo/series/GSE98nnn/GSE98921/suppl;https://www.ncbi.nlm.nih.gov/Traces/study/?acc=PRJNA386890",,SRP107225,"Kyuheum Jeon","May 01, 2018"
GSE99184,"What the human sperm methylome tells us","Methylation profiling by genome tiling array","Homo sapiens",19,,"TXT","ftp://ftp.ncbi.nlm.nih.gov/geo/series/GSE99nnn/GSE99184/suppl",,,"Riccardo Aiese Cigliano","May 01, 2018"
GSE99276,"Divergent Mechanisms of Oncogenic B Cell Receptor Signaling in Lymphoma","Expression profiling by array","Homo sapiens",8,,"TXT","ftp://ftp.ncbi.nlm.nih.gov/geo/series/GSE99nnn/GSE99276/suppl",29925955,,"Louis M. Staudt","May 01, 2018"
GSE99803,"RNAseq skeletal muscle FUNDC1-mKO mice","Expression profiling by high throughput sequencing","Mus musculus",4,,"FPKM_TRACKING;XLSX;SRA Run Selector","ftp://ftp.ncbi.nlm.nih.gov/geo/series/GSE99nnn/GSE99803/suppl;https://www.ncbi.nlm.nih.gov/Traces/study/?acc=PRJNA389697",29719250,SRP108834,"Zhenji Gan","May 01, 2018"
GSE100043,"Expression data from B6 mouse miR-142 KO and WT dendritic cells (DCs)","Expression profiling by array","Mus musculus",12,,"CEL","ftp://ftp.ncbi.nlm.nih.gov/geo/series/GSE100nnn/GSE100043/suppl",,,"yaping sun","May 01, 2018"
GSE100269,"LEC-induced gene expression changes in melanoma cells","Expression profiling by high throughput sequencing","Homo sapiens",48,,"TXT;SRA Run Selector","ftp://ftp.ncbi.nlm.nih.gov/geo/series/GSE100nnn/GSE100269/suppl;https://www.ncbi.nlm.nih.gov/Traces/study/?acc=PRJNA391183",29712618,SRP109838,"Paivi Marjut Ojala","May 01, 2018"
GSE101054,"Effect of in vitro embryo culture and embryo transfer on expression of toll-like receptors (TLR) in fetal lung tissue in mice","Expression profiling by array","Mus musculus",27,,"IDAT;TXT","ftp://ftp.ncbi.nlm.nih.gov/geo/series/GSE101nnn/GSE101054/suppl",,,"Bengi CINAR KUL","May 01, 2018"
GSE101307,"UTX-mediated enhancer and chromatin remodeling suppresses myeloid leukemogenesis through noncatalytic inverse regulation of ETS and GATA programs","Genome binding/occupancy profiling by high throughput sequencing","Mus musculus",24,,"BED;BW;SRA Run Selector","ftp://ftp.ncbi.nlm.nih.gov/geo/series/GSE101nnn/GSE101307/suppl;https://www.ncbi.nlm.nih.gov/Traces/study/?acc=PRJNA393986",29736013,SRP111703,"Brian Huntly","May 01, 2018"
GSE101540,"RNA-seq of cancer cell lines treated with T-025","Expression profiling by high throughput sequencing","Homo sapiens",16,,"TXT;SRA Run Selector","ftp://ftp.ncbi.nlm.nih.gov/geo/series/GSE101nnn/GSE101540/suppl;https://www.ncbi.nlm.nih.gov/Traces/study/?acc=PRJNA394754",29769258,SRP112607,"Kenichi Iwai","May 01, 2018"
GSE101541,"RNA-seq of MYC-inducible SK-MEL-28 cells","Expression profiling by high throughput sequencing","Homo sapiens",4,,"TXT;SRA Run Selector","ftp://ftp.ncbi.nlm.nih.gov/geo/series/GSE101nnn/GSE101541/suppl;https://www.ncbi.nlm.nih.gov/Traces/study/?acc=PRJNA394756",29769258,SRP112608,"Kenichi Iwai","May 01, 2018"
GSE102187,"Transcriptional Modulation of Human Endogenous Retroviruses in Primary CD4+ T Cells Following Vorinostat Treatment","Expression profiling by high throughput sequencing","Homo sapiens",8,,"CSV;FA;TXT;SRA Run Selector","ftp://ftp.ncbi.nlm.nih.gov/geo/series/GSE102nnn/GSE102187/suppl;https://www.ncbi.nlm.nih.gov/Traces/study/?acc=PRJNA396949",,SRP114710,"Cory Haley White","May 01, 2018"
GSE102368,"RNA-seq of MMTV-Neu AXL KO tumors","Expression profiling by high throughput sequencing","Mus musculus",4,,"TXT;XLSX;SRA Run Selector","ftp://ftp.ncbi.nlm.nih.gov/geo/series/GSE102nnn/GSE102368/suppl;https://www.ncbi.nlm.nih.gov/Traces/study/?acc=PRJNA397625",29719259,SRP115117,"Marie-Anne Goyette","May 01, 2018"
GSE102369,"RNA-seq of MMTV-Neu AXL KO tumor grafts in FVB","Expression profiling by high throughput sequencing","Mus musculus",6,,"TXT;SRA Run Selector","ftp://ftp.ncbi.nlm.nih.gov/geo/series/GSE102nnn/GSE102369/suppl;https://www.ncbi.nlm.nih.gov/Traces/study/?acc=PRJNA397626",29719259,SRP115120,"Marie-Anne Goyette","May 01, 2018"
GSE102370,"The Receptor Tyrosine Kinase AXL is Required at Multiple Steps of the Metastatic Cascade during HER2-positive Breast Cancer Progression","Expression profiling by high throughput sequencing","Mus musculus",10,,"TXT","ftp://ftp.ncbi.nlm.nih.gov/geo/series/GSE102nnn/GSE102370/suppl",29719259,,"Marie-Anne Goyette","May 01, 2018"
GSE102435,"Higher plane of nutrition pre-weaning enhances Holstein calf mammary gland development through alterations in the parenchyma and fat pad transcriptome","Expression profiling by high throughput sequencing","Bos taurus",22,,"TAB;SRA Run Selector","ftp://ftp.ncbi.nlm.nih.gov/geo/series/GSE102nnn/GSE102435/suppl;https://www.ncbi.nlm.nih.gov/Traces/study/?acc=PRJNA397734",30537932,SRP115123,"Mario Pietro Emilio Vailati Riboni","May 01, 2018"
GSE102647,"The evolution of single cell-derived colorectal cancer cell lines is dominated by the continued selection of tumor specific genomic imbalances, despite random chromosomal instability","Expression profiling by array","Homo sapiens",24,,"RCC","ftp://ftp.ncbi.nlm.nih.gov/geo/series/GSE102nnn/GSE102647/suppl",,,"Darawalee Wangsa","May 01, 2018"
GSE102963,"The E3 ubiquitin ligase Siah1 regulates adrenal gland organization and hyperaldosteronism","Expression profiling by high throughput sequencing","Mus musculus",8,,"TXT;SRA Run Selector","ftp://ftp.ncbi.nlm.nih.gov/geo/series/GSE102nnn/GSE102963/suppl;https://www.ncbi.nlm.nih.gov/Traces/study/?acc=PRJNA399641",29212953,SRP115984,"Jian-Liang Li","May 01, 2018"
GSE103325,"Toll-Like Receptor 7 Agonist GS-9620 Induces Prolonged Inhibition of HBV in Human Hepatocytes via a Type I Interferon-Dependent Mechanism","Expression profiling by high throughput sequencing","Homo sapiens",48,,"TXT;SRA Run Selector","ftp://ftp.ncbi.nlm.nih.gov/geo/series/GSE103nnn/GSE103325/suppl;https://www.ncbi.nlm.nih.gov/Traces/study/?acc=PRJNA401705",,SRP131322,"Li Li","May 01, 2018"
GSE103457,"Quantitative Analysis of Wildtype and Neurog2CKO Heterozygote and Mutant Retinal Transcriptomes by RNA Sequencing","Expression profiling by high throughput sequencing","Mus musculus",15,,"XLSX;SRA Run Selector","ftp://ftp.ncbi.nlm.nih.gov/geo/series/GSE103nnn/GSE103457/suppl;https://www.ncbi.nlm.nih.gov/Traces/study/?acc=PRJNA401745",30048641,SRP117060,"Nadean Brown","May 01, 2018"
GSE104192,"Expression profiling from mouse embryonic stem cells (ESCs)","Expression profiling by array","Mus musculus",2,,"CEL;CHP","ftp://ftp.ncbi.nlm.nih.gov/geo/series/GSE104nnn/GSE104192/suppl",29733394,,"Qianshu Zhu","May 01, 2018"
GSE104322,"LRH-1/NR5A2 induces M1 to M2 macrophage phenotypic switch","Expression profiling by array","Mus musculus",12,,"CEL","ftp://ftp.ncbi.nlm.nih.gov/geo/series/GSE104nnn/GSE104322/suppl",29662071,,"Benoit Raymond Gauthier","May 01, 2018"
GSE104328,"LRH-1/NR5A2 for the treatment of autoimmune diseases","Expression profiling by array","Mus musculus",24,,"CEL","ftp://ftp.ncbi.nlm.nih.gov/geo/series/GSE104nnn/GSE104328/suppl",29662071,,"Benoit Raymond Gauthier","May 01, 2018"
GSE104602,"RNA-seq analysis of apoptotic HCT116 cells shows widespread mRNA decay and limited noncoding RNA decay.","Expression profiling by high throughput sequencing","Homo sapiens",4,,"CSV;SRA Run Selector","ftp://ftp.ncbi.nlm.nih.gov/geo/series/GSE104nnn/GSE104602/suppl;https://www.ncbi.nlm.nih.gov/Traces/study/?acc=PRJNA413195",,SRP119428,"Rui Fu","May 01, 2018"
GSE104828,"TET2 regulates osteoclast differentiation by interacting with RUNX1 and maintaining genomic 5-hydroxymethylcytosine","Expression profiling by high throughput sequencing;Methylation profiling by high throughput sequencing","Mus musculus",9,,"CSV;SRA Run Selector","ftp://ftp.ncbi.nlm.nih.gov/geo/series/GSE104nnn/GSE104828/suppl;https://www.ncbi.nlm.nih.gov/Traces/study/?acc=PRJNA413945",,SRP119769,"David Wayne Sant","May 01, 2018"
GSE104882,"Diet-Induced Obesity Leads to Infarct Expansion, increased neuroinflammation, and Worsened Outcomes after Stroke","Expression profiling by high throughput sequencing","Mus musculus",26,,"TXT;SRA Run Selector","ftp://ftp.ncbi.nlm.nih.gov/geo/series/GSE104nnn/GSE104882/suppl;https://www.ncbi.nlm.nih.gov/Traces/study/?acc=PRJNA414079",,SRP119845,"Brian D Piening","May 01, 2018"
GSE105162,"Suppression of regulatory T cells by autoreactive CD8+ T effector cells in rheumatoid arthritis","Other","Homo sapiens",26,,"RCC","ftp://ftp.ncbi.nlm.nih.gov/geo/series/GSE105nnn/GSE105162/suppl",,,"domenico raimondo","May 01, 2018"
GSE106159,"Next Generation Sequencing Facilitates Quantitative Analysis of Wild Type and TWIST1 knock out U87 xenograft mice transcriptomes","Expression profiling by high throughput sequencing","Homo sapiens",23,,"TXT;SRA Run Selector","ftp://ftp.ncbi.nlm.nih.gov/geo/series/GSE106nnn/GSE106159/suppl;https://www.ncbi.nlm.nih.gov/Traces/study/?acc=PRJNA415793",29754406,SRP121466,"LEI HUANG","May 01, 2018"
GSE106169,"Polyol pathway links glucose metabolism to the aggressiveness of cancer cells","Expression profiling by high throughput sequencing","Homo sapiens",9,,"TXT;SRA Run Selector","ftp://ftp.ncbi.nlm.nih.gov/geo/series/GSE106nnn/GSE106169/suppl;https://www.ncbi.nlm.nih.gov/Traces/study/?acc=PRJNA415806",29343522,SRP121474,"Arif B Ekici","May 01, 2018"
GSE106390,"Next Generation Sequencing Analysis of B16F10.9 melanoma cells untreated or treated with IFN-gamma","Expression profiling by high throughput sequencing","Mus musculus",6,,"XLS;SRA Run Selector","ftp://ftp.ncbi.nlm.nih.gov/geo/series/GSE106nnn/GSE106390/suppl;https://www.ncbi.nlm.nih.gov/Traces/study/?acc=PRJNA416699",29329948;29466761,SRP123292,"Ariella Glasner","May 01, 2018"
GSE106455,"Spontaneous Tfh cells in lupus mice vs B6/J","Expression profiling by array","Mus musculus",8,,"CEL;CSV","ftp://ftp.ncbi.nlm.nih.gov/geo/series/GSE106nnn/GSE106455/suppl",30348969,,"Laurence Morel","May 01, 2018"
GSE106599,"Gene expression profiling of miR-183/96 knock out mouse cochlea","Expression profiling by array","Mus musculus",8,,"CEL;CHP","ftp://ftp.ncbi.nlm.nih.gov/geo/series/GSE106nnn/GSE106599/suppl",,,"Michael Ebeid","May 01, 2018"
GSE107362,"Phenotypic and genotypic relationships between meat quality characteristics and expression of target genes associated with broiler meat quality defects","Expression profiling by array","Gallus gallus",40,,"TXT","ftp://ftp.ncbi.nlm.nih.gov/geo/series/GSE107nnn/GSE107362/suppl",,,"Yuwares Malila","May 01, 2018"
GSE107496,"Comprehensive analysis of hippocampal miRNAomes in humans and mice.","Non-coding RNA profiling by high throughput sequencing","Homo sapiens;Mus musculus",14,,"TXT;SRA Run Selector","ftp://ftp.ncbi.nlm.nih.gov/geo/series/GSE107nnn/GSE107496/suppl;https://www.ncbi.nlm.nih.gov/Traces/study/?acc=PRJNA420374",29979109,SRP125834,"Wei Chen","May 01, 2018"
GSE107687,"Next Generation Sequencing of  skin from wild-type and ADAM17 cKO (Sox9-Cre x ADAM17fl/fl) mice","Expression profiling by high throughput sequencing","Mus musculus",12,,"TXT;SRA Run Selector","ftp://ftp.ncbi.nlm.nih.gov/geo/series/GSE107nnn/GSE107687/suppl;https://www.ncbi.nlm.nih.gov/Traces/study/?acc=PRJNA421028",,SRP126115,"Tetsuro Kobayashi","May 01, 2018"
GSE107728,"RTP determination in cell lines","Expression profiling by high throughput sequencing","Homo sapiens",27,,"TSV;SRA Run Selector","ftp://ftp.ncbi.nlm.nih.gov/geo/series/GSE107nnn/GSE107728/suppl;https://www.ncbi.nlm.nih.gov/Traces/study/?acc=PRJNA421198",,SRP126189,"Cheng Zhang","May 01, 2018"
GSE108352,"Cleavage Factor 25 Deregulation Contributes to Pulmonary Fibrosis through Alternative Polyadenylation","Expression profiling by high throughput sequencing","Homo sapiens",4,,"BW;SRA Run Selector","ftp://ftp.ncbi.nlm.nih.gov/geo/series/GSE108nnn/GSE108352/suppl;https://www.ncbi.nlm.nih.gov/Traces/study/?acc=PRJNA423249",,SRP127253,"Lei Li","May 01, 2018"
GSE108384,"Microarray analysis of TFEB-regulated genes in endothelial cells","Expression profiling by array","Homo sapiens",4,,"CEL;XLS","ftp://ftp.ncbi.nlm.nih.gov/geo/series/GSE108nnn/GSE108384/suppl",29467198,,"Haochen Lu","May 01, 2018"
GSE108420,"Transcriptomics analysis of guinea pig heart, fetus to adult progression","Expression profiling by high throughput sequencing","Cavia porcellus",8,,"CSV;TXT;SRA Run Selector","ftp://ftp.ncbi.nlm.nih.gov/geo/series/GSE108nnn/GSE108420/suppl;https://www.ncbi.nlm.nih.gov/Traces/study/?acc=PRJNA427224",,SRP127374,"Aurora Gomez-Duran","May 01, 2018"
GSE108543,"Direct reprogramming of mouse fibroblasts into functional skeletal muscle progenitors ","Expression profiling by high throughput sequencing","Mus musculus",6,,"BW;TXT;SRA Run Selector","ftp://ftp.ncbi.nlm.nih.gov/geo/series/GSE108nnn/GSE108543/suppl;https://www.ncbi.nlm.nih.gov/Traces/study/?acc=PRJNA427588",29742392,SRP127584,"Ori Bar-Nur","May 01, 2018"
GSE108656,"c-Myc/BMI1 axis is essential for SETDB1-mediated breast tumorigenesis","Expression profiling by array","Homo sapiens",6,,"IDAT;TXT","ftp://ftp.ncbi.nlm.nih.gov/geo/series/GSE108nnn/GSE108656/suppl",,,"Phillip H Koeffler","May 01, 2018"
GSE108697,"Development of molecular markers linked to powdery mildew resistance gene Pm4b by combining SNP discovery from transcriptome sequencing data with bulked segretant analysis (BSR-seq) in wheat","Genome variation profiling by high throughput sequencing","Triticum aestivum",2,,"FA;SRA Run Selector","ftp://ftp.ncbi.nlm.nih.gov/geo/series/GSE108nnn/GSE108697/suppl;https://www.ncbi.nlm.nih.gov/Traces/study/?acc=PRJNA428316",,SRP127955,"pei pei WU","May 01, 2018"
GSE108874,"Evaluation of gene expression changes in tcs08 single and double mutants in the pneumococcal strain TIGR4","Expression profiling by array","Streptococcus pneumoniae;Streptococcus pneumoniae TIGR4",12,,"TXT;XLSX","ftp://ftp.ncbi.nlm.nih.gov/geo/series/GSE108nnn/GSE108874/suppl",29769380,,"Sven Hammerschmidt","May 01, 2018"
GSE108898,"The calmodulin-like protein, CML39, is involved in regulating seed development, germination, and fruit development in Arabidopsis","Expression profiling by high throughput sequencing","Arabidopsis thaliana",4,,"TXT;SRA Run Selector","ftp://ftp.ncbi.nlm.nih.gov/geo/series/GSE108nnn/GSE108898/suppl;https://www.ncbi.nlm.nih.gov/Traces/study/?acc=PRJNA429044",29372457,SRP128597,"Wayne A Snedden","May 01, 2018"
GSE109006,"An epigenetic mechanism for cavefish eye degeneration","Expression profiling by high throughput sequencing;Methylation profiling by high throughput sequencing","Astyanax mexicanus",6,,"TXT;SRA Run Selector","ftp://ftp.ncbi.nlm.nih.gov/geo/series/GSE109nnn/GSE109006/suppl;https://www.ncbi.nlm.nih.gov/Traces/study/?acc=PRJNA429434",,SRP128660,"Aniket Gore","May 01, 2018"
GSE109113,"Long-term correction of diabetes in mice by in vivo reprogramming of pancreatic ducts","Expression profiling by high throughput sequencing","Mus musculus",4,,"MTX;TSV;SRA Run Selector","ftp://ftp.ncbi.nlm.nih.gov/geo/series/GSE109nnn/GSE109113/suppl;https://www.ncbi.nlm.nih.gov/Traces/study/?acc=PRJNA429655",,SRP128930,"Yuhan Wang","May 01, 2018"
GSE109326,"Transcriptional changes after overexpression of proliferation drivers in human mammary epithelial cells.","Expression profiling by high throughput sequencing","Homo sapiens",12,,"TXT;SRA Run Selector","ftp://ftp.ncbi.nlm.nih.gov/geo/series/GSE109nnn/GSE109326/suppl;https://www.ncbi.nlm.nih.gov/Traces/study/?acc=PRJNA430440",29576454,SRP131095,"Teresa Davoli","May 01, 2018"
GSE109432,"Gene expression analysis of SHH-activated immortalized cranial neural crest cells (O9-1)","Expression profiling by array","Mus musculus",8,,"CEL;CHP","ftp://ftp.ncbi.nlm.nih.gov/geo/series/GSE109nnn/GSE109432/suppl",,,"Joshua L Everson","May 01, 2018"
GSE109501,"Expression data of different regions of E11.5 mouse optic cups","Expression profiling by array","Mus musculus",9,,"CEL","ftp://ftp.ncbi.nlm.nih.gov/geo/series/GSE109nnn/GSE109501/suppl",,,"SHUYI CHEN","May 01, 2018"
GSE109546,"Loss of adrenergic nerves in bone marrow drives hematopoietic stem cell niche aging","Expression profiling by high throughput sequencing","Mus musculus",9,,"XLSX;SRA Run Selector","ftp://ftp.ncbi.nlm.nih.gov/geo/series/GSE109nnn/GSE109546/suppl;https://www.ncbi.nlm.nih.gov/Traces/study/?acc=PRJNA431366",29736022,SRP131360,"Paul Frenette","May 01, 2018"
GSE109883,"Global gene expression profiling reveal distinct molecular profiles between p53-sensitive and p53-resistant T-cell lymphomas","Expression profiling by high throughput sequencing","Mus musculus",12,,"TXT;SRA Run Selector","ftp://ftp.ncbi.nlm.nih.gov/geo/series/GSE109nnn/GSE109883/suppl;https://www.ncbi.nlm.nih.gov/Traces/study/?acc=PRJNA432239",29440484,SRP131795,"Guillermina Lozano","May 01, 2018"
GSE109917,"Genome-wide identification and characterization of novel lncRNAs in Ginkgo biloba leaves","Non-coding RNA profiling by high throughput sequencing","Ginkgo biloba",1,,"FA;TXT;SRA Run Selector","ftp://ftp.ncbi.nlm.nih.gov/geo/series/GSE109nnn/GSE109917/suppl;https://www.ncbi.nlm.nih.gov/Traces/study/?acc=PRJNA432341",,SRP131866,"Biao Jin","May 01, 2018"
GSE110434,"Genome wide gene expression profiling demonstrated that mouse ESC and iPSC differentiated osteoblast progenitors resemble osteoblasts","Expression profiling by high throughput sequencing","Mus musculus",22,,"TXT;SRA Run Selector","ftp://ftp.ncbi.nlm.nih.gov/geo/series/GSE110nnn/GSE110434/suppl;https://www.ncbi.nlm.nih.gov/Traces/study/?acc=PRJNA433694",,SRP132635,"Hui Zhu","May 01, 2018"
GSE110482,"Effects of the Progesterone Receptor Antagonist Mifepristone on the Molecular Expression on Breast tissue in Premenopausal Healthy Women","Expression profiling by array","Homo sapiens",16,,"CEL","ftp://ftp.ncbi.nlm.nih.gov/geo/series/GSE110nnn/GSE110482/suppl",,,"Nageswara Rao Boggavarapu","May 01, 2018"
GSE110573,"Transcriptomic analysis of the Pseudomonas sp. AP3_22 exposed to the sodium dodecyl sulfate","Expression profiling by high throughput sequencing","Pseudomonas laurylsulfatovorans",24,,"TXT;SRA Run Selector","ftp://ftp.ncbi.nlm.nih.gov/geo/series/GSE110nnn/GSE110573/suppl;https://www.ncbi.nlm.nih.gov/Traces/study/?acc=PRJNA434001",30174655,SRP132812,"Ewa M Furmanczyk","May 01, 2018"
GSE110583,"Toxic effects and foundation of proton radiation on the early-life stage of zebrafish development","Expression profiling by array","Danio rerio",5,,"CEL","ftp://ftp.ncbi.nlm.nih.gov/geo/series/GSE110nnn/GSE110583/suppl",,,"Baoquan Zhao","May 01, 2018"
GSE110809,"Changes in corticotrope gene expression upon increased expression of peptidylglycine a-amidating monooxygenase, an evolutionarily conserved enzyme","Expression profiling by high throughput sequencing","Mus musculus",6,,"XLSX;SRA Run Selector","ftp://ftp.ncbi.nlm.nih.gov/geo/series/GSE110nnn/GSE110809/suppl;https://www.ncbi.nlm.nih.gov/Traces/study/?acc=PRJNA434597",,SRP133084,"Richard E Mains","May 01, 2018"
GSE110891,"The CRISPR/Cas system in Neisseria meningitidis affects bacterial adhesion to human nasopharyngeal epithelial cells","Expression profiling by high throughput sequencing;Other","Neisseria meningitidis 8013",8,,"WIG;SRA Run Selector","ftp://ftp.ncbi.nlm.nih.gov/geo/series/GSE110nnn/GSE110891/suppl;https://www.ncbi.nlm.nih.gov/Traces/study/?acc=PRJNA434740",30059276,SRP133180,"Lei Li","May 01, 2018"
GSE110998,"Comparison of transcriptomes of N2 and fog-2(q71) mutant Caenorhabditis elegans","Expression profiling by high throughput sequencing","Caenorhabditis elegans",12,,"XLSX;SRA Run Selector","ftp://ftp.ncbi.nlm.nih.gov/geo/series/GSE110nnn/GSE110998/suppl;https://www.ncbi.nlm.nih.gov/Traces/study/?acc=PRJNA435555",,SRP133277,"Eric S. Haag","May 01, 2018"
GSE111037,"Co-transcriptional association of Hfq and Crc with the Pseudomonas aeruginosa PAO1 genome","Genome binding/occupancy profiling by high throughput sequencing","Pseudomonas aeruginosa PAO1",20,,"BED;WIG;SRA Run Selector","ftp://ftp.ncbi.nlm.nih.gov/geo/series/GSE111nnn/GSE111037/suppl;https://www.ncbi.nlm.nih.gov/Traces/study/?acc=PRJNA428223",29719264,SRP127958,"Simon L Dove","May 01, 2018"
GSE111072,"Genome-wide maps of TBX1 state in transfected BCPAP cells","Genome binding/occupancy profiling by high throughput sequencing","Homo sapiens",2,,"WIG;SRA Run Selector","ftp://ftp.ncbi.nlm.nih.gov/geo/series/GSE111nnn/GSE111072/suppl;https://www.ncbi.nlm.nih.gov/Traces/study/?acc=PRJNA435749",,SRP133399,"wang na","May 01, 2018"
GSE111148,"Kir4.1-dependent astrocyte-fast motor neuron interactions are required for peak strength","Expression profiling by high throughput sequencing","Mus musculus",8,,"CSV;TXT;SRA Run Selector","ftp://ftp.ncbi.nlm.nih.gov/geo/series/GSE111nnn/GSE111148/suppl;https://www.ncbi.nlm.nih.gov/Traces/study/?acc=PRJNA436014",29606582,SRP133512,"Kevin William Kelley","May 01, 2018"
GSE111355,"Acute HSF1 depletion induces cellular senescence through activation of the MDM2-p53-p21 pathway in human diploid fibroblasts","Expression profiling by array","Homo sapiens",4,,"TXT","ftp://ftp.ncbi.nlm.nih.gov/geo/series/GSE111nnn/GSE111355/suppl",29632240,,"Tsukasa Oda","May 01, 2018"
GSE111443,"Expression data from Arabidopsis shoots and roots","Expression profiling by array","Arabidopsis thaliana",16,,"CEL","ftp://ftp.ncbi.nlm.nih.gov/geo/series/GSE111nnn/GSE111443/suppl",30150315,,"Scott Sinclair","May 01, 2018"
GSE111585,"LncRNA and mRNA expression of cisplatin-resistant versus parental SCC9 cells","Expression profiling by array;Non-coding RNA profiling by array","Homo sapiens",6,,"TXT","ftp://ftp.ncbi.nlm.nih.gov/geo/series/GSE111nnn/GSE111585/suppl",29699939,,"Bodu Liu","May 01, 2018"
GSE111648,"Microbial signatures in prostate cancer","Other","Homo sapiens;human metagenome",53,,"TXT;XLS","ftp://ftp.ncbi.nlm.nih.gov/geo/series/GSE111nnn/GSE111648/suppl",,,"Sagarika Banerjee","May 01, 2018"
GSE111668,"PNPase knockout results in mtDNA loss and an altered metabolic gene expression program","Expression profiling by high throughput sequencing","Mus musculus",12,,"TXT;SRA Run Selector","ftp://ftp.ncbi.nlm.nih.gov/geo/series/GSE111nnn/GSE111668/suppl;https://www.ncbi.nlm.nih.gov/Traces/study/?acc=PRJNA437833",30024931,SRP134850,"Fasih Mubtasim Ahsan","May 01, 2018"
GSE111711,"OncoScan analysis to investigate CNV in breast tumors developed by ATM mutation carriers","Genome variation profiling by SNP array","Homo sapiens",46,,"CEL;XLS","ftp://ftp.ncbi.nlm.nih.gov/geo/series/GSE111nnn/GSE111711/suppl",29665859,,"Fabienne Lesueur","May 01, 2018"
GSE111761,"Differential expression of IBD susceptibility and IL23R associated pathway genes during ongoing anti-TNF therapy (anti-TNF non-responder vs anti-TNF responder)","Expression profiling by array","Homo sapiens",6,,"TXT","ftp://ftp.ncbi.nlm.nih.gov/geo/series/GSE111nnn/GSE111761/suppl",29848778,,"Heike Schmitt","May 01, 2018"
GSE111984,"microRNA profile expression analysis of Human Induced Pluripotent Stem Cell-derived cardiomyocytes (hiPSC-CMs)","Non-coding RNA profiling by high throughput sequencing","Homo sapiens",2,,"TXT;SRA Run Selector","ftp://ftp.ncbi.nlm.nih.gov/geo/series/GSE111nnn/GSE111984/suppl;https://www.ncbi.nlm.nih.gov/Traces/study/?acc=PRJNA438878",29768213,SRP135968,"Marta Diez Cunado","May 01, 2018"
GSE112177,"A guide to single-cell transcriptomics in adult rodent brain: the medium spiny neuron transcriptome revisited","Expression profiling by high throughput sequencing","Mus musculus",80,,"TXT;SRA Run Selector","ftp://ftp.ncbi.nlm.nih.gov/geo/series/GSE112nnn/GSE112177/suppl;https://www.ncbi.nlm.nih.gov/Traces/study/?acc=PRJNA445066",29970990,SRP136208,"Thomas Portmann","May 01, 2018"
GSE112291,"Genome wide enrichment/association of Pygo2 with chromatin in unsynchronized HelaS3 cells","Genome binding/occupancy profiling by high throughput sequencing","Homo sapiens",4,,"BIGWIG;SRA Run Selector","ftp://ftp.ncbi.nlm.nih.gov/geo/series/GSE112nnn/GSE112291/suppl;https://www.ncbi.nlm.nih.gov/Traces/study/?acc=PRJNA445482",29719262,SRP136366,"Phillip Andrews","May 01, 2018"
GSE112384,"Nano-targeted double-edged induction of ferroptosis eradicates high-risk neuroblastoma","Expression profiling by array","Homo sapiens",18,,"TXT","ftp://ftp.ncbi.nlm.nih.gov/geo/series/GSE112nnn/GSE112384/suppl",29939160,,"Ken Declerck","May 01, 2018"
GSE112431,"Transcriptomic analysis of control lung alveolar type 2 cells and constitutively active-BMPR1a overexpressing alveolar type 2 cells","Expression profiling by high throughput sequencing","Mus musculus",6,,"TXT;SRA Run Selector","ftp://ftp.ncbi.nlm.nih.gov/geo/series/GSE112nnn/GSE112431/suppl;https://www.ncbi.nlm.nih.gov/Traces/study/?acc=PRJNA445984",29752282,SRP136620,"Yoshihiko Kobayashi","May 01, 2018"
GSE112550,"Setd2 regulates quiescence and differentiation of adult hematopoietic stem cells by restricting RNA polymerase II elongation","Expression profiling by high throughput sequencing","Mus musculus",4,,"TXT;SRA Run Selector","ftp://ftp.ncbi.nlm.nih.gov/geo/series/GSE112nnn/GSE112550/suppl;https://www.ncbi.nlm.nih.gov/Traces/study/?acc=PRJNA448165",29650642,SRP136828,"Gang Huang","May 01, 2018"
GSE112753,"RNA-seq on D5 C. elegans in WT(N2), alg-1(gk214), alg-2(ok304)","Expression profiling by high throughput sequencing","Caenorhabditis elegans",9,,"CSV;SRA Run Selector","ftp://ftp.ncbi.nlm.nih.gov/geo/series/GSE112nnn/GSE112753/suppl;https://www.ncbi.nlm.nih.gov/Traces/study/?acc=PRJNA448899",29927939,SRP137713,"Amy Pasquinelli","May 01, 2018"
GSE112754,"miRNAs associated with ALG-1 and ALG-2 in adult C. elegans","Non-coding RNA profiling by high throughput sequencing;Other","Caenorhabditis elegans",4,,"CSV;SRA Run Selector","ftp://ftp.ncbi.nlm.nih.gov/geo/series/GSE112nnn/GSE112754/suppl;https://www.ncbi.nlm.nih.gov/Traces/study/?acc=PRJNA448901",,SRP137714,"Amy Pasquinelli","May 01, 2018"
GSE112775,"ALG-1 and ALG-2","Expression profiling by high throughput sequencing;Non-coding RNA profiling by high throughput sequencing;Other","Caenorhabditis elegans",13,,,,,,"Amy Pasquinelli","May 01, 2018"
GSE113129,"Kinetics and fidelity of the repair of Cas9-induced double-strand DNA breaks","Other","Homo sapiens",647,,"TXT;SRA Run Selector","ftp://ftp.ncbi.nlm.nih.gov/geo/series/GSE113nnn/GSE113129/suppl;https://www.ncbi.nlm.nih.gov/Traces/study/?acc=PRJNA450382",29804829,SRP140510,"Bas van Steensel","May 01, 2018"
GSE113497,"Genome-wide maps of Nrf2 and Pol2 binding in A549 cells","Genome binding/occupancy profiling by high throughput sequencing","Homo sapiens",4,,"BW;XLSX;SRA Run Selector","ftp://ftp.ncbi.nlm.nih.gov/geo/series/GSE113nnn/GSE113497/suppl;https://www.ncbi.nlm.nih.gov/Traces/study/?acc=PRJNA451354",,SRP142109,"Yonglun Luo","May 01, 2018"
GSE113519,"Identification of Nrf2 regulated genes by RNA sequencing","Expression profiling by high throughput sequencing","Homo sapiens",6,,"CSV;TXT;SRA Run Selector","ftp://ftp.ncbi.nlm.nih.gov/geo/series/GSE113nnn/GSE113519/suppl;https://www.ncbi.nlm.nih.gov/Traces/study/?acc=PRJNA451433",,SRP142292,"Yonglun Luo","May 01, 2018"
GSE113522,"Nrf2 regulated genes in A549 cells","Expression profiling by high throughput sequencing;Genome binding/occupancy profiling by high throughput sequencing","Homo sapiens",10,,"BW","ftp://ftp.ncbi.nlm.nih.gov/geo/series/GSE113nnn/GSE113522/suppl",,,"Yonglun Luo","May 01, 2018"
GSE113622,"Gene expression and alllele inheritence in xiphophorus spontaneous melanoma in backcross BC1 interspecies animals  in Xiphophorus maculatus Skin","Expression profiling by high throughput sequencing","Xiphophorus maculatus x Xiphophorus hellerii",32,,"TXT;SRA Run Selector","ftp://ftp.ncbi.nlm.nih.gov/geo/series/GSE113nnn/GSE113622/suppl;https://www.ncbi.nlm.nih.gov/Traces/study/?acc=PRJNA453411",29316274;28345808,SRP142548,"Yuan Lu","May 01, 2018"
GSE113820,"Comparative transcriptomic profiling of peripheral efferent and afferent nerve fibres at different developmental stages in mice","Expression profiling by array","Mus musculus",24,,"TXT","ftp://ftp.ncbi.nlm.nih.gov/geo/series/GSE113nnn/GSE113820/suppl",30097601,,"hongkui wang","May 01, 2018"
GSE113828,"Expression data from rat insulinoma INS-1 cells under glucotoxic condition","Expression profiling by array","Rattus norvegicus",4,,"CEL;CHP","ftp://ftp.ncbi.nlm.nih.gov/geo/series/GSE113nnn/GSE113828/suppl",,,"Yasunori Sugiyama","May 01, 2018"
GSE113851,"Long non-coding RNA Expression Profiling in Breast Cancer (Ma-T) and in normal breast tissue (Ma-N)","Non-coding RNA profiling by array","Homo sapiens",57,,"TXT","ftp://ftp.ncbi.nlm.nih.gov/geo/series/GSE113nnn/GSE113851/suppl",29765154,,"Sven Diederichs","May 01, 2018"
GSE113860,"Gene expression analysis of parental and sulfasalazine-resistant human oral squamous carcinoma cell line OSC19","Expression profiling by array","Homo sapiens",8,,"TXT","ftp://ftp.ncbi.nlm.nih.gov/geo/series/GSE113nnn/GSE113860/suppl",,,"Shogo Okazaki","May 01, 2018"
GSE113864,"Impact of Lmo2 expression on cell lineage decision during T-cell leukemogenesis [RNA-seq]","Expression profiling by high throughput sequencing","Mus musculus",14,,"XLS;SRA Run Selector","ftp://ftp.ncbi.nlm.nih.gov/geo/series/GSE113nnn/GSE113864/suppl;https://www.ncbi.nlm.nih.gov/Traces/study/?acc=PRJNA454297",,SRP144047,"Isidro Sánchez García","May 01, 2018"
GSE113877,"Genome-wide chromatin maps in the liver from male and female Wistar rats","Genome binding/occupancy profiling by high throughput sequencing","Rattus norvegicus",16,,"WIG;SRA Run Selector","ftp://ftp.ncbi.nlm.nih.gov/geo/series/GSE113nnn/GSE113877/suppl;https://www.ncbi.nlm.nih.gov/Traces/study/?acc=PRJNA454317",29130343,SRP144084,"John Paterson Thomson","May 01, 2018"
GSE113921,"Dynamics of Telomere Rejuvenation During Chemical Induction to Pluripotent Stem Cells","Expression profiling by high throughput sequencing","Mus musculus",20,,"XLS;SRA Run Selector","ftp://ftp.ncbi.nlm.nih.gov/geo/series/GSE113nnn/GSE113921/suppl;https://www.ncbi.nlm.nih.gov/Traces/study/?acc=PRJNA454471",29861168,SRP144202,"Haifeng Fu","May 01, 2018"
GSE13758,"C4 Photosynthesis: Gene expression in mesophyll and bundle sheath cells of bundle sheath defective2 mutant","Expression profiling by array","Zea mays",24,,,,,,"Thomas P. Brutnell","Apr 30, 2018"
GSE68549,"Smoking induced expression of the GPR15 gene indicates its potential role in chronic inflammatory pathologies","Expression profiling by high throughput sequencing","Homo sapiens",48,,"TXT;SRA Run Selector","ftp://ftp.ncbi.nlm.nih.gov/geo/series/GSE68nnn/GSE68549/suppl;https://www.ncbi.nlm.nih.gov/Traces/study/?acc=PRJNA283109",26348578,SRP058006,"Sulev Koks","Apr 30, 2018"
GSE80190,"Expression data for sweet orange fruits in different development stages","Expression profiling by high throughput sequencing","Citrus sinensis",4,,"XLS;SRA Run Selector","ftp://ftp.ncbi.nlm.nih.gov/geo/series/GSE80nnn/GSE80190/suppl;https://www.ncbi.nlm.nih.gov/Traces/study/?acc=PRJNA318276",,SRP073205,"Lu Xiaopeng","Apr 30, 2018"
GSE80278,"Prediction of Peripheral neuropathy in multiple myeloma patients receiving Bortezomib and Thalidomide: A Genetic Study based on Single Nucleotide Polymorphism Array","SNP genotyping by SNP array","Homo sapiens",172,,"CEL;CHP;XLSX","ftp://ftp.ncbi.nlm.nih.gov/geo/series/GSE80nnn/GSE80278/suppl",,,"Maria Eugenia Alonso","Apr 30, 2018"
GSE80719,"Acetate and B cells","Expression profiling by array","Mus musculus",4,,"CEL;CHP","ftp://ftp.ncbi.nlm.nih.gov/geo/series/GSE80nnn/GSE80719/suppl",,,"Chang Kim","Apr 30, 2018"
GSE80829,"Gene expression profiling of melanoma cell lines by RNASeq","Expression profiling by high throughput sequencing","Homo sapiens",53,,"TXT;SRA Run Selector","ftp://ftp.ncbi.nlm.nih.gov/geo/series/GSE80nnn/GSE80829/suppl;https://www.ncbi.nlm.nih.gov/Traces/study/?acc=PRJNA320101",29657129,SRP074198,"Jennifer Tsoi","Apr 30, 2018"
GSE80980,"Whole transcriptomic analysis of AB1 tumor microenvironment 4 or 14 days after tumor inoculation","Expression profiling by array","Mus musculus",14,,"TXT","ftp://ftp.ncbi.nlm.nih.gov/geo/series/GSE80nnn/GSE80980/suppl",,,"Djamel NEHAR-BELAID","Apr 30, 2018"
GSE97186,"Response of Arabidopsis thaliana seedlings to acyl-CoAs","Expression profiling by high throughput sequencing","Arabidopsis thaliana",12,,"XLSX;SRA Run Selector","ftp://ftp.ncbi.nlm.nih.gov/geo/series/GSE97nnn/GSE97186/suppl;https://www.ncbi.nlm.nih.gov/Traces/study/?acc=PRJNA380922",,SRP102698,"Gerrit T.S. Beemster","Apr 30, 2018"
GSE97510,"Epithelial-mesenchymal transition in cancer stem cells and during metastasis of a squamous cell carcinoma","Expression profiling by array","Homo sapiens",16,,"TXT","ftp://ftp.ncbi.nlm.nih.gov/geo/series/GSE97nnn/GSE97510/suppl",,,"Gabriela Salinas-Riester","Apr 30, 2018"
GSE99728,"Genes differentially regulated by miR-489","Expression profiling by array","Homo sapiens",6,,"TXT","ftp://ftp.ncbi.nlm.nih.gov/geo/series/GSE99nnn/GSE99728/suppl",29784669,,"Hexin Chen","Apr 30, 2018"
GSE100002,"Molecular and functional sex differences of noradrenergic neurons in the mouse locus coeruleus [Affymetrix]","Other","Mus musculus",4,,"CEL","ftp://ftp.ncbi.nlm.nih.gov/geo/series/GSE100nnn/GSE100002/suppl",29791834,,"Joseph D Dougherty","Apr 30, 2018"
GSE100004,"Molecular and functional sex differences of noradrenergic neurons in the mouse locus coeruleus [Illumina]","Other","Mus musculus",30,,"TXT","ftp://ftp.ncbi.nlm.nih.gov/geo/series/GSE100nnn/GSE100004/suppl",29791834,,"Joseph D Dougherty","Apr 30, 2018"
GSE100005,"Molecular and functional sex differences of noradrenergic neurons in the mouse locus coeruleus","Other","Mus musculus",34,,"CEL","ftp://ftp.ncbi.nlm.nih.gov/geo/series/GSE100nnn/GSE100005/suppl",29791834,,"Joseph D Dougherty","Apr 30, 2018"
GSE100272,"Single-cell multi-omics sequencing of human early embryos","Methylation profiling by high throughput sequencing","Homo sapiens",288,,"BW;SRA Run Selector","ftp://ftp.ncbi.nlm.nih.gov/geo/series/GSE100nnn/GSE100272/suppl;https://www.ncbi.nlm.nih.gov/Traces/study/?acc=PRJNA391189",29915357,SRP109843,"Lin Li","Apr 30, 2018"
GSE100400,"Episomal HBV persistence within transcribed host nuclear chromatin compartments involves HBx","Expression profiling by high throughput sequencing;Genome binding/occupancy profiling by high throughput sequencing;Other","Homo sapiens;Mus musculus",31,,"BIGWIG;SRA Run Selector","ftp://ftp.ncbi.nlm.nih.gov/geo/series/GSE100nnn/GSE100400/suppl;https://www.ncbi.nlm.nih.gov/Traces/study/?acc=PRJNA391572",29933745,SRP110232,"Jan Postberg","Apr 30, 2018"
GSE100697,"Expression data from dosing an antisense oligonucleotide in mice I","Expression profiling by array","Mus musculus",8,,"CEL","ftp://ftp.ncbi.nlm.nih.gov/geo/series/GSE100nnn/GSE100697/suppl",29790953,,"Peter H Hagedorn","Apr 30, 2018"
GSE100698,"Expression data from dosing four different antisense oligonucleotides in mice II","Expression profiling by array","Mus musculus",20,,"CEL","ftp://ftp.ncbi.nlm.nih.gov/geo/series/GSE100nnn/GSE100698/suppl",29790953,,"Peter H Hagedorn","Apr 30, 2018"
GSE100699,"Expression data from dosing an antisense oligonucleotide in mice","Expression profiling by array","Mus musculus",28,,"CEL","ftp://ftp.ncbi.nlm.nih.gov/geo/series/GSE100nnn/GSE100699/suppl",29790953,,"Peter H Hagedorn","Apr 30, 2018"
GSE102199,"Expression alterations in vildagliptin treated rats arota","Expression profiling by array;Non-coding RNA profiling by array","Rattus norvegicus;synthetic construct",6,,"CEL","ftp://ftp.ncbi.nlm.nih.gov/geo/series/GSE102nnn/GSE102199/suppl",,,"Qian Zhang","Apr 30, 2018"
GSE102697,"C/EBPα overexpression overrides epigenetic reprogramming by RUNX1-ETO and RUNX1-EVI1 [ChIP-seq]","Genome binding/occupancy profiling by high throughput sequencing","Homo sapiens",16,,"WIG;SRA Run Selector","ftp://ftp.ncbi.nlm.nih.gov/geo/series/GSE102nnn/GSE102697/suppl;https://www.ncbi.nlm.nih.gov/Traces/study/?acc=PRJNA398533",,SRP115568,"Salam Adli Assi","Apr 30, 2018"
GSE102730,"C/EBPα overexpression overrides epigenetic reprogramming by RUNX1-ETO and RUNX1-EVI1 [RNA-seq]","Expression profiling by high throughput sequencing","Homo sapiens",16,,"BEDGRAPH;SRA Run Selector","ftp://ftp.ncbi.nlm.nih.gov/geo/series/GSE102nnn/GSE102730/suppl;https://www.ncbi.nlm.nih.gov/Traces/study/?acc=PRJNA398538",,SRP115569,"Salam Adli Assi","Apr 30, 2018"
GSE102742,"C/EBPα overexpression overrides epigenetic reprogramming by RUNX1-ETO and RUNX1-EVI1","Expression profiling by high throughput sequencing;Genome binding/occupancy profiling by high throughput sequencing","Homo sapiens",32,,"BEDGRAPH;WIG","ftp://ftp.ncbi.nlm.nih.gov/geo/series/GSE102nnn/GSE102742/suppl",,,"Salam Adli Assi","Apr 30, 2018"
GSE103050,"Examination of tumor samples obtained after laparoscopic supracervical hysterectomy and a derivative leiomyosarcoma","Genome variation profiling by SNP array;Expression profiling by array","Homo sapiens",10,,"CEL;CHP;OSCHP","ftp://ftp.ncbi.nlm.nih.gov/geo/series/GSE103nnn/GSE103050/suppl",29963223,,"Carsten Holzmann","Apr 30, 2018"
GSE103846,"Transcriptome analysis of human embryonic stem cells (hESCs) upon siRNA-mediated knockdown of hESC-essential genes","Expression profiling by high throughput sequencing","Homo sapiens",16,,"CSV;SRA Run Selector","ftp://ftp.ncbi.nlm.nih.gov/geo/series/GSE103nnn/GSE103846/suppl;https://www.ncbi.nlm.nih.gov/Traces/study/?acc=PRJNA407255",29662178,SRP117644,"Mordecai Peretz","Apr 30, 2018"
GSE103947,"Fusion partner directed chromatin occupancy drives the transcriptome heterogeneity of MLL-fusion acute lymphoblastic leukemia","Genome binding/occupancy profiling by high throughput sequencing","Homo sapiens",1,,"BW;SRA Run Selector","ftp://ftp.ncbi.nlm.nih.gov/geo/series/GSE103nnn/GSE103947/suppl;https://www.ncbi.nlm.nih.gov/Traces/study/?acc=PRJNA407757",,SRP117904,"Salam Adli Assi","Apr 30, 2018"
GSE104551,"RNA-Seq Analysis of Dose-Dependent TCDD-Elicited Femoral Gene Expression in Male Mice","Expression profiling by high throughput sequencing","Mus musculus",27,,"TXT;SRA Run Selector","ftp://ftp.ncbi.nlm.nih.gov/geo/series/GSE104nnn/GSE104551/suppl;https://www.ncbi.nlm.nih.gov/Traces/study/?acc=PRJNA413034",29673856,SRP119321,"Timothy Zacharewski","Apr 30, 2018"
GSE104889,"PFNF54-Pfs16-GFP-LUC gametocyte time course from commitment to maturity","Expression profiling by array","Plasmodium falciparum",16,,"TXT","ftp://ftp.ncbi.nlm.nih.gov/geo/series/GSE104nnn/GSE104889/suppl",,,"LynMarie Birkholtz","Apr 30, 2018"
GSE105082,"RNA G-quadruplexes mark repressive upstream open reading frames in human mRNAs","Expression profiling by high throughput sequencing;Other","Homo sapiens",24,,"BW;TXT;SRA Run Selector","ftp://ftp.ncbi.nlm.nih.gov/geo/series/GSE105nnn/GSE105082/suppl;https://www.ncbi.nlm.nih.gov/Traces/study/?acc=PRJNA414611",30591072,SRP120157,"Giovanni Marsico","Apr 30, 2018"
GSE105432,"Whole-genome transcriptomic analysis of the cell fate switch induced by Notch activation in mouse mammary cells","Expression profiling by high throughput sequencing","Mus musculus",6,,"TXT;SRA Run Selector","ftp://ftp.ncbi.nlm.nih.gov/geo/series/GSE105nnn/GSE105432/suppl;https://www.ncbi.nlm.nih.gov/Traces/study/?acc=PRJNA415170",29784917,SRP120603,"Silvia Fre","Apr 30, 2018"
GSE106476,"RG/RGG boxes are common binding motifs in RNA-G-quadruplex-interacting proteins","Expression profiling by high throughput sequencing","Homo sapiens",18,,"BED;BEDGRAPH;FA;TXT;SRA Run Selector","ftp://ftp.ncbi.nlm.nih.gov/geo/series/GSE106nnn/GSE106476/suppl;https://www.ncbi.nlm.nih.gov/Traces/study/?acc=PRJNA417119",,SRP123630,"Giovanni Marsico","Apr 30, 2018"
GSE107962,"MicroRNAs into body fluids from ten organs of mice exposed to cigarette smoke","Non-coding RNA profiling by array","Homo sapiens;Mus musculus;Rattus norvegicus",52,,"TXT","ftp://ftp.ncbi.nlm.nih.gov/geo/series/GSE107nnn/GSE107962/suppl",,,"Alberto Izzotti","Apr 30, 2018"
GSE107965,"Transcriptome analysis of human embryonic stem cells (hESCs) and human fibroblasts upon rapamycin","Expression profiling by high throughput sequencing","Homo sapiens",18,,"CSV;SRA Run Selector","ftp://ftp.ncbi.nlm.nih.gov/geo/series/GSE107nnn/GSE107965/suppl;https://www.ncbi.nlm.nih.gov/Traces/study/?acc=PRJNA422061",29662178,SRP126557,"Mordecai Peretz","Apr 30, 2018"
GSE108110,"Long-acting immune responses including plasma cells and alteration of sebaceous glands cause atrophic scar formation in acne patients","Expression profiling by array","Homo sapiens",54,,"CEL","ftp://ftp.ncbi.nlm.nih.gov/geo/series/GSE108nnn/GSE108110/suppl",,,"CORINNE MENIGOT","Apr 30, 2018"
GSE108290,"Transcriptomic comparison between human epidermis and human sebaceous glands","Expression profiling by array","Homo sapiens",10,,"CEL","ftp://ftp.ncbi.nlm.nih.gov/geo/series/GSE108nnn/GSE108290/suppl",,,"CORINNE MENIGOT","Apr 30, 2018"
GSE108864,"Long noncoding RNA Hoxb3os is dysregulated in autosomal dominant polycystic kidney disease and regulates mTOR signaling","Expression profiling by high throughput sequencing","Mus musculus",13,,"BIGWIG;CSV;SRA Run Selector","ftp://ftp.ncbi.nlm.nih.gov/geo/series/GSE108nnn/GSE108864/suppl;https://www.ncbi.nlm.nih.gov/Traces/study/?acc=PRJNA428970",29716997,SRP128475,"Micah Gearhart","Apr 30, 2018"
GSE109933,"Transcriptional profiling of sorted tumor cells from implanted T cell low and T cell high mouse pancreatic tumors","Expression profiling by high throughput sequencing","Mus musculus",39,,"TXT;SRA Run Selector","ftp://ftp.ncbi.nlm.nih.gov/geo/series/GSE109nnn/GSE109933/suppl;https://www.ncbi.nlm.nih.gov/Traces/study/?acc=PRJNA432363",29958801,SRP131877,"Jinyang Li","Apr 30, 2018"
GSE109935,"Epigenetic profiling of sorted tumor cells from implanted T cell low and T cell high mouse pancreatic tumors","Genome binding/occupancy profiling by high throughput sequencing","Mus musculus",15,,"TXT;SRA Run Selector","ftp://ftp.ncbi.nlm.nih.gov/geo/series/GSE109nnn/GSE109935/suppl;https://www.ncbi.nlm.nih.gov/Traces/study/?acc=PRJNA432376",29958801,SRP131879,"Jinyang Li","Apr 30, 2018"
GSE109971,"Transcriptional profiling of bulk tumor samples from implanted T cell low and T cell high mouse pancreatic tumors","Expression profiling by high throughput sequencing","Mus musculus",37,,"TXT","ftp://ftp.ncbi.nlm.nih.gov/geo/series/GSE109nnn/GSE109971/suppl",29958801,,"Jinyang Li","Apr 30, 2018"
GSE110616,"Characterization of missense mutations in the tetratricopeptide region of O-GlcNAc transferase found in patients with X-linked intellectual disability","Expression profiling by high throughput sequencing","Homo sapiens",5,,"TXT;SRA Run Selector","ftp://ftp.ncbi.nlm.nih.gov/geo/series/GSE110nnn/GSE110616/suppl;https://www.ncbi.nlm.nih.gov/Traces/study/?acc=PRJNA434111",,SRP132875,"Lance Wells","Apr 30, 2018"
GSE111309,"DNAseq analysis of a genome-wide loss-of-function CRISPR/Cas9 library established in haploid human embryonic stem cells (hESCs)","Other","Homo sapiens",9,,"XLSX;SRA Run Selector","ftp://ftp.ncbi.nlm.nih.gov/geo/series/GSE111nnn/GSE111309/suppl;https://www.ncbi.nlm.nih.gov/Traces/study/?acc=PRJNA436565",29662178,SRP133764,"Mordecai Peretz","Apr 30, 2018"
GSE111557,"Expression data from surface airway epithelial basal cells, ciliated cells, and club cells.","Expression profiling by array","Mus musculus",6,,"CEL;XLSX","ftp://ftp.ncbi.nlm.nih.gov/geo/series/GSE111nnn/GSE111557/suppl",29727685;29656941,,"John F Engelhardt","Apr 30, 2018"
GSE111650,"The effects of Lef-1 overexpression on culture-expanded MECs","Expression profiling by high throughput sequencing","Mus musculus",9,,"TXT;XLSX;SRA Run Selector","ftp://ftp.ncbi.nlm.nih.gov/geo/series/GSE111nnn/GSE111650/suppl;https://www.ncbi.nlm.nih.gov/Traces/study/?acc=PRJNA437667",29727685;29656941,SRP134386,"John F Engelhardt","Apr 30, 2018"
GSE111779,"Quantitative Analysis of Follicular Helper T cell Transcriptomes from Wild Type and Apoe-/-","Expression profiling by high throughput sequencing","Mus musculus",4,,"TXT;SRA Run Selector","ftp://ftp.ncbi.nlm.nih.gov/geo/series/GSE111nnn/GSE111779/suppl;https://www.ncbi.nlm.nih.gov/Traces/study/?acc=PRJNA438126",29713015,SRP135284,"Heeju Ryu","Apr 30, 2018"
GSE111883,"Transcriptomic analyses reveal genes with sexual dimorphic expression in the Arapaima gigas gonads and brain","Expression profiling by high throughput sequencing","Arapaima gigas",24,,"CSV;FASTA;SRA Run Selector","ftp://ftp.ncbi.nlm.nih.gov/geo/series/GSE111nnn/GSE111883/suppl;https://www.ncbi.nlm.nih.gov/Traces/study/?acc=PRJNA438480",,SRP135776,"Yuan Lu","Apr 30, 2018"
GSE112473,"Waveband Specific Transcriptional Control of Select Genetic Pathways in Xiphophorus maculatus Skin","Expression profiling by high throughput sequencing","Xiphophorus maculatus",32,,"CSV;SRA Run Selector","ftp://ftp.ncbi.nlm.nih.gov/geo/series/GSE112nnn/GSE112473/suppl;https://www.ncbi.nlm.nih.gov/Traces/study/?acc=PRJNA447434",,SRP136668,"Yuan Lu","Apr 30, 2018"
GSE112654,"Comprehensive Epigenetic Landscape of Rheumatoid Arthritis Fibroblast-like Synoviocytes [ATAC-seq]","Genome binding/occupancy profiling by high throughput sequencing","Homo sapiens",22,,"BED;SRA Run Selector","ftp://ftp.ncbi.nlm.nih.gov/geo/series/GSE112nnn/GSE112654/suppl;https://www.ncbi.nlm.nih.gov/Traces/study/?acc=PRJNA448631",29765031,SRP137032,"Gary S Firestein","Apr 30, 2018"
GSE112655,"Comprehensive Epigenetic Landscape of Rheumatoid Arthritis Fibroblast-like Synoviocytes [ChIP-seq]","Genome binding/occupancy profiling by high throughput sequencing","Homo sapiens",152,,"BROADPEAK;NARROWPEAK;SRA Run Selector","ftp://ftp.ncbi.nlm.nih.gov/geo/series/GSE112nnn/GSE112655/suppl;https://www.ncbi.nlm.nih.gov/Traces/study/?acc=PRJNA448632",29765031,SRP137040,"Gary S Firestein","Apr 30, 2018"
GSE112656,"Comprehensive Epigenetic Landscape of Rheumatoid Arthritis Fibroblast-like Synoviocytes [RNA-seq]","Expression profiling by high throughput sequencing","Homo sapiens",20,,"TXT;SRA Run Selector","ftp://ftp.ncbi.nlm.nih.gov/geo/series/GSE112nnn/GSE112656/suppl;https://www.ncbi.nlm.nih.gov/Traces/study/?acc=PRJNA448634",29765031,SRP137041,"Gary S Firestein","Apr 30, 2018"
GSE112657,"Comprehensive Epigenetic Landscape of Rheumatoid Arthritis Fibroblast-like Synoviocytes [WGBS]","Methylation profiling by high throughput sequencing","Homo sapiens",19,,"TSV;SRA Run Selector","ftp://ftp.ncbi.nlm.nih.gov/geo/series/GSE112nnn/GSE112657/suppl;https://www.ncbi.nlm.nih.gov/Traces/study/?acc=PRJNA448633",29765031,SRP137042,"Gary S Firestein","Apr 30, 2018"
GSE112658,"Comprehensive Epigenetic Landscape of Rheumatoid Arthritis Fibroblast-like Synoviocytes","Expression profiling by high throughput sequencing;Genome binding/occupancy profiling by high throughput sequencing;Methylation profiling by high throughput sequencing","Homo sapiens",213,,"BED;BROADPEAK;NARROWPEAK;TSV","ftp://ftp.ncbi.nlm.nih.gov/geo/series/GSE112nnn/GSE112658/suppl",29765031,,"Gary S Firestein","Apr 30, 2018"
GSE112774,"Genetic editing of colonic organoids provides a molecularly distinct and orthotopic preclinical model of serrated carcinogenesis.","Expression profiling by high throughput sequencing","Mus musculus",20,,"TAB;SRA Run Selector","ftp://ftp.ncbi.nlm.nih.gov/geo/series/GSE112nnn/GSE112774/suppl;https://www.ncbi.nlm.nih.gov/Traces/study/?acc=PRJNA449053",29666172,SRP137813,"Daniel Worthley","Apr 30, 2018"
GSE113195,"Sex differences in transcriptomic profiles in aged kidney cells of renin lineage","Expression profiling by high throughput sequencing","Homo sapiens",10,,"TXT;SRA Run Selector","ftp://ftp.ncbi.nlm.nih.gov/geo/series/GSE113nnn/GSE113195/suppl;https://www.ncbi.nlm.nih.gov/Traces/study/?acc=PRJNA450423",29676999,SRP140540,"Stuart Shankland","Apr 30, 2018"
GSE113287,"Transcriptional profile in human S. haematobium infection (II)","Expression profiling by high throughput sequencing","Homo sapiens",26,,"TXT;SRA Run Selector","ftp://ftp.ncbi.nlm.nih.gov/geo/series/GSE113nnn/GSE113287/suppl;https://www.ncbi.nlm.nih.gov/Traces/study/?acc=PRJNA450648",,SRP140711,"Makedonka Mitreva","Apr 30, 2018"
GSE113648,"Quantitative whole transcriptomics sequencing of progeria-derived cells point to a key role of nucleotide metabolism in premature aging","Expression profiling by high throughput sequencing","Homo sapiens",4,,"XLSX;SRA Run Selector","ftp://ftp.ncbi.nlm.nih.gov/geo/series/GSE113nnn/GSE113648/suppl;https://www.ncbi.nlm.nih.gov/Traces/study/?acc=PRJNA453535",,SRP142599,"María C Arufe","Apr 30, 2018"
GSE113660,"UMI-count modeling and differential expression analysis for single-cell RNA sequencing","Expression profiling by high throughput sequencing","Homo sapiens",10,,"MTX;TSV;TXT;SRA Run Selector","ftp://ftp.ncbi.nlm.nih.gov/geo/series/GSE113nnn/GSE113660/suppl;https://www.ncbi.nlm.nih.gov/Traces/study/?acc=PRJNA453548",29855333,SRP142609,"Xiang Chen","Apr 30, 2018"
GSE113749,"Prognostic and predictive value of a microRNA signature in adults with T-cell lymphoblastic lymphoma","Non-coding RNA profiling by array","Homo sapiens",95,,"GPR","ftp://ftp.ncbi.nlm.nih.gov/geo/series/GSE113nnn/GSE113749/suppl",,,"Xiao-Peng Tian","Apr 30, 2018"
GSE92314,"Regulatory inversion in NAC networks steers the timing of age-dependent cell death in plants [RNA-Seq]","Expression profiling by high throughput sequencing","Arabidopsis thaliana",12,,"TXT;SRA Run Selector","ftp://ftp.ncbi.nlm.nih.gov/geo/series/GSE92nnn/GSE92314/suppl;https://www.ncbi.nlm.nih.gov/Traces/study/?acc=PRJNA357201",29735710,SRP095010,"Ji-Hwan Park","Apr 29, 2018"
GSE92369,"Regulatory inversion in NAC networks steers the timing of age-dependent cell death in plants [Nanostring]","Expression profiling by array","Arabidopsis thaliana",434,,"TXT","ftp://ftp.ncbi.nlm.nih.gov/geo/series/GSE92nnn/GSE92369/suppl",29735710,,"Ji-Hwan Park","Apr 29, 2018"
GSE92371,"Regulatory inversion in NAC networks steers the timing of age-dependent cell death in plants","Expression profiling by high throughput sequencing;Expression profiling by array","Arabidopsis thaliana",446,,,,29735710,,"Ji-Hwan Park","Apr 29, 2018"
GSE100065,"The differential expression of miRNA between murine glioma and PNET","Non-coding RNA profiling by array","Mus musculus;synthetic construct",9,,"GAL;TXT","ftp://ftp.ncbi.nlm.nih.gov/geo/series/GSE100nnn/GSE100065/suppl",29720725,,"Sebastian Brandner","Apr 29, 2018"
GSE108855,"Cell of origin dictates aggression and stem cell activity in acute lymphoblastic leukemia","Expression profiling by high throughput sequencing","Danio rerio",20,,"TXT;SRA Run Selector","ftp://ftp.ncbi.nlm.nih.gov/geo/series/GSE108nnn/GSE108855/suppl;https://www.ncbi.nlm.nih.gov/Traces/study/?acc=PRJNA428951",29749398,SRP130950,"Sowmya Iyer","Apr 29, 2018"
GSE68346,"To investigate the alteration of gene expression profiles after NCSTN gene silencing in HaCaT cells employing Agilent whole genome microarray","Expression profiling by array","Homo sapiens",6,,"TXT","ftp://ftp.ncbi.nlm.nih.gov/geo/series/GSE68nnn/GSE68346/suppl",,,"Xuemin Xiao","Apr 28, 2018"
GSE80790,"Evolved Repression Overcomes Enhancer Robustness","Expression profiling by high throughput sequencing","Drosophila melanogaster",8,,"TXT;SRA Run Selector","ftp://ftp.ncbi.nlm.nih.gov/geo/series/GSE80nnn/GSE80790/suppl;https://www.ncbi.nlm.nih.gov/Traces/study/?acc=PRJNA319982",27840106,SRP074148,"Ella Preger-Ben Noon","Apr 28, 2018"
GSE98355,"Transcriptome assembly and gene expression profiling of Olympia oysters (Ostrea lurida) during low salinity exposure","Expression profiling by high throughput sequencing","Ostrea lurida",36,,"TXT;SRA Run Selector","ftp://ftp.ncbi.nlm.nih.gov/geo/series/GSE98nnn/GSE98355/suppl;https://www.ncbi.nlm.nih.gov/Traces/study/?acc=PRJNA384801",,SRP105431,"Tyler G Evans","Apr 28, 2018"
GSE104409,"Transcriptome profile of Dictyostelium cell during ER-stress","Expression profiling by high throughput sequencing","Dictyostelium discoideum",8,,"XLS;SRA Run Selector","ftp://ftp.ncbi.nlm.nih.gov/geo/series/GSE104nnn/GSE104409/suppl;https://www.ncbi.nlm.nih.gov/Traces/study/?acc=PRJNA412540",,SRP119090,"Roberto Coria","Apr 28, 2018"
GSE107100,"Transcriptomic analysis and mutational status of IDH1 in paired primary-recurrent intrahepatic cholangiocarcinoma [Illumina]","Expression profiling by array","Homo sapiens",24,,"TXT","ftp://ftp.ncbi.nlm.nih.gov/geo/series/GSE107nnn/GSE107100/suppl",29871612,,"Paola Ostano","Apr 28, 2018"
GSE107101,"Transcriptomic analysis and mutational status of IDH1 in paired primary-recurrent intrahepatic cholangiocarcinoma [Agilent]","Expression profiling by array","Homo sapiens",20,,"TXT","ftp://ftp.ncbi.nlm.nih.gov/geo/series/GSE107nnn/GSE107101/suppl",29871612,,"Paola Ostano","Apr 28, 2018"
GSE107102,"Transcriptomic analysis and mutational status of IDH1 in paired primary-recurrent intrahepatic cholangiocarcinoma","Expression profiling by array","Homo sapiens",44,,"TXT","ftp://ftp.ncbi.nlm.nih.gov/geo/series/GSE107nnn/GSE107102/suppl",29871612,,"Paola Ostano","Apr 28, 2018"
GSE107232,"Non-clinical and clinical pharmacology of the potent and selective RARγ agonist trifarotene","Expression profiling by array","Homo sapiens",16,,"CEL","ftp://ftp.ncbi.nlm.nih.gov/geo/series/GSE107nnn/GSE107232/suppl",29974453,,"CORINNE MENIGOT","Apr 28, 2018"
GSE108147,"Genome-wide analysis of differentially expressed profiles of mRNAs, lncRNAs and circRNAs in Cryptosporidium baileyi infection","Expression profiling by high throughput sequencing","Gallus gallus",6,,"XLSX;SRA Run Selector","ftp://ftp.ncbi.nlm.nih.gov/geo/series/GSE108nnn/GSE108147/suppl;https://www.ncbi.nlm.nih.gov/Traces/study/?acc=PRJNA422589",29747577,SRP126851,"Guan-jing Ren","Apr 28, 2018"
GSE108717,"Setd2-dependent H3K36me3 is required for Acrbp1 and protamine transcriptions and spermiogenesis in mice","Genome binding/occupancy profiling by high throughput sequencing;Expression profiling by high throughput sequencing","Mus musculus",14,,"BED;BEDGRAPH;TXT;SRA Run Selector","ftp://ftp.ncbi.nlm.nih.gov/geo/series/GSE108nnn/GSE108717/suppl;https://www.ncbi.nlm.nih.gov/Traces/study/?acc=PRJNA428362",29716999,SRP127980,"Fei Lan","Apr 28, 2018"
GSE109972,"RNA-seq and ATAC-seq profiling of T cell low and T cell high mouse pancreatic tumors","Expression profiling by high throughput sequencing;Genome binding/occupancy profiling by high throughput sequencing","Mus musculus",91,,,,,,"Jinyang Li","Apr 28, 2018"
GSE112475,"A cytoplasmic Argonaute protein promotes the inheritance of RNAi","Non-coding RNA profiling by high throughput sequencing","Caenorhabditis elegans",6,,"TXT;SRA Run Selector","ftp://ftp.ncbi.nlm.nih.gov/geo/series/GSE112nnn/GSE112475/suppl;https://www.ncbi.nlm.nih.gov/Traces/study/?acc=PRJNA447866",29791857,SRP136669,"Shouhong Guang","Apr 28, 2018"
GSE113074,"The dynamics of gene expression in vertebrate embryogenesis at single cell resolution","Expression profiling by high throughput sequencing","Xenopus tropicalis",75,,"TSV;SRA Run Selector","ftp://ftp.ncbi.nlm.nih.gov/geo/series/GSE113nnn/GSE113074/suppl;https://www.ncbi.nlm.nih.gov/Traces/study/?acc=PRJNA449931",29700227,SRP142544,"James Alexander Briggs","Apr 28, 2018"
GSE113753,"DAOY-Notch1/Notch2 knockout: transcriptome comparison","Expression profiling by high throughput sequencing","Homo sapiens",12,,"TXT;SRA Run Selector","ftp://ftp.ncbi.nlm.nih.gov/geo/series/GSE113nnn/GSE113753/suppl;https://www.ncbi.nlm.nih.gov/Traces/study/?acc=PRJNA453919",29993038,SRP143456,"Urban Lendahl","Apr 28, 2018"
GSE113757,"Expression data from human breast cancer cells MCF-7 before and after ATP treatment","Expression profiling by array","Homo sapiens",6,,"CEL","ftp://ftp.ncbi.nlm.nih.gov/geo/series/GSE113nnn/GSE113757/suppl",29733962,,"Ying Liu","Apr 28, 2018"
GSE113771,"Effect of bacterial vaginosis, Lactobacillus and  Premarin estrogen replacement therapy on vaginal gene expression changes.","Expression profiling by array","Homo sapiens",14,,"CEL","ftp://ftp.ncbi.nlm.nih.gov/geo/series/GSE113nnn/GSE113771/suppl",18485781,,"David E Carter","Apr 28, 2018"
GSE113775,"Epigenomics analysis of an esophageal NEC case","Methylation profiling by array","Homo sapiens",2,,"IDAT","ftp://ftp.ncbi.nlm.nih.gov/geo/series/GSE113nnn/GSE113775/suppl",,,"Qian Yang","Apr 28, 2018"
GSE113776,"microRNA expression data of paired esophageal NEC samples","Non-coding RNA profiling by array","Homo sapiens",2,,"TXT","ftp://ftp.ncbi.nlm.nih.gov/geo/series/GSE113nnn/GSE113776/suppl",,,"Qian Yang","Apr 28, 2018"
GSE113777,"Analysis of a case of esophageal NEC at transcriptome level","Expression profiling by high throughput sequencing","Homo sapiens",2,,"TXT;SRA Run Selector","ftp://ftp.ncbi.nlm.nih.gov/geo/series/GSE113nnn/GSE113777/suppl;https://www.ncbi.nlm.nih.gov/Traces/study/?acc=PRJNA453981",,SRP143488,"Qian Yang","Apr 28, 2018"
GSE113779,"Expression and methylation profiling of esophageal NEC","Methylation profiling by array;Non-coding RNA profiling by array;Expression profiling by high throughput sequencing","Homo sapiens",6,,"IDAT;TXT","ftp://ftp.ncbi.nlm.nih.gov/geo/series/GSE113nnn/GSE113779/suppl",,,"Qian Yang","Apr 28, 2018"
GSE113787,"Deep sequencing  of microRNAs in transplanted corneas","Non-coding RNA profiling by high throughput sequencing","Rattus norvegicus",9,,"TXT;SRA Run Selector","ftp://ftp.ncbi.nlm.nih.gov/geo/series/GSE113nnn/GSE113787/suppl;https://www.ncbi.nlm.nih.gov/Traces/study/?acc=PRJNA453987",,SRP143489,"li Xiao Lu","Apr 28, 2018"
GSE113804,"Trans-differentiation of human adult peripheral blood T cells into neurons","Expression profiling by high throughput sequencing","Homo sapiens",6,,"TXT;SRA Run Selector","ftp://ftp.ncbi.nlm.nih.gov/geo/series/GSE113nnn/GSE113804/suppl;https://www.ncbi.nlm.nih.gov/Traces/study/?acc=PRJNA454016",29866841,SRP143521,"Cheen Euong Ang","Apr 28, 2018"
GSE113805,"Deregulated MicroRNAs in Cancer-Associated Fibroblasts from Front Tumor Tissues of Lung Adenocarcinoma as Potential Predictors of Tumor Promotion","Non-coding RNA profiling by array","synthetic construct",12,,"CEL","ftp://ftp.ncbi.nlm.nih.gov/geo/series/GSE113nnn/GSE113805/suppl",30369556,,"Claudia Rangel Escareño","Apr 28, 2018"
GSE68361,"Transcriptional profiling of CD1 mouse liver after 28 days and 90 days of daily administration of Phenobarbital in vivo","Expression profiling by array","Mus musculus",20,,"CEL","ftp://ftp.ncbi.nlm.nih.gov/geo/series/GSE68nnn/GSE68361/suppl",,,"Jonathan Moggs","Apr 27, 2018"
GSE68365,"Transcriptional profiling of C57BL-mice with humanized CAR/PXR or CAR/PXR-knockout treated with DCB and CPA","Expression profiling by array","Mus musculus",30,,"CEL","ftp://ftp.ncbi.nlm.nih.gov/geo/series/GSE68nnn/GSE68365/suppl",,,"Jonathan Moggs","Apr 27, 2018"
GSE68493,"Transcriptional profiling of Primary Human Hepatocytes (PHH) depleted for CAR and treated with CITCO or Phenobarbital in -/+EGF medium","Expression profiling by array","Homo sapiens",60,,"CEL","ftp://ftp.ncbi.nlm.nih.gov/geo/series/GSE68nnn/GSE68493/suppl",,,"Jonathan Moggs","Apr 27, 2018"
GSE68495,"Transcriptional profiling of Primary Human Hepatocytes (PHH) depleted for PXR and treated with CITCO or Phenobarbital in -/+EGF medium","Expression profiling by array","Homo sapiens",60,,"CEL","ftp://ftp.ncbi.nlm.nih.gov/geo/series/GSE68nnn/GSE68495/suppl",,,"Jonathan Moggs","Apr 27, 2018"
GSE74424,"Transcriptomic Analysis of Hepatic Cells in Multicellular Organotypic Liver Models","Expression profiling by array","Rattus norvegicus",23,,"CEL","ftp://ftp.ncbi.nlm.nih.gov/geo/series/GSE74nnn/GSE74424/suppl",30054499,,"T. M. Murali","Apr 27, 2018"
GSE93675,"Effect of ROQUIN2(Y691F) expression on mRNA levels upon BCR stimulation","Expression profiling by high throughput sequencing","Homo sapiens",12,,"TSV;SRA Run Selector","ftp://ftp.ncbi.nlm.nih.gov/geo/series/GSE93nnn/GSE93675/suppl;https://www.ncbi.nlm.nih.gov/Traces/study/?acc=PRJNA361515",29695787,SRP096841,"Roberto Bonasio","Apr 27, 2018"
GSE102665,"PDGFRa+gp38+ mesenchymal cells in the peripheral tissues support terminal differentiation of ILC2 originated from fetal liver progenitor cells.","Expression profiling by high throughput sequencing","Mus musculus",2,,"MTX;TSV;SRA Run Selector","ftp://ftp.ncbi.nlm.nih.gov/geo/series/GSE102nnn/GSE102665/suppl;https://www.ncbi.nlm.nih.gov/Traces/study/?acc=PRJNA398339",29728440,SRP115458,"Kazuyo Moro","Apr 27, 2018"
GSE103375,"Metabolic and Transcriptional Alterations in the Early Stages of Cardiac Fuel Switch Hint at Novel mTOR-mediated Regulation of Hypertrophy","Expression profiling by array;Expression profiling by high throughput sequencing","Mus musculus",35,,"TXT","ftp://ftp.ncbi.nlm.nih.gov/geo/series/GSE103nnn/GSE103375/suppl",29622588,,"Jonathan C Schisler","Apr 27, 2018"
GSE103376,"Metabolic and Transcriptional Alterations in the Early Stages of Cardiac Fuel Switch Hint at Novel mTOR-mediated Regulation of Hypertrophy [Agilent Expression]","Expression profiling by array","Mus musculus",15,,"TXT","ftp://ftp.ncbi.nlm.nih.gov/geo/series/GSE103nnn/GSE103376/suppl",29622588,,"Jonathan C Schisler","Apr 27, 2018"
GSE103811,"MLL leukemia induction by t(9;11) chromosomal translocation in human hematopoietic stem cells using genome editing","Expression profiling by high throughput sequencing;Genome variation profiling by high throughput sequencing","Homo sapiens",21,,"XLSX;SRA Run Selector","ftp://ftp.ncbi.nlm.nih.gov/geo/series/GSE103nnn/GSE103811/suppl;https://www.ncbi.nlm.nih.gov/Traces/study/?acc=PRJNA407088",29650777,SRP117581,"Johan Jeong","Apr 27, 2018"
GSE103863,"Metabolic and Transcriptional Alterations in the Early Stages of Cardiac Fuel Switch Hint at Novel mTOR-mediated Regulation of Hypertrophy [RNA-seq]","Expression profiling by high throughput sequencing","Mus musculus",20,,"TXT;SRA Run Selector","ftp://ftp.ncbi.nlm.nih.gov/geo/series/GSE103nnn/GSE103863/suppl;https://www.ncbi.nlm.nih.gov/Traces/study/?acc=PRJNA407337",29622588,SRP117680,"Jonathan C Schisler","Apr 27, 2018"
GSE104050,"NUPR1 depletion activates premature senescence and overcomes tamoxifen resistance in breast cancer cells","Expression profiling by high throughput sequencing","Homo sapiens",3,,"TXT;SRA Run Selector","ftp://ftp.ncbi.nlm.nih.gov/geo/series/GSE104nnn/GSE104050/suppl;https://www.ncbi.nlm.nih.gov/Traces/study/?acc=PRJNA408094",,SRP118314,"Zhenyi Ma","Apr 27, 2018"
GSE104850,"Interrogating the functions of PRDM9 domains in meiosis","Expression profiling by high throughput sequencing;Genome binding/occupancy profiling by high throughput sequencing;Non-coding RNA profiling by high throughput sequencing","Mus musculus",28,,"BED;BIGWIG;CSV;SRA Run Selector","ftp://ftp.ncbi.nlm.nih.gov/geo/series/GSE104nnn/GSE104850/suppl;https://www.ncbi.nlm.nih.gov/Traces/study/?acc=PRJNA413989",29674518,SRP119794,"Galina Petukhova","Apr 27, 2018"
GSE106466,"Single-cell RNAseq (SMART-seq2) of wild-type (TLAB) and MZoep (tz57) zebrafish embryos at 50% epiboly stage","Expression profiling by high throughput sequencing","Danio rerio",416,,"TXT;SRA Run Selector","ftp://ftp.ncbi.nlm.nih.gov/geo/series/GSE106nnn/GSE106466/suppl;https://www.ncbi.nlm.nih.gov/Traces/study/?acc=PRJNA416939",29700225,SRP123526,"Jeffrey Allen Farrell","Apr 27, 2018"
GSE106474,"Drop-seq analysis of wild-type (TLAB) zebrafish embryos from high to 6-somite stage (12 timepoints)","Expression profiling by high throughput sequencing","Danio rerio",28,,"TXT;SRA Run Selector","ftp://ftp.ncbi.nlm.nih.gov/geo/series/GSE106nnn/GSE106474/suppl;https://www.ncbi.nlm.nih.gov/Traces/study/?acc=PRJNA417290",29700225,SRP124289,"Jeffrey Allen Farrell","Apr 27, 2018"
GSE106587,"Single-cell reconstruction of developmental trajectories during zebrafish embryogenesis","Expression profiling by high throughput sequencing","Danio rerio",446,,"MTX;TSV","ftp://ftp.ncbi.nlm.nih.gov/geo/series/GSE106nnn/GSE106587/suppl",29700225,,"Jeffrey Allen Farrell","Apr 27, 2018"
GSE108457,"Genetic dissection of the α-globin super-enhancer in vivo [RNA-seq]","Expression profiling by high throughput sequencing","Mus musculus",1,,"BW;SRA Run Selector","ftp://ftp.ncbi.nlm.nih.gov/geo/series/GSE108nnn/GSE108457/suppl;https://www.ncbi.nlm.nih.gov/Traces/study/?acc=PRJNA427319",27376235,SRP127404,"Jelena M Telenius","Apr 27, 2018"
GSE109775,"Alterations in Sperm DNA Methylation, Non-coding RNA and Histone Retention Associate with DDT Induced Epigenetic Transgenerational Inheritance of Disease","Genome binding/occupancy profiling by high throughput sequencing;Methylation profiling by high throughput sequencing","Rattus norvegicus",30,,"CSV;SRA Run Selector","ftp://ftp.ncbi.nlm.nih.gov/geo/series/GSE109nnn/GSE109775/suppl;https://www.ncbi.nlm.nih.gov/Traces/study/?acc=PRJNA431998",29482626,SRP131658,"Michael K Skinner","Apr 27, 2018"
GSE110452,"IRF8 regulates transcription of Naips for NLRC4 inflammasome activation","Expression profiling by array","Mus musculus",4,,"CEL","ftp://ftp.ncbi.nlm.nih.gov/geo/series/GSE110nnn/GSE110452/suppl",29576451,,"Geoffrey Neale","Apr 27, 2018"
GSE111107,"A single-cell transcriptome atlas of mouse glomerulus","Expression profiling by high throughput sequencing","Mus musculus",6,,"TXT;SRA Run Selector","ftp://ftp.ncbi.nlm.nih.gov/geo/series/GSE111nnn/GSE111107/suppl;https://www.ncbi.nlm.nih.gov/Traces/study/?acc=PRJNA435940",29794128,SRP133475,"Nikos Karaiskos","Apr 27, 2018"
GSE111973,"RNA-seq differential expression analysis of Komagataella phaffii CBS2612 under mating conditions","Expression profiling by high throughput sequencing","Komagataella phaffii",18,,"CSV;TSV;SRA Run Selector","ftp://ftp.ncbi.nlm.nih.gov/geo/series/GSE111nnn/GSE111973/suppl;https://www.ncbi.nlm.nih.gov/Traces/study/?acc=PRJNA438709",29718186,SRP135907,"Nadine Elpida Tatto","Apr 27, 2018"
GSE112824,"10x analysis of wild-type (TLAB) and MZoep zebrafish embryos at 6-somite stage","Expression profiling by high throughput sequencing","Danio rerio",2,,"MTX;TSV;SRA Run Selector","ftp://ftp.ncbi.nlm.nih.gov/geo/series/GSE112nnn/GSE112824/suppl;https://www.ncbi.nlm.nih.gov/Traces/study/?acc=PRJNA449093",29700225,SRP137889,"Jeffrey Allen Farrell","Apr 27, 2018"
GSE112878,"TosR-mediated regulation of adhesins and biofilm formation in uropathogenic Escherichia coli","Expression profiling by high throughput sequencing","Escherichia coli",6,,"XLS","ftp://ftp.ncbi.nlm.nih.gov/geo/series/GSE112nnn/GSE112878/suppl",29769381,,"Richard C McEachin","Apr 27, 2018"
GSE113696,"Microarray expression profile and functional analysis of circular RNAs in cervical cancer","Non-coding RNA profiling by array","Homo sapiens",6,,"TXT","ftp://ftp.ncbi.nlm.nih.gov/geo/series/GSE113nnn/GSE113696/suppl",,,"Hanbo Ma","Apr 27, 2018"
GSE113707,"Postprandial FGF19 signaling-induced phosphorylation of FXR by Src modulates its activity in bile acid homeostasis","Expression profiling by high throughput sequencing","Mus musculus",6,,"TXT;SRA Run Selector","ftp://ftp.ncbi.nlm.nih.gov/geo/series/GSE113nnn/GSE113707/suppl;https://www.ncbi.nlm.nih.gov/Traces/study/?acc=PRJNA453740",29968724,SRP142757,"Young-Chae Kim","Apr 27, 2018"
GSE113708,"High frequency of β-catenin mutations in mouse HCCs induced by a non-genotoxic CAR agonist","Expression profiling by array","Mus musculus",22,,"TXT","ftp://ftp.ncbi.nlm.nih.gov/geo/series/GSE113nnn/GSE113708/suppl",,,"AMEDEO COLUMBANO","Apr 27, 2018"
GSE113717,"De novo lipogenesis represents a therapeutic target in Kras mutant NSCLC","Expression profiling by array","Mus musculus",8,,"CEL","ftp://ftp.ncbi.nlm.nih.gov/geo/series/GSE113nnn/GSE113717/suppl",29906244,,"George Acquaah-Mensah","Apr 27, 2018"
GSE113718,"Diversity in gene expression profiles captured through highly resolved whole-transcriptome profiling of clinical and laboratory-adapted malaria parasite isolates","Expression profiling by high throughput sequencing","Plasmodium falciparum",81,,"CSV;SRA Run Selector","ftp://ftp.ncbi.nlm.nih.gov/geo/series/GSE113nnn/GSE113718/suppl;https://www.ncbi.nlm.nih.gov/Traces/study/?acc=PRJNA453777",,SRP143373,"Sarah Tarr","Apr 27, 2018"
GSE113728,"Yki-induced intestinal stem cells (ISCs) overproliferation  affects  gene expression in fly midgut.","Expression profiling by high throughput sequencing","Drosophila melanogaster",4,,"CSV;SRA Run Selector","ftp://ftp.ncbi.nlm.nih.gov/geo/series/GSE113nnn/GSE113728/suppl;https://www.ncbi.nlm.nih.gov/Traces/study/?acc=PRJNA453791",,SRP143398,"Norbert Perrimon","Apr 27, 2018"
GSE113732,"Estrogens and selective estrogen receptor modulators differentially antagonize Runx2 in ST2 mesenchymal progenitor cells","Expression profiling by array","Mus musculus",40,,"IDAT;TXT","ftp://ftp.ncbi.nlm.nih.gov/geo/series/GSE113nnn/GSE113732/suppl",,,"Nyam-Osor Chimge","Apr 27, 2018"
GSE113733,"Next-generation sequencing analysis of chemically induced neurons from wild type (WT), Actb+/- (HET) and Actb-/- (KO) mouse embryonic fibroblasts (MEFs)","Expression profiling by high throughput sequencing","Mus musculus",9,,"TXT;SRA Run Selector","ftp://ftp.ncbi.nlm.nih.gov/geo/series/GSE113nnn/GSE113733/suppl;https://www.ncbi.nlm.nih.gov/Traces/study/?acc=PRJNA453803",30557298,SRP143392,"Piergiorgio Percipalle","Apr 27, 2018"
GSE80165,"Transcriptome analyses of the nervous system of Familial Dysautonomia-model mice identify novel cellular pathways dependent on Ikbkap/Elp1","Expression profiling by array","Mus musculus",8,,,,29497044,,"Kevin G Becker","Apr 26, 2018"
GSE85225,"Microarray data of Spred1 WT and KO hematopoietic stem/progenitor cells","Expression profiling by array","Mus musculus",6,,"TXT","ftp://ftp.ncbi.nlm.nih.gov/geo/series/GSE85nnn/GSE85225/suppl",29706577,,"Yuko Tadokoro","Apr 26, 2018"
GSE95511,"The basic helix-loop-helix transcription factor SHARP1 is an oncogenic driver in MLL-AF6 Acute Myelogenous Leukemia","Expression profiling by high throughput sequencing;Genome binding/occupancy profiling by high throughput sequencing","Homo sapiens",23,,"BW;SRA Run Selector","ftp://ftp.ncbi.nlm.nih.gov/geo/series/GSE95nnn/GSE95511/suppl;https://www.ncbi.nlm.nih.gov/Traces/study/?acc=PRJNA377303",29692408,SRP100854,"Jia Li","Apr 26, 2018"
GSE96710,"Epigenomic conservation of transposable element silencing [ChIP-seq]","Genome binding/occupancy profiling by high throughput sequencing","Homo sapiens;Pan troglodytes",34,,"TXT;SRA Run Selector","ftp://ftp.ncbi.nlm.nih.gov/geo/series/GSE96nnn/GSE96710/suppl;https://www.ncbi.nlm.nih.gov/Traces/study/?acc=PRJNA379444",29648536,SRP102014,"Michelle C Ward","Apr 26, 2018"
GSE96711,"Epigenomic conservation of transposable element silencing [RNA-seq]","Expression profiling by high throughput sequencing","Homo sapiens;Pan troglodytes",17,,"TXT;SRA Run Selector","ftp://ftp.ncbi.nlm.nih.gov/geo/series/GSE96nnn/GSE96711/suppl;https://www.ncbi.nlm.nih.gov/Traces/study/?acc=PRJNA379443",29648536,SRP102015,"Michelle C Ward","Apr 26, 2018"
GSE96769,"Single-cell epigenomics maps the continuous regulatory landscape of human hematopoietic differentiation [scATAC-Seq]","Genome binding/occupancy profiling by high throughput sequencing","Homo sapiens",2784,,"BED;TXT;SRA Run Selector","ftp://ftp.ncbi.nlm.nih.gov/geo/series/GSE96nnn/GSE96769/suppl;https://www.ncbi.nlm.nih.gov/Traces/study/?acc=PRJNA379613",29706549,SRP102089,"Jason Daniel Buenrostro","Apr 26, 2018"
GSE96771,"Single-cell epigenomics maps the continuous regulatory landscape of human hematopoietic differentiation [bulk ATAC-Seq]","Genome binding/occupancy profiling by high throughput sequencing","Homo sapiens",13,,"TXT;SRA Run Selector","ftp://ftp.ncbi.nlm.nih.gov/geo/series/GSE96nnn/GSE96771/suppl;https://www.ncbi.nlm.nih.gov/Traces/study/?acc=PRJNA379614",29706549,SRP102090,"Jason Daniel Buenrostro","Apr 26, 2018"
GSE96772,"Single-cell epigenomics maps the continuous regulatory landscape of human hematopoietic differentiation","Genome binding/occupancy profiling by high throughput sequencing;Expression profiling by high throughput sequencing","Homo sapiens",2805,,,,29706549,,"Jason Daniel Buenrostro","Apr 26, 2018"
GSE96811,"Single-cell epigenomics maps the continuous regulatory landscape of human hematopoietic differentiation [bulk RNA-Seq]","Expression profiling by high throughput sequencing","Homo sapiens",8,,"TXT;SRA Run Selector","ftp://ftp.ncbi.nlm.nih.gov/geo/series/GSE96nnn/GSE96811/suppl;https://www.ncbi.nlm.nih.gov/Traces/study/?acc=PRJNA379785",29706549,SRP102175,"Jason Daniel Buenrostro","Apr 26, 2018"
GSE102196,"Gene expression alternations in vildagliptin treated rats arota","Expression profiling by array","Rattus norvegicus",6,,"CEL","ftp://ftp.ncbi.nlm.nih.gov/geo/series/GSE102nnn/GSE102196/suppl",,,"Qian Zhang","Apr 26, 2018"
GSE106254,"Self-recognition of an inducible host lncRNA by RIG-I feedback restricts innate immune response","Expression profiling by high throughput sequencing","Mus musculus",5,,"BED;TXT;SRA Run Selector","ftp://ftp.ncbi.nlm.nih.gov/geo/series/GSE106nnn/GSE106254/suppl;https://www.ncbi.nlm.nih.gov/Traces/study/?acc=PRJNA416003",29706547,SRP121994,"Minghong Jiang","Apr 26, 2018"
GSE107230,"Patient-iPSC-derived kidney organoids show functional validation of a ciliopathic renal phenotype","Expression profiling by high throughput sequencing","Homo sapiens",6,,"TXT;SRA Run Selector","ftp://ftp.ncbi.nlm.nih.gov/geo/series/GSE107nnn/GSE107230/suppl;https://www.ncbi.nlm.nih.gov/Traces/study/?acc=PRJNA419394",29706353,SRP125422,"Andrew Lonsdale","Apr 26, 2018"
GSE107421,"Allele-specific control of replication timing and genome organization during development","Other","Mus musculus",60,,,,29735606,,"David M Gilbert","Apr 26, 2018"
GSE108941,"Infection of RoNi cells with Sendai Cantell virus at MOI of 1.0","Expression profiling by high throughput sequencing","Rousettus aegyptiacus",18,,"GFF;H5;SRA Run Selector","ftp://ftp.ncbi.nlm.nih.gov/geo/series/GSE108nnn/GSE108941/suppl;https://www.ncbi.nlm.nih.gov/Traces/study/?acc=PRJNA429211",29706541,SRP128530,"Catherine E Arnold","Apr 26, 2018"
GSE109296,"Effect of NORAD shRNA on A549 cells treated with TGF-beta","Expression profiling by high throughput sequencing","Homo sapiens",4,,"TXT;SRA Run Selector","ftp://ftp.ncbi.nlm.nih.gov/geo/series/GSE109nnn/GSE109296/suppl;https://www.ncbi.nlm.nih.gov/Traces/study/?acc=PRJNA430367",29722104,SRP131065,"Daizo Koinuma","Apr 26, 2018"
GSE109598,"Genetic variations as a result of overexperssion of TRPV3 in BEAS-2B cells","Expression profiling by high throughput sequencing","Homo sapiens",2,,"TXT;SRA Run Selector","ftp://ftp.ncbi.nlm.nih.gov/geo/series/GSE109nnn/GSE109598/suppl;https://www.ncbi.nlm.nih.gov/Traces/study/?acc=PRJNA431445",29658714,SRP131279,"Christopher A Reilly","Apr 26, 2018"
GSE109697,"Altered Expression Profiles of Transfer-RNA-Derived Small RNAs Reveal the Regulating Functions in Rat Brain After Intracerebral Hemorrhage (ICH) and the Potential Therapeutic Targets of Buyang Huanwu Decoction in ICH","Expression profiling by high throughput sequencing","Rattus norvegicus",9,,"XLSX;SRA Run Selector","ftp://ftp.ncbi.nlm.nih.gov/geo/series/GSE109nnn/GSE109697/suppl;https://www.ncbi.nlm.nih.gov/Traces/study/?acc=PRJNA431739",,SRP131475,"Yang Wang","Apr 26, 2018"
GSE109823,"Expression levels of genes of NKG2C+ NK cells after in vitro treatment","Expression profiling by high throughput sequencing","Homo sapiens",8,,"TXT;SRA Run Selector","ftp://ftp.ncbi.nlm.nih.gov/geo/series/GSE109nnn/GSE109823/suppl;https://www.ncbi.nlm.nih.gov/Traces/study/?acc=PRJNA432086",,SRP131762,"Pawel Durek","Apr 26, 2018"
GSE110389,"Histone H3.3 G34 mutations alter histone H3K36 and H3K27 methylation in cis","Genome binding/occupancy profiling by high throughput sequencing","Homo sapiens",22,,"BW;SRA Run Selector","ftp://ftp.ncbi.nlm.nih.gov/geo/series/GSE110nnn/GSE110389/suppl;https://www.ncbi.nlm.nih.gov/Traces/study/?acc=PRJNA433584",29689253,SRP132532,"Jiejun Shi","Apr 26, 2018"
GSE110747,"A vitamin E- supplemented antioxidant diet interferes with the acute adaptation of the liver to physical exercise in mice","Expression profiling by array","Mus musculus",44,,"CEL","ftp://ftp.ncbi.nlm.nih.gov/geo/series/GSE110nnn/GSE110747/suppl",29710765,,"Johannes Beckers","Apr 26, 2018"
GSE111153,"Centromeric chromatin in Koala","Genome binding/occupancy profiling by high throughput sequencing","Phascolarctos cinereus",3,,"BED;SRA Run Selector","ftp://ftp.ncbi.nlm.nih.gov/geo/series/GSE111nnn/GSE111153/suppl;https://www.ncbi.nlm.nih.gov/Traces/study/?acc=PRJNA436016",,SRP133518,"Thomas Heider","Apr 26, 2018"
GSE111851,"RNAi mediates allele-specific epigenetic inheritance of heterochromatin [ChIP-seq]","Genome binding/occupancy profiling by high throughput sequencing","Schizosaccharomyces pombe",36,,"IGV;TDF;SRA Run Selector","ftp://ftp.ncbi.nlm.nih.gov/geo/series/GSE111nnn/GSE111851/suppl;https://www.ncbi.nlm.nih.gov/Traces/study/?acc=PRJNA438359",29925950,SRP135714,"Ruby Yu","Apr 26, 2018"
GSE111858,"RNAi mediates allele-specific epigenetic inheritance of heterochromatin [ncRNA-seq]","Non-coding RNA profiling by high throughput sequencing","Schizosaccharomyces pombe",21,,"IGV;SRA Run Selector","ftp://ftp.ncbi.nlm.nih.gov/geo/series/GSE111nnn/GSE111858/suppl;https://www.ncbi.nlm.nih.gov/Traces/study/?acc=PRJNA438370",29925950,SRP135717,"Ruby Yu","Apr 26, 2018"
GSE111859,"RNAi mediates allele-specific epigenetic inheritance of heterochromatin","Non-coding RNA profiling by high throughput sequencing;Genome binding/occupancy profiling by high throughput sequencing","Schizosaccharomyces pombe",57,,"IGV;TDF","ftp://ftp.ncbi.nlm.nih.gov/geo/series/GSE111nnn/GSE111859/suppl",29925950,,"Ruby Yu","Apr 26, 2018"
GSE112294,"Systematic mapping of cell state trajectories, cell lineage, and perturbations in the zebrafish embryo using single cell transcriptomics","Expression profiling by high throughput sequencing","Danio rerio",18,,"CSV;TXT;SRA Run Selector","ftp://ftp.ncbi.nlm.nih.gov/geo/series/GSE112nnn/GSE112294/suppl;https://www.ncbi.nlm.nih.gov/Traces/study/?acc=PRJNA445487",29700229,SRP136369,"Daniel E Wagner","Apr 26, 2018"
GSE113623,"Gene expression profile of tumor antigen-specific CD4 T cells","Expression profiling by array","Mus musculus",15,,"CEL","ftp://ftp.ncbi.nlm.nih.gov/geo/series/GSE113nnn/GSE113623/suppl",29844317,,"Olivier Lantz","Apr 26, 2018"
GSE113624,"Gene expression profiles of tumor-induced pTregs and anergic tumor-specific CD4+ T cells","Expression profiling by array","Mus musculus",30,,"CEL","ftp://ftp.ncbi.nlm.nih.gov/geo/series/GSE113nnn/GSE113624/suppl",29844317,,"Olivier Lantz","Apr 26, 2018"
GSE113625,"Gene expression profile of chronically activated CD4+ T cells from cancer patients","Expression profiling by array","Homo sapiens",10,,"CEL","ftp://ftp.ncbi.nlm.nih.gov/geo/series/GSE113nnn/GSE113625/suppl",29844317,,"Olivier Lantz","Apr 26, 2018"
GSE113642,"Reprogrammed marrow adipocytes: an unexpected role in the genesis of myeloma-induced bone disease (ChIP-Seq)","Genome binding/occupancy profiling by high throughput sequencing","Homo sapiens",6,,"BIGWIG;SRA Run Selector","ftp://ftp.ncbi.nlm.nih.gov/geo/series/GSE113nnn/GSE113642/suppl;https://www.ncbi.nlm.nih.gov/Traces/study/?acc=PRJNA453494",,SRP142596,"Jing Yang","Apr 26, 2018"
GSE113643,"Coreceptor delivery of paracrine APRIL to Golgic BCMA lowers immunogenicity of B-cell lymphoma","Expression profiling by array","Homo sapiens",8,,"CEL;CHP","ftp://ftp.ncbi.nlm.nih.gov/geo/series/GSE113nnn/GSE113643/suppl",,,"Jerome Moreaux","Apr 26, 2018"
GSE113647,"Myeloma cells via E-cadherin convert pDCs to become tumor-promoting cells","Expression profiling by array","Homo sapiens",30,,"TXT","ftp://ftp.ncbi.nlm.nih.gov/geo/series/GSE113nnn/GSE113647/suppl",30277474,,"ENGUANG BI","Apr 26, 2018"
GSE113656,"HiSeq of small RNA in muscle of large yellow croaker","Non-coding RNA profiling by high throughput sequencing;Other","Larimichthys crocea",2,,"TXT;SRA Run Selector","ftp://ftp.ncbi.nlm.nih.gov/geo/series/GSE113nnn/GSE113656/suppl;https://www.ncbi.nlm.nih.gov/Traces/study/?acc=PRJNA453545",,SRP142607,"Mingyue Cao","Apr 26, 2018"
GSE113659,"Genome-wide transcriptome profiling of NEDD9-regulated genes using RNA-seq","Expression profiling by high throughput sequencing","Homo sapiens",18,,"TXT;SRA Run Selector","ftp://ftp.ncbi.nlm.nih.gov/geo/series/GSE113nnn/GSE113659/suppl;https://www.ncbi.nlm.nih.gov/Traces/study/?acc=PRJNA453547",29899023,SRP142608,"Bradley Maron","Apr 26, 2018"
GSE113665,"Expression data from distinct populations of iMC from the small intestine of Ackr4(+/gfp) mice","Expression profiling by array","Mus musculus",8,,"CEL;XLSX","ftp://ftp.ncbi.nlm.nih.gov/geo/series/GSE113nnn/GSE113665/suppl",29760193,,"Robert Nibbs","Apr 26, 2018"
GSE113670,"RNA-seq of CD33 KO and control HSPCs","Expression profiling by high throughput sequencing","Homo sapiens",10,,"XLS;SRA Run Selector","ftp://ftp.ncbi.nlm.nih.gov/geo/series/GSE113nnn/GSE113670/suppl;https://www.ncbi.nlm.nih.gov/Traces/study/?acc=PRJNA453558",29856956,SRP142614,"Miriam Kim","Apr 26, 2018"
GSE113675,"Simultaneous multiplexed amplicon sequencing and transcriptome profiling in single cells","Expression profiling by high throughput sequencing","Homo sapiens;Mus musculus",16,,"TXT;SRA Run Selector","ftp://ftp.ncbi.nlm.nih.gov/geo/series/GSE113nnn/GSE113675/suppl;https://www.ncbi.nlm.nih.gov/Traces/study/?acc=PRJNA453569",30559431,SRP142626,"Iwijn De Vlaminck","Apr 26, 2018"
GSE113677,"Transcription-driven Chromatin Repression of Intragenic Promoters","Expression profiling by high throughput sequencing;Other","Arabidopsis thaliana",9,,"BW;SRA Run Selector","ftp://ftp.ncbi.nlm.nih.gov/geo/series/GSE113nnn/GSE113677/suppl;https://www.ncbi.nlm.nih.gov/Traces/study/?acc=PRJNA453570",30385760,SRP142625,"Maxim Ivanov","Apr 26, 2018"
GSE113681,"Exposure to ALS-inhibiting gametocide tribenuron-methyl affects pollen wall formation, lipid metabolism, chloroplast structure, and cell cycle in the flower buds of rapeseed","Expression profiling by high throughput sequencing","Brassica napus",4,,"FA;TXT;SRA Run Selector","ftp://ftp.ncbi.nlm.nih.gov/geo/series/GSE113nnn/GSE113681/suppl;https://www.ncbi.nlm.nih.gov/Traces/study/?acc=PRJNA453584",,SRP142630,"Chengyu Yu","Apr 26, 2018"
GSE113683,"Transcriptional response of M. tuberculosis to AX-35 treatment","Expression profiling by high throughput sequencing","Mycobacterium tuberculosis",6,,"CSV;TXT;SRA Run Selector","ftp://ftp.ncbi.nlm.nih.gov/geo/series/GSE113nnn/GSE113683/suppl;https://www.ncbi.nlm.nih.gov/Traces/study/?acc=PRJNA453604",30301850,SRP142639,"Andrej Benjak","Apr 26, 2018"
GSE113688,"JunB defines functional and structural integrity of the epidermo-pilosebaceous unit in the skin","Expression profiling by high throughput sequencing","Mus musculus",8,,"TXT;SRA Run Selector","ftp://ftp.ncbi.nlm.nih.gov/geo/series/GSE113nnn/GSE113688/suppl;https://www.ncbi.nlm.nih.gov/Traces/study/?acc=PRJNA453610",30143626,SRP142641,"Pallab Maity","Apr 26, 2018"
GSE113691,"Glucocorticoid receptor dimers control intestinal STAT1-mediated IFN- and TNF-induced inflammation in mice","Expression profiling by high throughput sequencing","Mus musculus",30,,"TXT;SRA Run Selector","ftp://ftp.ncbi.nlm.nih.gov/geo/series/GSE113nnn/GSE113691/suppl;https://www.ncbi.nlm.nih.gov/Traces/study/?acc=PRJNA453622",29746256,SRP142645,"Steven Timmermans","Apr 26, 2018"
GSE66018,"TSA-Seq Mapping of Nuclear Genome Organization [array]","Genome binding/occupancy profiling by genome tiling array","Homo sapiens",2,,"PAIR","ftp://ftp.ncbi.nlm.nih.gov/geo/series/GSE66nnn/GSE66018/suppl",30154186,,"Andrew S Belmont","Apr 25, 2018"
GSE66019,"TSA-Seq Mapping of Nuclear Genome Organization","Other;Genome binding/occupancy profiling by genome tiling array","Homo sapiens",45,,"PAIR","ftp://ftp.ncbi.nlm.nih.gov/geo/series/GSE66nnn/GSE66019/suppl",30154186,,"Andrew S Belmont","Apr 25, 2018"
GSE73346,"Function annotation and clinical implications of KIT mutation and overexpression associated microRNAs in gastrointestinal stromal tumours","Non-coding RNA profiling by array","Homo sapiens",10,,"TXT","ftp://ftp.ncbi.nlm.nih.gov/geo/series/GSE73nnn/GSE73346/suppl",29661252,,"Yu Wang","Apr 25, 2018"
GSE80130,"Deciphering a secondary genetic code in neurons: the role of codon bias in regulating neuronal protein levels and implications for Elongator-mediated neurological disease ","Expression profiling by array","Mus musculus",8,,"TXT","ftp://ftp.ncbi.nlm.nih.gov/geo/series/GSE80nnn/GSE80130/suppl",29497044,,"Kevin G Becker","Apr 25, 2018"
GSE81553,"TSA-Seq Mapping of Nuclear Genome Organization [seq]","Other","Homo sapiens",43,,"BB;BED;BW;SRA Run Selector","ftp://ftp.ncbi.nlm.nih.gov/geo/series/GSE81nnn/GSE81553/suppl;https://www.ncbi.nlm.nih.gov/Traces/study/?acc=PRJNA321975",30154186,SRP075320,"Andrew S Belmont","Apr 25, 2018"
GSE84453,"Pure epicatechin and inflammatory gene expression profiles in circulating immune cells in (pre) hypertensive adults; a randomized double-blind, placebo-controlled, crossover trial","Expression profiling by array","Homo sapiens",128,,"CEL","ftp://ftp.ncbi.nlm.nih.gov/geo/series/GSE84nnn/GSE84453/suppl",29672527,,"Guido Hooiveld","Apr 25, 2018"
GSE86848,"Role of TaVAP in stress tolerance in plants","Expression profiling by array","Arabidopsis thaliana",6,,"CEL","ftp://ftp.ncbi.nlm.nih.gov/geo/series/GSE86nnn/GSE86848/suppl",29116579,,"Brinderjit Singh","Apr 25, 2018"
GSE90816,"Hox Abdominal-B Genes in the Developing Kidney","Expression profiling by high throughput sequencing","Mus musculus",12,,"TXT;SRA Run Selector","ftp://ftp.ncbi.nlm.nih.gov/geo/series/GSE90nnn/GSE90816/suppl;https://www.ncbi.nlm.nih.gov/Traces/study/?acc=PRJNA356050",29679048,SRP094485,"Keri Anne Drake","Apr 25, 2018"
GSE92775,"The dTAG system for immediate and target-specific protein degradation","Expression profiling by high throughput sequencing","Mus musculus",39,,"TXT;SRA Run Selector","ftp://ftp.ncbi.nlm.nih.gov/geo/series/GSE92nnn/GSE92775/suppl;https://www.ncbi.nlm.nih.gov/Traces/study/?acc=PRJNA358588",29581585,SRP095542,"James Bradner","Apr 25, 2018"
GSE94486,"A B-ARR-mediated cytokinin transcriptional network directs hormone-cross regulation and shoot development","Expression profiling by high throughput sequencing;Genome binding/occupancy profiling by high throughput sequencing","Arabidopsis thaliana",14,,"BED;DIFF;SRA Run Selector","ftp://ftp.ncbi.nlm.nih.gov/geo/series/GSE94nnn/GSE94486/suppl;https://www.ncbi.nlm.nih.gov/Traces/study/?acc=PRJNA369824",29686312,SRP098817,"Joseph R Ecker","Apr 25, 2018"
GSE95076,"The transcriptome comparison data between Saccharomyces cerevisiae cells in xylose consumption phase after glucose depleted in glucose-xylose co-fermentation and when xylose was the sole carbon source.","Expression profiling by high throughput sequencing","Saccharomyces cerevisiae",8,,"XLS;SRA Run Selector","ftp://ftp.ncbi.nlm.nih.gov/geo/series/GSE95nnn/GSE95076/suppl;https://www.ncbi.nlm.nih.gov/Traces/study/?acc=PRJNA375933",29686730,SRP100323,"Yu Shen","Apr 25, 2018"
GSE96712,"Epigenomic conservation of transposable element silencing","Genome binding/occupancy profiling by high throughput sequencing;Expression profiling by high throughput sequencing","Homo sapiens;Pan troglodytes",51,,,,29648536,,"Michelle C Ward","Apr 25, 2018"
GSE98184,"Loss of Dnmt3a Immortalizes Hematopoietic Stem Cells in vivo [RNA-Seq]","Expression profiling by high throughput sequencing","Mus musculus",2,,"BW;XLSX;SRA Run Selector","ftp://ftp.ncbi.nlm.nih.gov/geo/series/GSE98nnn/GSE98184/suppl;https://www.ncbi.nlm.nih.gov/Traces/study/?acc=PRJNA384235",,SRP105212,"Hyun Jung Park","Apr 25, 2018"
GSE98185,"Loss of Dnmt3a Immortalizes Hematopoietic Stem Cells in vivo [ChIP-Seq]","Genome binding/occupancy profiling by high throughput sequencing","Mus musculus",2,,"BW;SRA Run Selector","ftp://ftp.ncbi.nlm.nih.gov/geo/series/GSE98nnn/GSE98185/suppl;https://www.ncbi.nlm.nih.gov/Traces/study/?acc=PRJNA384234",,SRP105209,"Hyun Jung Park","Apr 25, 2018"
GSE98186,"Loss of Dnmt3a Immortalizes Hematopoietic Stem Cells in vivo [WGBS]","Methylation profiling by high throughput sequencing","Mus musculus",1,,"BED;SRA Run Selector","ftp://ftp.ncbi.nlm.nih.gov/geo/series/GSE98nnn/GSE98186/suppl;https://www.ncbi.nlm.nih.gov/Traces/study/?acc=PRJNA384233",,SRP105210,"Hyun Jung Park","Apr 25, 2018"
GSE98191,"Loss of Dnmt3a Immortalizes Hematopoietic Stem Cells in vivo","Expression profiling by high throughput sequencing;Genome binding/occupancy profiling by high throughput sequencing;Methylation profiling by high throughput sequencing","Mus musculus",5,,"BED;BW","ftp://ftp.ncbi.nlm.nih.gov/geo/series/GSE98nnn/GSE98191/suppl",,,"Hyun Jung Park","Apr 25, 2018"
GSE98208,"RNA-sequencing in immortalized human mammary epithelial cells","Expression profiling by high throughput sequencing","Homo sapiens",13,,"XLSX;SRA Run Selector","ftp://ftp.ncbi.nlm.nih.gov/geo/series/GSE98nnn/GSE98208/suppl;https://www.ncbi.nlm.nih.gov/Traces/study/?acc=PRJNA384255",30059005,SRP105225,"Peter Choi","Apr 25, 2018"
GSE98209,"eCLIP in immortalized human mammary epithelial cells","Expression profiling by high throughput sequencing","Homo sapiens",6,,"BW;SRA Run Selector","ftp://ftp.ncbi.nlm.nih.gov/geo/series/GSE98nnn/GSE98209/suppl;https://www.ncbi.nlm.nih.gov/Traces/study/?acc=PRJNA384254",30059005,SRP105224,"Peter Choi","Apr 25, 2018"
GSE98210,"Alternative splicing regulated by QKI and RBFOX1 promotes the mesenchymal cell state in breast cancer","Expression profiling by high throughput sequencing","Homo sapiens",19,,"BW","ftp://ftp.ncbi.nlm.nih.gov/geo/series/GSE98nnn/GSE98210/suppl",30059005,,"Peter Choi","Apr 25, 2018"
GSE98214,"Peroxisomal β-oxidation deficiency reduces histone acetylation and increases DNA methylation in Arabidopsis","Expression profiling by high throughput sequencing;Methylation profiling by high throughput sequencing","Arabidopsis thaliana",11,,"BEDGRAPH;XLS;SRA Run Selector","ftp://ftp.ncbi.nlm.nih.gov/geo/series/GSE98nnn/GSE98214/suppl;https://www.ncbi.nlm.nih.gov/Traces/study/?acc=PRJNA384268",,SRP105230,"Yusheng Zhao","Apr 25, 2018"
GSE98245,"Topological demarcation by HMGB2 is disrupted early upon senescence entry and induces CTCF clustering across cell types [ChIP-Seq]","Genome binding/occupancy profiling by high throughput sequencing","Homo sapiens",7,,"TXT;SRA Run Selector","ftp://ftp.ncbi.nlm.nih.gov/geo/series/GSE98nnn/GSE98245/suppl;https://www.ncbi.nlm.nih.gov/Traces/study/?acc=PRJNA384392",29706538,SRP105278,"Milos Nikolic","Apr 25, 2018"
GSE98440,"Topological demarcation by HMGB2 is disrupted early upon senescence entry and induces CTCF clustering across cell types [RNA-seq]","Expression profiling by high throughput sequencing","Homo sapiens",26,,"CSV;TXT;SRA Run Selector","ftp://ftp.ncbi.nlm.nih.gov/geo/series/GSE98nnn/GSE98440/suppl;https://www.ncbi.nlm.nih.gov/Traces/study/?acc=PRJNA385098",29706538,SRP106038,"Milos Nikolic","Apr 25, 2018"
GSE98443,"Topological demarcation by HMGB2 is disrupted early upon senescence entry and induces CTCF clustering across cell types [Hi-C]","Other","Homo sapiens",14,,"ZIP;SRA Run Selector","ftp://ftp.ncbi.nlm.nih.gov/geo/series/GSE98nnn/GSE98443/suppl;https://www.ncbi.nlm.nih.gov/Traces/study/?acc=PRJNA385125",29706538,SRP106040,"Milos Nikolic","Apr 25, 2018"
GSE98448,"Topological demarcation by HMGB2 is disrupted early upon senescence entry and induces CTCF clustering across cell types","Genome binding/occupancy profiling by high throughput sequencing;Expression profiling by high throughput sequencing;Other","Homo sapiens",53,,"BEDPE;MTX;TSV;TXT","ftp://ftp.ncbi.nlm.nih.gov/geo/series/GSE98nnn/GSE98448/suppl",29706538,,"Milos Nikolic","Apr 25, 2018"
GSE98587,"Sox9 positive periosteal cells in repair of adult long bone fractures","Expression profiling by high throughput sequencing","Mus musculus",4,,"TXT","ftp://ftp.ncbi.nlm.nih.gov/geo/series/GSE98nnn/GSE98587/suppl",28627474,,"Andrew P McMahon","Apr 25, 2018"
GSE99536,"Effect of low-dose sorafenib and alkylating agents in inflammation and angiogenesis in breast cancer","Expression profiling by high throughput sequencing","Homo sapiens",16,,"TXT;SRA Run Selector","ftp://ftp.ncbi.nlm.nih.gov/geo/series/GSE99nnn/GSE99536/suppl;https://www.ncbi.nlm.nih.gov/Traces/study/?acc=PRJNA388753",29608984,SRP108414,"Yidong Chen","Apr 25, 2018"
GSE99983,"Fosl1 transdifferentiate embryonic stem cells to differentiated trophoblast stem cells. (ChIP-seq)","Genome binding/occupancy profiling by high throughput sequencing","Mus musculus",3,,"BED;SRA Run Selector","ftp://ftp.ncbi.nlm.nih.gov/geo/series/GSE99nnn/GSE99983/suppl;https://www.ncbi.nlm.nih.gov/Traces/study/?acc=PRJNA390310",29272857,SRP109121,"Jonghwan Kim","Apr 25, 2018"
GSE99984,"Fosl1 transdifferentiate embryonic stem cells to differentiated trophoblast stem cells (RNA-seq)","Expression profiling by high throughput sequencing","Mus musculus",3,,"TXT;SRA Run Selector","ftp://ftp.ncbi.nlm.nih.gov/geo/series/GSE99nnn/GSE99984/suppl;https://www.ncbi.nlm.nih.gov/Traces/study/?acc=PRJNA390309",29272857,SRP109122,"Jonghwan Kim","Apr 25, 2018"
GSE100000,"Fosl1 transdifferentiate embryonic stem cells to differentiated trophoblast stem cells","Expression profiling by high throughput sequencing;Genome binding/occupancy profiling by high throughput sequencing","Mus musculus",6,,"BED","ftp://ftp.ncbi.nlm.nih.gov/geo/series/GSE100nnn/GSE100000/suppl",29272857,,"Jonghwan Kim","Apr 25, 2018"
GSE100856,"Topological demarcation by HMGB2 is disrupted early upon senescence entry and induces CTCF clustering across cell types [HiChIP]","Other","Homo sapiens",4,,"BEDPE;TXT;SRA Run Selector","ftp://ftp.ncbi.nlm.nih.gov/geo/series/GSE100nnn/GSE100856/suppl;https://www.ncbi.nlm.nih.gov/Traces/study/?acc=PRJNA393294",29706538,SRP111176,"Milos Nikolic","Apr 25, 2018"
GSE101074,"TFAP2C regulates transcription in human naive pluripotency by opening enhancers","Expression profiling by high throughput sequencing;Genome binding/occupancy profiling by high throughput sequencing","Homo sapiens;Mus musculus",109,,"BW;TXT;SRA Run Selector","ftp://ftp.ncbi.nlm.nih.gov/geo/series/GSE101nnn/GSE101074/suppl;https://www.ncbi.nlm.nih.gov/Traces/study/?acc=PRJNA393683",29695788,SRP111459,"William Abraham Pastor","Apr 25, 2018"
GSE102090,"Topological demarcation by HMGB2 is disrupted early upon senescence entry and induces CTCF clustering across cell types [DROP-seq]","Expression profiling by high throughput sequencing","Homo sapiens",2,,"HDF5;MTX;TSV;SRA Run Selector","ftp://ftp.ncbi.nlm.nih.gov/geo/series/GSE102nnn/GSE102090/suppl;https://www.ncbi.nlm.nih.gov/Traces/study/?acc=PRJNA396566",29706538,SRP114451,"Milos Nikolic","Apr 25, 2018"
GSE102280,"Viral challenge as a potential driver of histone loss in dinoflagellates","Genome binding/occupancy profiling by high throughput sequencing","Saccharomyces cerevisiae",18,,"WIG;SRA Run Selector","ftp://ftp.ncbi.nlm.nih.gov/geo/series/GSE102nnn/GSE102280/suppl;https://www.ncbi.nlm.nih.gov/Traces/study/?acc=PRJNA397208",29670105,SRP114863,"Nicholas Irwin","Apr 25, 2018"
GSE102316,"Translational Regulation in Initial Stages of the Neuronal Injury Response","Expression profiling by high throughput sequencing","Mus musculus",77,,"XLSX;SRA Run Selector","ftp://ftp.ncbi.nlm.nih.gov/geo/series/GSE102nnn/GSE102316/suppl;https://www.ncbi.nlm.nih.gov/Traces/study/?acc=PRJNA397410",,SRP114947,"Riki Kawaguchi","Apr 25, 2018"
GSE104729,"RNA-Seq analysis of prostate cancer cell line C4-2 treated with siRNA control (siCont), siEAF2, sip53 or concurrent siEAF2 and sip53","Expression profiling by high throughput sequencing","Homo sapiens",5,,"GTF;TXT;SRA Run Selector","ftp://ftp.ncbi.nlm.nih.gov/geo/series/GSE104nnn/GSE104729/suppl;https://www.ncbi.nlm.nih.gov/Traces/study/?acc=PRJNA413694",29518696,SRP119606,"Uma Chandran","Apr 25, 2018"
GSE104905,"ERRγ coordinates a transcriptional program of mitochondrial and renal reabsorptive functions implicated in kidney disease [ChIP-seq]","Genome binding/occupancy profiling by high throughput sequencing","Mus musculus",9,,"BEDGRAPH;TXT;SRA Run Selector","ftp://ftp.ncbi.nlm.nih.gov/geo/series/GSE104nnn/GSE104905/suppl;https://www.ncbi.nlm.nih.gov/Traces/study/?acc=PRJNA414152",29735694,SRP119936,"Grant D. Baish","Apr 25, 2018"
GSE104906,"ERRγ coordinates a transcriptional program of mitochondrial and renal reabsorptive functions implicated in kidney disease [RNA-seq]","Expression profiling by high throughput sequencing","Mus musculus",15,,"BEDGRAPH;TXT;SRA Run Selector","ftp://ftp.ncbi.nlm.nih.gov/geo/series/GSE104nnn/GSE104906/suppl;https://www.ncbi.nlm.nih.gov/Traces/study/?acc=PRJNA414151",29735694,SRP119935,"Grant D. Baish","Apr 25, 2018"
GSE104907,"ERRγ coordinates a transcriptional program of mitochondrial and renal reabsorptive functions implicated in kidney disease","Expression profiling by high throughput sequencing;Genome binding/occupancy profiling by high throughput sequencing","Mus musculus",9,,,,29735694,,"Grant D. Baish","Apr 25, 2018"
GSE105773,"RNA editing in nascent RNA affects pre-mRNA splicing","Expression profiling by high throughput sequencing","Homo sapiens",12,,"TXT;SRA Run Selector","ftp://ftp.ncbi.nlm.nih.gov/geo/series/GSE105nnn/GSE105773/suppl;https://www.ncbi.nlm.nih.gov/Traces/study/?acc=PRJNA415378",29724793,SRP120954,"Xinshu Xiao","Apr 25, 2018"
GSE106074,"Cell-free lncRNA expression signatures in urine serve as novel noninvasive biomarkers for diagnosis and recurrence prediction of bladder cancer","Expression profiling by array;Non-coding RNA profiling by array","Homo sapiens",2,,"TXT","ftp://ftp.ncbi.nlm.nih.gov/geo/series/GSE106nnn/GSE106074/suppl",29516641,,"Lutao Du","Apr 25, 2018"
GSE106136,"Transcriptome analyses of three Zymoseptoria tritici isolates during infection of Triticum aestivum","Expression profiling by high throughput sequencing","Triticum aestivum;Zymoseptoria tritici",24,,"TXT;SRA Run Selector","ftp://ftp.ncbi.nlm.nih.gov/geo/series/GSE106nnn/GSE106136/suppl;https://www.ncbi.nlm.nih.gov/Traces/study/?acc=PRJNA415716",30680113,SRP121407,"Janine Haueisen","Apr 25, 2018"
GSE106814,"LIN-41 RIP-Seq","Expression profiling by high throughput sequencing","Caenorhabditis elegans",4,,"TXT;SRA Run Selector","ftp://ftp.ncbi.nlm.nih.gov/geo/series/GSE106nnn/GSE106814/suppl;https://www.ncbi.nlm.nih.gov/Traces/study/?acc=PRJNA418125",29674686,SRP124842,"Dimos Gaidatzis","Apr 25, 2018"
GSE106929,"Next Generation Sequencing Facilitates Comparative Transcriptomes Analysis for different Yarrowia lipolytica strains synthesizing different levels of β-carotene as end products.","Expression profiling by high throughput sequencing","Yarrowia lipolytica",9,,"TXT;SRA Run Selector","ftp://ftp.ncbi.nlm.nih.gov/geo/series/GSE106nnn/GSE106929/suppl;https://www.ncbi.nlm.nih.gov/Traces/study/?acc=PRJNA418470",,SRP125043,"man wang","Apr 25, 2018"
GSE109219,"The evolutionary emergence of the rac3b/rfng/sgca regulatory cluster refined mechanisms for hindbrain boundaries formation","Genome binding/occupancy profiling by high throughput sequencing;Other","Danio rerio",4,,"BEDGRAPH;BW;SRA Run Selector","ftp://ftp.ncbi.nlm.nih.gov/geo/series/GSE109nnn/GSE109219/suppl;https://www.ncbi.nlm.nih.gov/Traces/study/?acc=PRJNA430182",29610331,SRP130997,"Juan J. Tena","Apr 25, 2018"
GSE109231,"RNA-Seq in human T-cell lymphoblastic lymphoma samples and control thymuses","Expression profiling by high throughput sequencing","Homo sapiens",10,,"XLSX;SRA Run Selector","ftp://ftp.ncbi.nlm.nih.gov/geo/series/GSE109nnn/GSE109231/suppl;https://www.ncbi.nlm.nih.gov/Traces/study/?acc=PRJNA430225",29661169,SRP131004,"Osvaldo Graña","Apr 25, 2018"
GSE109232,"small-RNA-Seq in human T-cell lymphoblastic lymphoma samples and control thymuses","Non-coding RNA profiling by high throughput sequencing","Homo sapiens",10,,"XLSX;SRA Run Selector","ftp://ftp.ncbi.nlm.nih.gov/geo/series/GSE109nnn/GSE109232/suppl;https://www.ncbi.nlm.nih.gov/Traces/study/?acc=PRJNA430228",29661169,SRP131005,"Osvaldo Graña","Apr 25, 2018"
GSE109234,"Human T-cell lymphoblastic lymphoma samples and control thymuses","Expression profiling by high throughput sequencing;Non-coding RNA profiling by high throughput sequencing","Homo sapiens",20,,,,29661169,,"Osvaldo Graña","Apr 25, 2018"
GSE109638,"Involvement of B cells, immunoglobulins, and Syk in the pathogenesis of abdominal aortic aneurysm I","Expression profiling by array","Mus musculus",9,,"TXT","ftp://ftp.ncbi.nlm.nih.gov/geo/series/GSE109nnn/GSE109638/suppl",29545260,,"Hiroki Aoki","Apr 25, 2018"
GSE109639,"Involvement of B cells, immunoglobulins, and Syk in the pathogenesis of abdominal aortic aneurysm II","Expression profiling by array","Mus musculus",30,,"TXT","ftp://ftp.ncbi.nlm.nih.gov/geo/series/GSE109nnn/GSE109639/suppl",29545260,,"Hiroki Aoki","Apr 25, 2018"
GSE109640,"Involvement of B cells, immunoglobulins, and Syk in the pathogenesis of abdominal aortic aneurysm","Expression profiling by array","Mus musculus",39,,"TXT","ftp://ftp.ncbi.nlm.nih.gov/geo/series/GSE109nnn/GSE109640/suppl",29545260,,"Hiroki Aoki","Apr 25, 2018"
GSE109982,"Molecular signature of human cerebral organoids glioma model","Expression profiling by high throughput sequencing","Homo sapiens",8,,"XLSX","ftp://ftp.ncbi.nlm.nih.gov/geo/series/GSE109nnn/GSE109982/suppl",29694897,,"Maxim Nikolaievich Shokhirev","Apr 25, 2018"
GSE110374,"Ribotag analysis of proprioceptive dorsal root ganglion neurons in cell culture","Expression profiling by high throughput sequencing","Mus musculus",12,,"CSV;SRA Run Selector","ftp://ftp.ncbi.nlm.nih.gov/geo/series/GSE110nnn/GSE110374/suppl;https://www.ncbi.nlm.nih.gov/Traces/study/?acc=PRJNA433551",,SRP132512,"Riki Kawaguchi","Apr 25, 2018"
GSE110769,"Profiling of differential RNAs in LY500307-treated B16 cells and control-treated B16 cells","Expression profiling by high throughput sequencing","Mus musculus",2,,"XLSX;SRA Run Selector","ftp://ftp.ncbi.nlm.nih.gov/geo/series/GSE110nnn/GSE110769/suppl;https://www.ncbi.nlm.nih.gov/Traces/study/?acc=PRJNA434513",29592953,SRP133036,"Shengtao Zhou","Apr 25, 2018"
GSE110770,"Profiling of differential RNAs in LY500307-treated 4T1 cells and control cells","Expression profiling by high throughput sequencing","Mus musculus",2,,"XLSX;SRA Run Selector","ftp://ftp.ncbi.nlm.nih.gov/geo/series/GSE110nnn/GSE110770/suppl;https://www.ncbi.nlm.nih.gov/Traces/study/?acc=PRJNA434514",29592953,SRP133037,"Shengtao Zhou","Apr 25, 2018"
GSE110935,"The role of CFTR in islet function","Expression profiling by high throughput sequencing","Homo sapiens;Mus musculus",22,,"XLSX;SRA Run Selector","ftp://ftp.ncbi.nlm.nih.gov/geo/series/GSE110nnn/GSE110935/suppl;https://www.ncbi.nlm.nih.gov/Traces/study/?acc=PRJNA434833",29669939,SRP133211,"Nathaniel Hart","Apr 25, 2018"
GSE111199,"The multiple myeloma risk allele at 5q15 lowers ELL2 expression and increases ribosomal gene expression [ELL2 KO]","Expression profiling by high throughput sequencing","Homo sapiens",6,,"TXT;SRA Run Selector","ftp://ftp.ncbi.nlm.nih.gov/geo/series/GSE111nnn/GSE111199/suppl;https://www.ncbi.nlm.nih.gov/Traces/study/?acc=PRJNA436147",29695719,SRP133591,"Björn Nilsson","Apr 25, 2018"
GSE111210,"The multiple myeloma risk allele at 5q15 lowers ELL2 expression and increases ribosomal gene expression [ELL2 rescue]","Expression profiling by high throughput sequencing","Homo sapiens",15,,"TXT;SRA Run Selector","ftp://ftp.ncbi.nlm.nih.gov/geo/series/GSE111nnn/GSE111210/suppl;https://www.ncbi.nlm.nih.gov/Traces/study/?acc=PRJNA436170",29695719,SRP133615,"Björn Nilsson","Apr 25, 2018"
GSE111211,"The multiple myeloma risk allele at 5q15 lowers ELL2 expression and increases ribosomal gene expression","Expression profiling by high throughput sequencing","Homo sapiens",21,,,,29695719,,"Björn Nilsson","Apr 25, 2018"
GSE111438,"Rice domestication-associated miRNA 397 targets laccases to facilitate lignin biosynthesis and yield-related traits [RNA-seq]","Expression profiling by high throughput sequencing","Oryza rufipogon;Oryza sativa;Oryza sativa Indica Group;Oryza sativa aus subgroup;Oryza sativa f. spontanea",20,,"TXT;SRA Run Selector","ftp://ftp.ncbi.nlm.nih.gov/geo/series/GSE111nnn/GSE111438/suppl;https://www.ncbi.nlm.nih.gov/Traces/study/?acc=PRJNA437000",,SRP133966,"Shivaprasad Padubidri V.","Apr 25, 2018"
GSE111440,"Rice domestication-associated miRNA 397 targets laccases to facilitate lignin biosynthesis and yield-related traits [ncRNA-seq]","Non-coding RNA profiling by high throughput sequencing","Oryza rufipogon;Oryza sativa;Oryza sativa Indica Group;Oryza sativa aus subgroup;Oryza sativa f. spontanea",30,,"TXT;SRA Run Selector","ftp://ftp.ncbi.nlm.nih.gov/geo/series/GSE111nnn/GSE111440/suppl;https://www.ncbi.nlm.nih.gov/Traces/study/?acc=PRJNA437123",,SRP134024,"Shivaprasad Padubidri V.","Apr 25, 2018"
GSE111472,"Rice domestication-associated miRNA 397 targets laccases to facilitate lignin biosynthesis and yield-related traits","Expression profiling by high throughput sequencing;Non-coding RNA profiling by high throughput sequencing","Oryza rufipogon;Oryza sativa;Oryza sativa Indica Group;Oryza sativa aus subgroup;Oryza sativa f. spontanea",50,,"TXT","ftp://ftp.ncbi.nlm.nih.gov/geo/series/GSE111nnn/GSE111472/suppl",,,"Shivaprasad Padubidri V.","Apr 25, 2018"
GSE111945,"A Comparison of the Sexually Dimorphic Pravastatin Transcriptome in Mouse Cerebral Cortical Embryonic Neural Stem Cells","Expression profiling by high throughput sequencing","Mus musculus",12,,"XLSX;SRA Run Selector","ftp://ftp.ncbi.nlm.nih.gov/geo/series/GSE111nnn/GSE111945/suppl;https://www.ncbi.nlm.nih.gov/Traces/study/?acc=PRJNA438660",29738536,SRP135875,"Uma Chandran","Apr 25, 2018"
GSE113568,"Next Generation Sequencing Facilitates Quantitative Transcriptomes Analysis of  Smyd4 Downregulation HL-1 Cells By shRNA","Expression profiling by high throughput sequencing","Mus musculus",6,,"TXT;SRA Run Selector","ftp://ftp.ncbi.nlm.nih.gov/geo/series/GSE113nnn/GSE113568/suppl;https://www.ncbi.nlm.nih.gov/Traces/study/?acc=PRJNA453119",,SRP142426,"deyong xiao","Apr 25, 2018"
GSE113571,"Microarray: Discovery of a glucocorticoid receptor (GR) activity signature using selective GR antagonism in ER-negative breast cancer","Expression profiling by array","Homo sapiens",15,,"CEL","ftp://ftp.ncbi.nlm.nih.gov/geo/series/GSE113nnn/GSE113571/suppl",,,"Suzanne D Conzen","Apr 25, 2018"
GSE113598,"MicroRNAs mediate liver transcriptome changes upon soy diet intervention in mice","Non-coding RNA profiling by high throughput sequencing","Mus musculus",6,,"XLS;SRA Run Selector","ftp://ftp.ncbi.nlm.nih.gov/geo/series/GSE113nnn/GSE113598/suppl;https://www.ncbi.nlm.nih.gov/Traces/study/?acc=PRJNA453192",,SRP142482,"Edward Seclaman","Apr 25, 2018"
GSE113599,"R-Ras2 is required for germinal center formation to aid B cells during energetically demanding processes","Expression profiling by array","Mus musculus",7,,"CEL","ftp://ftp.ncbi.nlm.nih.gov/geo/series/GSE113nnn/GSE113599/suppl",29844052,,"Balbino Alarcon","Apr 25, 2018"
GSE113601,"RNA sequencing analysis of adult mixed phenotype acute leukemia (MPAL)","Expression profiling by high throughput sequencing","Homo sapiens",24,,"TXT;SRA Run Selector","ftp://ftp.ncbi.nlm.nih.gov/geo/series/GSE113nnn/GSE113601/suppl;https://www.ncbi.nlm.nih.gov/Traces/study/?acc=PRJNA453199",29991687,SRP142489,"Koichi Takahashi","Apr 25, 2018"
GSE113644,"Genes specific to cowpea: cowpea vs adzuki bean","Genome variation profiling by array","Vigna angularis;Vigna unguiculata",1,,"TXT","ftp://ftp.ncbi.nlm.nih.gov/geo/series/GSE113nnn/GSE113644/suppl",,,"Pei Xu","Apr 25, 2018"
GSE81103,"Altered Neocortical Gene Expression, Brain Overgrowth and Functional Over-Connectivity in Chd8 Haploinsufficient Mice","Expression profiling by high throughput sequencing","Mus musculus",12,,"TXT;SRA Run Selector","ftp://ftp.ncbi.nlm.nih.gov/geo/series/GSE81nnn/GSE81103/suppl;https://www.ncbi.nlm.nih.gov/Traces/study/?acc=PRJNA320534",,SRP074361,"Albert Basson","Apr 24, 2018"
GSE94578,"Long ncRNA Landscape in the Ileum of Treatment Naïve Early Onset Crohn Disease","Expression profiling by high throughput sequencing","Homo sapiens",3,,"TSV;SRA Run Selector","ftp://ftp.ncbi.nlm.nih.gov/geo/series/GSE94nnn/GSE94578/suppl;https://www.ncbi.nlm.nih.gov/Traces/study/?acc=PRJNA371496",29361088,SRP098939,"Tzipi Braun","Apr 24, 2018"
GSE97131,"Chromatin-associated RNA sequencing (ChAR-seq) maps genome-wide RNA-to-DNA contacts","Other","Drosophila melanogaster",5,,"TXT;SRA Run Selector","ftp://ftp.ncbi.nlm.nih.gov/geo/series/GSE97nnn/GSE97131/suppl;https://www.ncbi.nlm.nih.gov/Traces/study/?acc=PRJNA380782",29648534,SRP102609,"Aaron Straight","Apr 24, 2018"
GSE97953,"Rif1 Binding and Control of Chromosome-Internal DNA Replication Origins Is Limited by Telomere sequestration","Genome binding/occupancy profiling by high throughput sequencing;Other","Saccharomyces cerevisiae",40,,"BIGWIG;BW;SRA Run Selector","ftp://ftp.ncbi.nlm.nih.gov/geo/series/GSE97nnn/GSE97953/suppl;https://www.ncbi.nlm.nih.gov/Traces/study/?acc=PRJNA383476",29694906,SRP104236,"Lukas Hafner","Apr 24, 2018"
GSE98110,"Exosome-mediated direct conversion of human fibroblasts into neural progenitor-like cells [MBD-seq]","Methylation profiling by high throughput sequencing","Homo sapiens",3,,"BIGWIG;TXT;SRA Run Selector","ftp://ftp.ncbi.nlm.nih.gov/geo/series/GSE98nnn/GSE98110/suppl;https://www.ncbi.nlm.nih.gov/Traces/study/?acc=PRJNA384025",,SRP105075,"Yong Seung Lee","Apr 24, 2018"
GSE98111,"Exosome-mediated direct conversion of human fibroblasts into neural progenitor-like cells [RNA-Seq]","Expression profiling by high throughput sequencing","Homo sapiens",4,,"TXT;SRA Run Selector","ftp://ftp.ncbi.nlm.nih.gov/geo/series/GSE98nnn/GSE98111/suppl;https://www.ncbi.nlm.nih.gov/Traces/study/?acc=PRJNA384024",,SRP105076,"Yong Seung Lee","Apr 24, 2018"
GSE98112,"Exosome-mediated direct conversion of human fibroblasts into neural progenitor-like cells [ncRNA-Seq]","Non-coding RNA profiling by high throughput sequencing","Homo sapiens",1,,"TXT;SRA Run Selector","ftp://ftp.ncbi.nlm.nih.gov/geo/series/GSE98nnn/GSE98112/suppl;https://www.ncbi.nlm.nih.gov/Traces/study/?acc=PRJNA384023",,SRP105077,"Yong Seung Lee","Apr 24, 2018"
GSE98113,"Exosome-mediated direct conversion of human fibroblasts into neural progenitor-like cells [WTS]","Expression profiling by high throughput sequencing","Homo sapiens",1,,"TXT;SRA Run Selector","ftp://ftp.ncbi.nlm.nih.gov/geo/series/GSE98nnn/GSE98113/suppl;https://www.ncbi.nlm.nih.gov/Traces/study/?acc=PRJNA384022",,SRP105079,"Yong Seung Lee","Apr 24, 2018"
GSE98115,"Exosome-mediated direct conversion of human fibroblasts into neural progenitor-like cells","Expression profiling by high throughput sequencing;Non-coding RNA profiling by high throughput sequencing;Methylation profiling by high throughput sequencing","Homo sapiens",9,,"BIGWIG;TXT","ftp://ftp.ncbi.nlm.nih.gov/geo/series/GSE98nnn/GSE98115/suppl",,,"Yong Seung Lee","Apr 24, 2018"
GSE98161,"HI-C 2.0: AN OPTIMIZED HI-C PROCEDURE FOR HIGH-RESOLUTION GENOME-WIDE MAPPING OF CHROMOSOME CONFORMATION","Other","Homo sapiens",3,,"TXT;XLSX;SRA Run Selector","ftp://ftp.ncbi.nlm.nih.gov/geo/series/GSE98nnn/GSE98161/suppl;https://www.ncbi.nlm.nih.gov/Traces/study/?acc=PRJNA384173",28435001,SRP105181,"Job Dekker","Apr 24, 2018"
GSE98559,"Expression Profiling of Cisplatin Resistant SKOV3 Cell Lines vs. Wild Type SKOV3 Cell Lines","Expression profiling by high throughput sequencing","Homo sapiens",4,,"XLSX;SRA Run Selector","ftp://ftp.ncbi.nlm.nih.gov/geo/series/GSE98nnn/GSE98559/suppl;https://www.ncbi.nlm.nih.gov/Traces/study/?acc=PRJNA385512",29662190;29704517,SRP106480,"Wenge Zhu","Apr 24, 2018"
GSE98768,"Histone H3.1K27 methylation promotes NHEJ by antagonizing FANCD2 on Chromatin","Expression profiling by high throughput sequencing","Homo sapiens",15,,"TXT;SRA Run Selector","ftp://ftp.ncbi.nlm.nih.gov/geo/series/GSE98nnn/GSE98768/suppl;https://www.ncbi.nlm.nih.gov/Traces/study/?acc=PRJNA386162",,SRP106792,"Jin Sun","Apr 24, 2018"
GSE98812,"Integrated time course omics analysis distinguishes immediate therapeutic response from acquired resistance (RNA-Seq)","Expression profiling by high throughput sequencing","Homo sapiens",36,,"TXT;SRA Run Selector","ftp://ftp.ncbi.nlm.nih.gov/geo/series/GSE98nnn/GSE98812/suppl;https://www.ncbi.nlm.nih.gov/Traces/study/?acc=PRJNA386287",,SRP106875,"Elana Judith Fertig","Apr 24, 2018"
GSE98813,"Integrated time course omics analysis distinguishes immediate therapeutic response from acquired resistance. (Methylation)","Methylation profiling by array","Homo sapiens",36,,"IDAT","ftp://ftp.ncbi.nlm.nih.gov/geo/series/GSE98nnn/GSE98813/suppl",,,"Elana Judith Fertig","Apr 24, 2018"
GSE98815,"Integrated time course omics analysis distinguishes immediate therapeutic response from acquired resistance.","Expression profiling by high throughput sequencing;Methylation profiling by array","Homo sapiens",72,,"IDAT","ftp://ftp.ncbi.nlm.nih.gov/geo/series/GSE98nnn/GSE98815/suppl",,,"Elana Judith Fertig","Apr 24, 2018"
GSE100215,"Functional co-operativity of long-noncoding RNAs at the neuroblastoma susceptibility locus 6p22.3 controls disease progression via USP36-CHD7-SOX9 gene regulatory axis.","Expression profiling by high throughput sequencing","Homo sapiens",22,,"TXT;SRA Run Selector","ftp://ftp.ncbi.nlm.nih.gov/geo/series/GSE100nnn/GSE100215/suppl;https://www.ncbi.nlm.nih.gov/Traces/study/?acc=PRJNA391009",29533783,SRP109692,"Subazini TK","Apr 24, 2018"
GSE101700,"Differential expression of genes in Fezf2KO mouse retina and control retina","Expression profiling by high throughput sequencing","Mus musculus",4,,"TXT;SRA Run Selector","ftp://ftp.ncbi.nlm.nih.gov/geo/series/GSE101nnn/GSE101700/suppl;https://www.ncbi.nlm.nih.gov/Traces/study/?acc=PRJNA395225",29559301,SRP113240,"Sumiko Watanabe","Apr 24, 2018"
GSE102352,"Sequential expression profile  of cortical neuron differentiation from human induced pluripotent stem cells (iPSCs) by RNA-Seq","Expression profiling by high throughput sequencing","Homo sapiens",5,,"XLSX;SRA Run Selector","ftp://ftp.ncbi.nlm.nih.gov/geo/series/GSE102nnn/GSE102352/suppl;https://www.ncbi.nlm.nih.gov/Traces/study/?acc=PRJNA397542",29631039,SRP115014,"Jubao Duan","Apr 24, 2018"
GSE102861,"RNA-seq profiling of the Tg(myo6b:GFP-2A-rpl10a-3xHA) zebrafish hair cell IP vs. whole fish IN","Expression profiling by high throughput sequencing","Danio rerio",7,,"TXT;SRA Run Selector","ftp://ftp.ncbi.nlm.nih.gov/geo/series/GSE102nnn/GSE102861/suppl;https://www.ncbi.nlm.nih.gov/Traces/study/?acc=PRJNA399133",29765956,SRP115900,"yang song","Apr 24, 2018"
GSE103588,"NOTCH-mediated non-cell autonomous regulation of chromatin structure during senescence [ATAC-Seq]","Genome binding/occupancy profiling by high throughput sequencing","Homo sapiens",24,,"BEDGRAPH;NARROWPEAK;SRA Run Selector","ftp://ftp.ncbi.nlm.nih.gov/geo/series/GSE103nnn/GSE103588/suppl;https://www.ncbi.nlm.nih.gov/Traces/study/?acc=PRJNA402015",29743479,SRP117024,"Shamith Samarajiwa","Apr 24, 2018"
GSE103589,"NOTCH-mediated non-cell autonomous regulation of chromatin structure during senescence [ChIP-Seq]","Genome binding/occupancy profiling by high throughput sequencing","Homo sapiens",32,,"BEDGRAPH;NARROWPEAK;SRA Run Selector","ftp://ftp.ncbi.nlm.nih.gov/geo/series/GSE103nnn/GSE103589/suppl;https://www.ncbi.nlm.nih.gov/Traces/study/?acc=PRJNA402016",29743479,SRP117023,"Shamith Samarajiwa","Apr 24, 2018"
GSE103590,"NOTCH-mediated non-cell autonomous regulation of chromatin structure during senescence","Genome binding/occupancy profiling by high throughput sequencing","Homo sapiens",80,,"BEDGRAPH;NARROWPEAK;TXT","ftp://ftp.ncbi.nlm.nih.gov/geo/series/GSE103nnn/GSE103590/suppl",29743479,,"Shamith Samarajiwa","Apr 24, 2018"
GSE106383,"Characterization of DCL4 missense alleles provides novel insights into its ability to process distinct classes of dsRNA substrates","Expression profiling by high throughput sequencing","Arabidopsis thaliana",6,,"TXT;SRA Run Selector","ftp://ftp.ncbi.nlm.nih.gov/geo/series/GSE106nnn/GSE106383/suppl;https://www.ncbi.nlm.nih.gov/Traces/study/?acc=PRJNA416658",29682831,SRP123229,"Patrice Dunoyer","Apr 24, 2018"
GSE108254,"Gain of function of the ATXN1-CIC complex drives cerebellar pathology in Spinocerebellar ataxia type 1 (part 1)","Expression profiling by high throughput sequencing","Mus musculus",7,,"TXT;SRA Run Selector","ftp://ftp.ncbi.nlm.nih.gov/geo/series/GSE108nnn/GSE108254/suppl;https://www.ncbi.nlm.nih.gov/Traces/study/?acc=PRJNA422989",29526553,SRP127001,"Christine Henzler","Apr 24, 2018"
GSE108255,"Gain of function of the ATXN1-CIC complex drives cerebellar pathology in Spinocerebellar ataxia type 1 (part 2)","Expression profiling by high throughput sequencing","Mus musculus",15,,"TXT;SRA Run Selector","ftp://ftp.ncbi.nlm.nih.gov/geo/series/GSE108nnn/GSE108255/suppl;https://www.ncbi.nlm.nih.gov/Traces/study/?acc=PRJNA422988",29526553,SRP127005,"Christine Henzler","Apr 24, 2018"
GSE108256,"Gain of function of the ATXN1-CIC complex drives cerebellar pathology in Spinocerebellar ataxia type 1","Expression profiling by high throughput sequencing","Mus musculus",22,,"TXT","ftp://ftp.ncbi.nlm.nih.gov/geo/series/GSE108nnn/GSE108256/suppl",29526553,,"Christine Henzler","Apr 24, 2018"
GSE112033,"Parabiosis and single-cell RNA-Sequencing reveal a limited contribution of monocytes to myofibroblasts in kidney fibrosis","Expression profiling by high throughput sequencing","Mus musculus",384,,"CSV;SRA Run Selector","ftp://ftp.ncbi.nlm.nih.gov/geo/series/GSE112nnn/GSE112033/suppl;https://www.ncbi.nlm.nih.gov/Traces/study/?acc=PRJNA438988",29720573,SRP136021,"Haojia Wu","Apr 24, 2018"
GSE112732,"Genome-wide transcriptional analysis of human patterned induced neurons (hpiNs)","Expression profiling by high throughput sequencing","Homo sapiens",68,,"TXT;SRA Run Selector","ftp://ftp.ncbi.nlm.nih.gov/geo/series/GSE112nnn/GSE112732/suppl;https://www.ncbi.nlm.nih.gov/Traces/study/?acc=PRJNA451126",29791859,SRP141364,"Ralda Nehme","Apr 24, 2018"
GSE113060,"NOTCH-mediated non-cell autonomous regulation of chromatin structure during senescence [RNA-Seq]","Expression profiling by high throughput sequencing","Homo sapiens",24,,"TXT;SRA Run Selector","ftp://ftp.ncbi.nlm.nih.gov/geo/series/GSE113nnn/GSE113060/suppl;https://www.ncbi.nlm.nih.gov/Traces/study/?acc=PRJNA449912",29743479,SRP139787,"Shamith Samarajiwa","Apr 24, 2018"
GSE113507,"Expression data from mouse colorectal cancer grown in non-adipose environment or white adipose environment","Expression profiling by array","Mus musculus",6,,"CEL;CHP","ftp://ftp.ncbi.nlm.nih.gov/geo/series/GSE113nnn/GSE113507/suppl",,,"Yunlong Yang","Apr 24, 2018"
GSE113508,"Expressioin data from mouse colorectal cancer grown in healthy liver or fatty liver with or without antiangiogenic treatment","Expression profiling by array","Mus musculus",12,,"CEL;CHP","ftp://ftp.ncbi.nlm.nih.gov/geo/series/GSE113nnn/GSE113508/suppl",,,"Yunlong Yang","Apr 24, 2018"
GSE113513,"Gene expression profile of human colorectal carcinoma","Expression profiling by array","Homo sapiens",28,,"CEL","ftp://ftp.ncbi.nlm.nih.gov/geo/series/GSE113nnn/GSE113513/suppl",,,"Jun Peng","Apr 24, 2018"
GSE113525,"Salamander Temperature Exposure Experiment","Expression profiling by array","Salamandra salamandra",32,,"TXT","ftp://ftp.ncbi.nlm.nih.gov/geo/series/GSE113nnn/GSE113525/suppl",,,"Till Czypionka","Apr 24, 2018"
GSE113527,"Epigenetic changes in umbilical cord mesenchymal stromal cells upon stimulation and culture expansion","Methylation profiling by array","Homo sapiens",32,,"IDAT","ftp://ftp.ncbi.nlm.nih.gov/geo/series/GSE113nnn/GSE113527/suppl",29934259,,"Fleur Peters","Apr 24, 2018"
GSE113541,"mRNA profiles of WT and STAT6-/- mice colon tissue","Expression profiling by high throughput sequencing","Mus musculus",6,,"TXT;SRA Run Selector","ftp://ftp.ncbi.nlm.nih.gov/geo/series/GSE113nnn/GSE113541/suppl;https://www.ncbi.nlm.nih.gov/Traces/study/?acc=PRJNA451477",,SRP142317,"Yuli Lin","Apr 24, 2018"
GSE113545,"Cytosine methylation analysis of adult mixed phenotype acute leukemia (MPAL)","Methylation profiling by genome tiling array","Homo sapiens",31,,"IDAT","ftp://ftp.ncbi.nlm.nih.gov/geo/series/GSE113nnn/GSE113545/suppl",29991687,,"Koichi Takahashi","Apr 24, 2018"
GSE113551,"HCMV Latently infected Kasumi-3 transcription analysis.","Expression profiling by array","Homo sapiens",6,,"CEL;CHP;DAT","ftp://ftp.ncbi.nlm.nih.gov/geo/series/GSE113nnn/GSE113551/suppl",,,"Eain Anthony Murphy","Apr 24, 2018"
GSE113592,"Open chromatin landscape of mouse embryonic stem cells","Genome binding/occupancy profiling by high throughput sequencing","Mus musculus",1,,"BW;NARROWPEAK;SRA Run Selector","ftp://ftp.ncbi.nlm.nih.gov/geo/series/GSE113nnn/GSE113592/suppl;https://www.ncbi.nlm.nih.gov/Traces/study/?acc=PRJNA453185",,SRP142467,"Bing Ren","Apr 24, 2018"
GSE62478,"RNA-seq analysis of alternative splicing between two Arabidopsis accessions and its inheritance in hybrid","Expression profiling by high throughput sequencing","Arabidopsis thaliana",12,,"TXT;SRA Run Selector","ftp://ftp.ncbi.nlm.nih.gov/geo/series/GSE62nnn/GSE62478/suppl;https://www.ncbi.nlm.nih.gov/Traces/study/?acc=PRJNA264397",26497803,SRP049101,"Xuncheng Wang","Apr 23, 2018"
GSE68241,"A stromal niche regulate CSCs in Wnt-Met mammary gland tumors","Expression profiling by array","Mus musculus",10,,"CEL","ftp://ftp.ncbi.nlm.nih.gov/geo/series/GSE68nnn/GSE68241/suppl",,,"Giovanni Valenti","Apr 23, 2018"
GSE79223,"high-throughput transciptome study for rhesus macaque","Expression profiling by high throughput sequencing","Macaca mulatta",10,,"RPKM;SRA Run Selector","ftp://ftp.ncbi.nlm.nih.gov/geo/series/GSE79nnn/GSE79223/suppl;https://www.ncbi.nlm.nih.gov/Traces/study/?acc=PRJNA315203",29789568,SRP071778,"Jia-Yu Chen","Apr 23, 2018"
GSE93240,"NUCLEAR FATE OF YEAST SNORNA IS DETERMINED BY COTRANSCRIPTIONAL RNT1 CLEAVAGE","Expression profiling by high throughput sequencing;Genome binding/occupancy profiling by high throughput sequencing;Other","Saccharomyces cerevisiae",11,,"BED;BW;SRA Run Selector","ftp://ftp.ncbi.nlm.nih.gov/geo/series/GSE93nnn/GSE93240/suppl;https://www.ncbi.nlm.nih.gov/Traces/study/?acc=PRJNA360411",29725044,SRP096186,"Nicholas Proudfoot","Apr 23, 2018"
GSE94028,"The role of AR associated protein and lncRNA in androgen signaling","Expression profiling by high throughput sequencing","Homo sapiens",10,,"XLSX;SRA Run Selector","ftp://ftp.ncbi.nlm.nih.gov/geo/series/GSE94nnn/GSE94028/suppl;https://www.ncbi.nlm.nih.gov/Traces/study/?acc=PRJNA363077",,SRP097708,"Ken-ichi Takayama","Apr 23, 2018"
GSE94577,"Genome wide analysis of androgen-receptor binding sites and associated factors in prostate cancer cells","Genome binding/occupancy profiling by high throughput sequencing","Homo sapiens",32,,"BED;SRA Run Selector","ftp://ftp.ncbi.nlm.nih.gov/geo/series/GSE94nnn/GSE94577/suppl;https://www.ncbi.nlm.nih.gov/Traces/study/?acc=PRJNA371492",,SRP098935,"Ken-ichi Takayama","Apr 23, 2018"
GSE98434,"The fungus Aspergillus niger consumes sugars in a sequential manner that is not mediated by the carbon catabolite repressor CreA","Expression profiling by array","Aspergillus niger;Aspergillus niger CBS 513.88",8,,"CEL","ftp://ftp.ncbi.nlm.nih.gov/geo/series/GSE98nnn/GSE98434/suppl",29703914,,"Ronald de Vries","Apr 23, 2018"
GSE99212,"Transcriptome analysis of immortalized and transformed human IMR90 fibroblasts","Expression profiling by high throughput sequencing","Homo sapiens",6,,"XLS;SRA Run Selector","ftp://ftp.ncbi.nlm.nih.gov/geo/series/GSE99nnn/GSE99212/suppl;https://www.ncbi.nlm.nih.gov/Traces/study/?acc=PRJNA381003",29171785,SRP102731,"Martin Teichmann","Apr 23, 2018"
GSE100368,"Mapping Interaction Sites on Human Chemokine Receptors by Deep Mutational Scanning","Other","Homo sapiens",19,,"XLSX;SRA Run Selector","ftp://ftp.ncbi.nlm.nih.gov/geo/series/GSE100nnn/GSE100368/suppl;https://www.ncbi.nlm.nih.gov/Traces/study/?acc=PRJNA391469",29678950,SRP110157,"Erik Procko","Apr 23, 2018"
GSE100861,"Single cell transcriptomics reveal an essential role for Hippo signaling in cell state transitions during cardiac fibroblast development","Expression profiling by high throughput sequencing","Mus musculus",4,,"TXT;SRA Run Selector","ftp://ftp.ncbi.nlm.nih.gov/geo/series/GSE100nnn/GSE100861/suppl;https://www.ncbi.nlm.nih.gov/Traces/study/?acc=PRJNA393307",29689192,SRP111185,"Yang Xiao","Apr 23, 2018"
GSE103675,"Glucocorticoid Regulated Transcriptome in Wild-type and GR-C3 Knockin Mouse Embryonic Fibroblasts","Expression profiling by array","Mus musculus",12,,"TXT","ftp://ftp.ncbi.nlm.nih.gov/geo/series/GSE103nnn/GSE103675/suppl",29672221,,"NIEHS Microarray Core","Apr 23, 2018"
GSE104821,"RNA-seq analysis of murine gastric tissue from Lats1/2-knockout mice","Expression profiling by high throughput sequencing","Mus musculus",4,,"TSV;SRA Run Selector","ftp://ftp.ncbi.nlm.nih.gov/geo/series/GSE104nnn/GSE104821/suppl;https://www.ncbi.nlm.nih.gov/Traces/study/?acc=PRJNA413936",29669762,SRP119763,"Wonyoung Choi","Apr 23, 2018"
GSE104822,"miRNA-seq analysis of YAP5SA overexpressed gastric epithelial cells","Non-coding RNA profiling by high throughput sequencing","Homo sapiens",4,,"XLSX;SRA Run Selector","ftp://ftp.ncbi.nlm.nih.gov/geo/series/GSE104nnn/GSE104822/suppl;https://www.ncbi.nlm.nih.gov/Traces/study/?acc=PRJNA413938",29669762,SRP119761,"Wonyoung Choi","Apr 23, 2018"
GSE104823,"YAP/TAZ initiates gastric tumorigenesis via upregulation of MYC","Expression profiling by high throughput sequencing;Non-coding RNA profiling by high throughput sequencing","Homo sapiens;Mus musculus",8,,,,29669762,,"Wonyoung Choi","Apr 23, 2018"
GSE105005,"The cohesin ring uses its hinge to organize DNA using non-topological as well as topological mechanisms","Genome binding/occupancy profiling by high throughput sequencing","Saccharomyces cerevisiae",34,,"BW;SRA Run Selector","ftp://ftp.ncbi.nlm.nih.gov/geo/series/GSE105nnn/GSE105005/suppl;https://www.ncbi.nlm.nih.gov/Traces/study/?acc=PRJNA414408",,SRP120004,"Kim Nasmyth","Apr 23, 2018"
GSE108451,"Mesenchymal TNFR2 promotes the development of polyarthritis and comorbid heart valve stenosis.","Expression profiling by high throughput sequencing","Mus musculus",18,,"TXT;SRA Run Selector","ftp://ftp.ncbi.nlm.nih.gov/geo/series/GSE108nnn/GSE108451/suppl;https://www.ncbi.nlm.nih.gov/Traces/study/?acc=PRJNA427313",29618659,SRP127399,"George Kollias","Apr 23, 2018"
GSE109215,"Whole transcriptome and miRNAome analysis of porcine muscle tissue in terms of muscle growth and development","Non-coding RNA profiling by high throughput sequencing","Sus scrofa",13,,"FA;XLSX;SRA Run Selector","ftp://ftp.ncbi.nlm.nih.gov/geo/series/GSE109nnn/GSE109215/suppl;https://www.ncbi.nlm.nih.gov/Traces/study/?acc=PRJNA430156",29659518,SRP130994,"Klaudia Pawlina-Tyszko","Apr 23, 2018"
GSE111312,"Liver transcriptome analysis reveals extensive transcriptional plasticity during acclimation to low salinity in Cynoglossus semilaevis","Expression profiling by high throughput sequencing","Cynoglossus semilaevis",6,,"TXT;XLS;SRA Run Selector","ftp://ftp.ncbi.nlm.nih.gov/geo/series/GSE111nnn/GSE111312/suppl;https://www.ncbi.nlm.nih.gov/Traces/study/?acc=PRJNA436579",29914359,SRP133777,"YUFENG SI","Apr 23, 2018"
GSE112999,"RNA sequencing of white adipose tissue of lean and obese mice","Expression profiling by high throughput sequencing","Mus musculus",18,,"TXT;SRA Run Selector","ftp://ftp.ncbi.nlm.nih.gov/geo/series/GSE112nnn/GSE112999/suppl;https://www.ncbi.nlm.nih.gov/Traces/study/?acc=PRJNA449709",,SRP139599,"Haifei Shi","Apr 23, 2018"
GSE113426,"RNAseq Study in CC-671 Treated Cal-51 Cells","Expression profiling by high throughput sequencing","Homo sapiens",16,,"TXT;SRA Run Selector","ftp://ftp.ncbi.nlm.nih.gov/geo/series/GSE113nnn/GSE113426/suppl;https://www.ncbi.nlm.nih.gov/Traces/study/?acc=PRJNA451158",29866747,SRP141379,"Tao Shi","Apr 23, 2018"
GSE113496,"Genetic defects affecting the development of severe Buruli Ulcer","Genome variation profiling by SNP array","Homo sapiens",7,,"CEL;TXT","ftp://ftp.ncbi.nlm.nih.gov/geo/series/GSE113nnn/GSE113496/suppl",29708969,,"Yelena Nemirovskaya","Apr 23, 2018"
GSE113504,"Clinker: visualizing fusion genes detected in RNA-seq data","Expression profiling by high throughput sequencing","Homo sapiens",6,,"CSV;SRA Run Selector","ftp://ftp.ncbi.nlm.nih.gov/geo/series/GSE113nnn/GSE113504/suppl;https://www.ncbi.nlm.nih.gov/Traces/study/?acc=PRJNA451407",29982439,SRP142249,"Andrew Lonsdale","Apr 23, 2018"
GSE69223,"Genome-wide analysis of gene expression patterns in human prostate cancer (PCa)","Expression profiling by array","Homo sapiens",30,,"CEL","ftp://ftp.ncbi.nlm.nih.gov/geo/series/GSE69nnn/GSE69223/suppl",26623558,,"Klaus Jung","Apr 22, 2018"
GSE77912,"Transcriptional effects after the expression of MYB30, MYB55 or MYB110 gene","Expression profiling by array","Oryza sativa",4,,"TXT","ftp://ftp.ncbi.nlm.nih.gov/geo/series/GSE77nnn/GSE77912/suppl",29562362,,"Akira Takahashi","Apr 22, 2018"
GSE80609,"Gene expression profiling study by RNA-seq for identifying gene signatures associated with castration-refractory prostate cancer (CRPC) development.","Expression profiling by high throughput sequencing","Homo sapiens",45,,"TXT;SRA Run Selector","ftp://ftp.ncbi.nlm.nih.gov/geo/series/GSE80nnn/GSE80609/suppl;https://www.ncbi.nlm.nih.gov/Traces/study/?acc=PRJNA319483",29383125,SRP073789,"Seon-Kyu Kim","Apr 22, 2018"
GSE97940,"RNA-Sequencing of 2,4-D treated Brachypodium distachyon roots containing NLS","Expression profiling by high throughput sequencing","Brachypodium distachyon",6,,"TXT;SRA Run Selector","ftp://ftp.ncbi.nlm.nih.gov/geo/series/GSE97nnn/GSE97940/suppl;https://www.ncbi.nlm.nih.gov/Traces/study/?acc=PRJNA383406",29511998,SRP104182,"Arijit Mukherjee","Apr 22, 2018"
GSE100526,"TLR4 deficiency reduces inflammatory signaling by reprogramming macrophage lipid metabolism","Expression profiling by high throughput sequencing","Mus musculus",10,,"TXT;SRA Run Selector","ftp://ftp.ncbi.nlm.nih.gov/geo/series/GSE100nnn/GSE100526/suppl;https://www.ncbi.nlm.nih.gov/Traces/study/?acc=PRJNA392038",29681442,SRP110574,"Saskia Reibe","Apr 22, 2018"
GSE101004,"Pseudouridylation of tRNA-derived fragments steers translation control in stem cells [small RNA-seq]","Non-coding RNA profiling by high throughput sequencing","Homo sapiens",8,,"TXT;SRA Run Selector","ftp://ftp.ncbi.nlm.nih.gov/geo/series/GSE101nnn/GSE101004/suppl;https://www.ncbi.nlm.nih.gov/Traces/study/?acc=PRJNA393589",29628141,SRP111422,"Shamit Soneji","Apr 22, 2018"
GSE101005,"Pseudouridylation of tRNA-derived fragments steers translation control in stem cells [iCLIP]","Other","Homo sapiens",10,,"TXT;SRA Run Selector","ftp://ftp.ncbi.nlm.nih.gov/geo/series/GSE101nnn/GSE101005/suppl;https://www.ncbi.nlm.nih.gov/Traces/study/?acc=PRJNA393590",29628141,SRP111421,"Shamit Soneji","Apr 22, 2018"
GSE101006,"Pseudouridylation of tRNA-derived fragments steers translation control in stem cells","Other;Non-coding RNA profiling by high throughput sequencing","Homo sapiens",18,,"TXT","ftp://ftp.ncbi.nlm.nih.gov/geo/series/GSE101nnn/GSE101006/suppl",29628141,,"Shamit Soneji","Apr 22, 2018"
GSE102949,"Expression data of human dermal papilla cell with or without beta-estradiol","Expression profiling by array","Homo sapiens",6,,"CEL","ftp://ftp.ncbi.nlm.nih.gov/geo/series/GSE102nnn/GSE102949/suppl",29724581,,"Yujiro Endo","Apr 22, 2018"
GSE103438,"The miRNA profile of P. xylostella in response to chlorantraniliprole exposure","Non-coding RNA profiling by high throughput sequencing","Plutella xylostella",12,,"TXT;SRA Run Selector","ftp://ftp.ncbi.nlm.nih.gov/geo/series/GSE103nnn/GSE103438/suppl;https://www.ncbi.nlm.nih.gov/Traces/study/?acc=PRJNA401793",29573306,SRP116946,"Kayvan Etebari","Apr 22, 2018"
GSE106443,"Long non-coding and coding RNAs characterization in Peripheral Blood Mononuclear Cells and Spinal Cord from Amyotrophic Lateral Sclerosis patients","Non-coding RNA profiling by high throughput sequencing","Homo sapiens",20,,"TXT;SRA Run Selector","ftp://ftp.ncbi.nlm.nih.gov/geo/series/GSE106nnn/GSE106443/suppl;https://www.ncbi.nlm.nih.gov/Traces/study/?acc=PRJNA416880",30720798;29402919,SRP123453,"Raffaele A Calogero","Apr 22, 2018"
GSE106711,"Epigenetic regulation by BAF (mSWI/SNF) complexes limits neural stem cell proliferation by suppressing Wnt signaling in late cortical neurogenesis","Expression profiling by high throughput sequencing;Genome binding/occupancy profiling by high throughput sequencing","Mus musculus",36,,"TXT;XLS;SRA Run Selector","ftp://ftp.ncbi.nlm.nih.gov/geo/series/GSE106nnn/GSE106711/suppl;https://www.ncbi.nlm.nih.gov/Traces/study/?acc=PRJNA417717",29779894,SRP124677,"Gaurav Jain","Apr 22, 2018"
GSE113487,"The DEAD-box protein Dbp2p is linked to non-coding RNAs, the helicase Sen1p, and R-loops [RNA-Seq]","Expression profiling by high throughput sequencing","Saccharomyces cerevisiae",4,,"TXT;SRA Run Selector","ftp://ftp.ncbi.nlm.nih.gov/geo/series/GSE113nnn/GSE113487/suppl;https://www.ncbi.nlm.nih.gov/Traces/study/?acc=PRJNA451260",,SRP141643,"Frank Tedeschi","Apr 22, 2018"
GSE113488,"The DEAD-box protein Dbp2p is linked to non-coding RNAs, the helicase Sen1p, and R-loops [iCLIP]","Expression profiling by high throughput sequencing;Other","Saccharomyces cerevisiae",2,,"TXT;SRA Run Selector","ftp://ftp.ncbi.nlm.nih.gov/geo/series/GSE113nnn/GSE113488/suppl;https://www.ncbi.nlm.nih.gov/Traces/study/?acc=PRJNA451261",,SRP141644,"Frank Tedeschi","Apr 22, 2018"
GSE113489,"The DEAD-box protein Dbp2p is linked to non-coding RNAs, the helicase Sen1p, and R-loops","Expression profiling by high throughput sequencing;Other","Saccharomyces cerevisiae",6,,"TXT","ftp://ftp.ncbi.nlm.nih.gov/geo/series/GSE113nnn/GSE113489/suppl",,,"Frank Tedeschi","Apr 22, 2018"
GSE81676,"Prerequisite Barcoding of Cell-Type-Restricted Enhancers by ESC Transcription Factors in ESCs Licenses Their Robust Developmental Activation [ChIP-Seq]","Genome binding/occupancy profiling by high throughput sequencing","Mus musculus",9,,"BEDGRAPH;BIGWIG;SRA Run Selector","ftp://ftp.ncbi.nlm.nih.gov/geo/series/GSE81nnn/GSE81676/suppl;https://www.ncbi.nlm.nih.gov/Traces/study/?acc=PRJNA322295",29670286,SRP075468,"Hong Kim","Apr 21, 2018"
GSE81677,"Prerequisite Barcoding of Cell-Type-Restricted Enhancers by ESC Transcription Factors in ESCs Licenses Their Robust Developmental Activation [Pro-cap]","Other","Mus musculus",2,,"BEDGRAPH;SRA Run Selector","ftp://ftp.ncbi.nlm.nih.gov/geo/series/GSE81nnn/GSE81677/suppl;https://www.ncbi.nlm.nih.gov/Traces/study/?acc=PRJNA322299",29670286,SRP075469,"Hong Kim","Apr 21, 2018"
GSE81678,"Prerequisite Barcoding of Cell-Type-Restricted Enhancers by ESC Transcription Factors in ESCs Licenses Their Robust Developmental Activation [4C-Seq]","Other","Mus musculus",4,,"TXT;SRA Run Selector","ftp://ftp.ncbi.nlm.nih.gov/geo/series/GSE81nnn/GSE81678/suppl;https://www.ncbi.nlm.nih.gov/Traces/study/?acc=PRJNA322298",29670286,SRP075470,"Hong Kim","Apr 21, 2018"
GSE81679,"Prerequisite Barcoding of Cell-Type-Restricted Enhancers by ESC Transcription Factors in ESCs Licenses Their Robust Developmental Activation [ATAC-Seq]","Genome binding/occupancy profiling by high throughput sequencing","Mus musculus",4,,"BEDGRAPH;BIGWIG;SRA Run Selector","ftp://ftp.ncbi.nlm.nih.gov/geo/series/GSE81nnn/GSE81679/suppl;https://www.ncbi.nlm.nih.gov/Traces/study/?acc=PRJNA322297",29670286,SRP075471,"Hong Kim","Apr 21, 2018"
GSE81680,"Prerequisite Barcoding of Cell-Type-Restricted Enhancers by ESC Transcription Factors in ESCs Licenses Their Robust Developmental Activation [MeDIP-Seq]","Methylation profiling by high throughput sequencing","Mus musculus",2,,"BEDGRAPH;SRA Run Selector","ftp://ftp.ncbi.nlm.nih.gov/geo/series/GSE81nnn/GSE81680/suppl;https://www.ncbi.nlm.nih.gov/Traces/study/?acc=PRJNA322296",29670286,SRP075472,"Hong Kim","Apr 21, 2018"
GSE81681,"Prerequisite Barcoding of Cell-Type-Restricted Enhancers by ESC Transcription Factors in ESCs Licenses Their Robust Developmental Activation","Genome binding/occupancy profiling by high throughput sequencing;Other;Methylation profiling by high throughput sequencing;Expression profiling by high throughput sequencing","Mus musculus",26,,"BEDGRAPH;BIGWIG;TXT","ftp://ftp.ncbi.nlm.nih.gov/geo/series/GSE81nnn/GSE81681/suppl",29670286,,"Hong Kim","Apr 21, 2018"
GSE96903,"Prerequisite Barcoding of Cell-Type-Rpecific Enhancers by ESC Transcription Factors in ESCs Licenses Their Robust Developmental Activation [RNA-seq]","Expression profiling by high throughput sequencing","Mus musculus",5,,"BEDGRAPH;SRA Run Selector","ftp://ftp.ncbi.nlm.nih.gov/geo/series/GSE96nnn/GSE96903/suppl;https://www.ncbi.nlm.nih.gov/Traces/study/?acc=PRJNA380062",29670286,SRP102284,"Hong Kim","Apr 21, 2018"
GSE99754,"Transcriptome analysis of Col, ore3 and ore12 during dark-induced leaf senescence","Expression profiling by array","Arabidopsis thaliana",24,,"CALLS;PAIR","ftp://ftp.ncbi.nlm.nih.gov/geo/series/GSE99nnn/GSE99754/suppl",29648620,,"Jeongsik Kim","Apr 21, 2018"
GSE102130,"Single cell RNA-seq analysis of K27M-mutant glioma","Expression profiling by high throughput sequencing","Homo sapiens",4058,,"TXT","ftp://ftp.ncbi.nlm.nih.gov/geo/series/GSE102nnn/GSE102130/suppl",29674595,,"Itay Tirosh","Apr 21, 2018"
GSE102190,"Electrophilic stress induced by dimethyl itaconate regulates IkB-zeta-mediated inflammatory responses","Expression profiling by high throughput sequencing","Mus musculus",8,,"TXT;SRA Run Selector","ftp://ftp.ncbi.nlm.nih.gov/geo/series/GSE102nnn/GSE102190/suppl;https://www.ncbi.nlm.nih.gov/Traces/study/?acc=PRJNA396951",29670287,SRP114712,"Maxim N. Artyomov","Apr 21, 2018"
GSE103421,"A stress response that monitors and regulates mRNA structure is central to cold-shock adaptation","Expression profiling by high throughput sequencing;Other","Escherichia coli;Escherichia coli str. K-12 substr. MG1655",55,,"TXT;WIG;SRA Run Selector","ftp://ftp.ncbi.nlm.nih.gov/geo/series/GSE103nnn/GSE103421/suppl;https://www.ncbi.nlm.nih.gov/Traces/study/?acc=PRJNA401857",29628307,SRP117035,"Yan Zhang","Apr 21, 2018"
GSE110749,"Dimethyl itaconate inhibits secondary wave of NF-κB signaling in macrophage activation","Expression profiling by high throughput sequencing","Mus musculus",20,,"TXT;SRA Run Selector","ftp://ftp.ncbi.nlm.nih.gov/geo/series/GSE110nnn/GSE110749/suppl;https://www.ncbi.nlm.nih.gov/Traces/study/?acc=PRJNA434457",29670287,SRP133013,"Maxim N. Artyomov","Apr 21, 2018"
GSE112935,"RNA-seq analysis dataset: FACS-sorted Ptf1a-lineage cells from E14.5 hypothalamus of Ptf1a hetero and homozygous mice","Expression profiling by high throughput sequencing","Mus musculus",8,,"XLSX","ftp://ftp.ncbi.nlm.nih.gov/geo/series/GSE112nnn/GSE112935/suppl",29972793,,"Tomoyuki Fujiyama","Apr 21, 2018"
GSE113425,"The bacteriophage T4 MotB protein, a DNA-binding protein, improves phage fitness","Expression profiling by high throughput sequencing","Escherichia virus T4",6,,"CSV;SRA Run Selector","ftp://ftp.ncbi.nlm.nih.gov/geo/series/GSE113nnn/GSE113425/suppl;https://www.ncbi.nlm.nih.gov/Traces/study/?acc=PRJNA451129",29949907,SRP141365,"Jennifer Patterson West","Apr 21, 2018"
GSE113427,"Expression data from MDA-MB-231 breast cancer cells","Expression profiling by array","Homo sapiens",16,,"CEL;CHP","ftp://ftp.ncbi.nlm.nih.gov/geo/series/GSE113nnn/GSE113427/suppl",,,"Marnie Newell","Apr 21, 2018"
GSE113432,"MeDIP-chip result of 10 lung cancer patients","Methylation profiling by genome tiling array","Homo sapiens",2,,"GFF;PAIR;XLS","ftp://ftp.ncbi.nlm.nih.gov/geo/series/GSE113nnn/GSE113432/suppl",30286088,,"Juan Wang","Apr 21, 2018"
GSE113438,"Enhanced wound healing of tissue-engineered human corneas through altered phosphorylation of the CREB and AKT signal transduction pathways","Expression profiling by array","Homo sapiens",8,,"TXT","ftp://ftp.ncbi.nlm.nih.gov/geo/series/GSE113nnn/GSE113438/suppl",29656072,,"Sylvain Guérin","Apr 21, 2018"
GSE113439,"Gene expression profiling of pulmonary arterial hypertension","Expression profiling by array","Homo sapiens",26,,"CEL","ftp://ftp.ncbi.nlm.nih.gov/geo/series/GSE113nnn/GSE113439/suppl",,,"Marco Mura","Apr 21, 2018"
GSE113440,"MicroRNA-590-3p promotes ovarian cancer growth and metastasis via a novel FOXA2-Versican pathway","Expression profiling by array","Homo sapiens",6,,"IDAT;TXT","ftp://ftp.ncbi.nlm.nih.gov/geo/series/GSE113nnn/GSE113440/suppl",29748371,,"Chun Peng","Apr 21, 2018"
GSE113474,"RNA Sequencing of adult high grade glioblastoma tumors","Expression profiling by high throughput sequencing","Homo sapiens",24,,"CSV;SRA Run Selector","ftp://ftp.ncbi.nlm.nih.gov/geo/series/GSE113nnn/GSE113474/suppl;https://www.ncbi.nlm.nih.gov/Traces/study/?acc=PRJNA451200",,SRP141440,"Richard Possemato","Apr 21, 2018"
GSE113475,"The influence of snRNA and ER stress on alternative splicing in B cells","Expression profiling by array","Mus musculus",10,,"CEL;CHP","ftp://ftp.ncbi.nlm.nih.gov/geo/series/GSE113nnn/GSE113475/suppl",30297340;30544499,,"Christine Milcarek","Apr 21, 2018"
GSE12793,"Analysis of Rosiglitazone therapy on adipose tissue in type 2 diabetic patients","Expression profiling by array","Homo sapiens",6,,"GPR","ftp://ftp.ncbi.nlm.nih.gov/geo/series/GSE12nnn/GSE12793/suppl",,,"emmanuelle meugnier","Apr 20, 2018"
GSE12844,"Effect of rosiglitazone treatment on insulin sensitivity in type 2 diabetic patients skeletal muscle","Expression profiling by array","Homo sapiens",17,,,,,,"emmanuelle meugnier","Apr 20, 2018"
GSE12894,"Effect of rosiglitazone treatment on insulin sensitivity in adipose tissue of type 2 diabetic patients","Expression profiling by array","Homo sapiens",14,,"GPR","ftp://ftp.ncbi.nlm.nih.gov/geo/series/GSE12nnn/GSE12894/suppl",,,"emmanuelle meugnier","Apr 20, 2018"
GSE12895,"Rosiglitazone effect on type 2 diabetic patients: adipose tissue","Expression profiling by array","Homo sapiens",20,,"GPR","ftp://ftp.ncbi.nlm.nih.gov/geo/series/GSE12nnn/GSE12895/suppl",,,"emmanuelle meugnier","Apr 20, 2018"
GSE14968,"Organic pollutants in salmon oil and health effect","Expression profiling by array","Rattus norvegicus",10,,"GPR","ftp://ftp.ncbi.nlm.nih.gov/geo/series/GSE14nnn/GSE14968/suppl",,,"emmanuelle meugnier","Apr 20, 2018"
GSE31821,"Gene expression and miRNA profiles in atrial fibrillation. Role of miR-21.","Expression profiling by array","Homo sapiens",6,,"CEL","ftp://ftp.ncbi.nlm.nih.gov/geo/series/GSE31nnn/GSE31821/suppl",,,"emmanuelle meugnier","Apr 20, 2018"
GSE37785,"Differential metabolic effects of insulin detemir versus NPH in patients with type 2 diabetes","Expression profiling by array","Homo sapiens",10,,"GPR","ftp://ftp.ncbi.nlm.nih.gov/geo/series/GSE37nnn/GSE37785/suppl",,,"emmanuelle meugnier","Apr 20, 2018"
GSE38547,"Comparison of transcriptomic profiles in the skeletal muscle of control and constitutive thin subjects","Expression profiling by array","Homo sapiens",16,,"CEL;CHP","ftp://ftp.ncbi.nlm.nih.gov/geo/series/GSE38nnn/GSE38547/suppl",,,"emmanuelle meugnier","Apr 20, 2018"
GSE68128,"Chronic subacute (incl. one subchronic study) exposure of Wistar rats to (non-)carcinogenic compound","Expression profiling by array","Rattus norvegicus",123,,"CEL","ftp://ftp.ncbi.nlm.nih.gov/geo/series/GSE68nnn/GSE68128/suppl",21455306;24690595,,"Jonathan Moggs","Apr 20, 2018"
GSE92436,"Expression data from progesterone receptor knockout versus heterozygous mouse ovaries: cumulus oocyte complexes","Expression profiling by array","Mus musculus",8,,"CEL;CHP","ftp://ftp.ncbi.nlm.nih.gov/geo/series/GSE92nnn/GSE92436/suppl",29484756,,"Lisa Akison","Apr 20, 2018"
GSE92437,"Expression data from progesterone receptor knockout versus heterozygous mouse ovaries: granulosa cells","Expression profiling by array","Mus musculus",10,,"CEL;CHP","ftp://ftp.ncbi.nlm.nih.gov/geo/series/GSE92nnn/GSE92437/suppl",29484756,,"Lisa Akison","Apr 20, 2018"
GSE95038,"Expression analysis of CD8+ T cells following high-avidity or low-avidity T cell receptor (TCR) stimulation in the presence or absence of a DOT1L inhibitor","Expression profiling by array","Homo sapiens",12,,"CEL;CHP","ftp://ftp.ncbi.nlm.nih.gov/geo/series/GSE95nnn/GSE95038/suppl",29765028,,"Yuki Kagoya","Apr 20, 2018"
GSE98032,"SiO2 Nanoparticles Modulate The Electrical Activity Of Neuroendocrine Cells Without Exerting Genomic Effects","Expression profiling by high throughput sequencing","Mus musculus",8,,"BEDGRAPH;SRA Run Selector","ftp://ftp.ncbi.nlm.nih.gov/geo/series/GSE98nnn/GSE98032/suppl;https://www.ncbi.nlm.nih.gov/Traces/study/?acc=PRJNA383730",29426889,SRP104465,"Danny Incarnato","Apr 20, 2018"
GSE100539,"Comparative transcriptome of Neurospora crassa strains","Expression profiling by high throughput sequencing","Neurospora crassa",12,,"CSV;TXT;SRA Run Selector","ftp://ftp.ncbi.nlm.nih.gov/geo/series/GSE100nnn/GSE100539/suppl;https://www.ncbi.nlm.nih.gov/Traces/study/?acc=PRJNA392079",29668735,SRP110589,"Pablo Rodrigo Sanches","Apr 20, 2018"
GSE104487,"Effect of β-adrenergic receptor antagonist and agonist on cardiac structure and function and whole body gene expression in Daphnia magna","Expression profiling by high throughput sequencing","Daphnia magna",45,,"TXT;SRA Run Selector","ftp://ftp.ncbi.nlm.nih.gov/geo/series/GSE104nnn/GSE104487/suppl;https://www.ncbi.nlm.nih.gov/Traces/study/?acc=PRJNA412826",29913414,SRP119247,"Jana Asselman","Apr 20, 2018"
GSE106648,"Differential DNA methylation in Multiple Sclerosis","Methylation profiling by array","Homo sapiens",279,,"TXT","ftp://ftp.ncbi.nlm.nih.gov/geo/series/GSE106nnn/GSE106648/suppl",29921915,,"Yun Liu","Apr 20, 2018"
GSE107651,"Unsupervised clustering and epigenetic classification of single cells","Genome binding/occupancy profiling by high throughput sequencing","Mus musculus",96,,"XLSX;SRA Run Selector","ftp://ftp.ncbi.nlm.nih.gov/geo/series/GSE107nnn/GSE107651/suppl;https://www.ncbi.nlm.nih.gov/Traces/study/?acc=PRJNA420974",29925875,SRP126072,"Mahdi Zamanighomi","Apr 20, 2018"
GSE107784,"mitoCPR  - a surveillance pathway that protects mitochondria in response to mitochondrial import stress","Expression profiling by high throughput sequencing","Saccharomyces cerevisiae",22,,"TXT;SRA Run Selector","ftp://ftp.ncbi.nlm.nih.gov/geo/series/GSE107nnn/GSE107784/suppl;https://www.ncbi.nlm.nih.gov/Traces/study/?acc=PRJNA421360",29650645,SRP126291,"Charles Arthur Whittaker","Apr 20, 2018"
GSE108694,"Gene expression analysis of human CD8+ T cells treated with a DOT1L inhibitor","Expression profiling by high throughput sequencing","Homo sapiens",6,,"TXT;SRA Run Selector","ftp://ftp.ncbi.nlm.nih.gov/geo/series/GSE108nnn/GSE108694/suppl;https://www.ncbi.nlm.nih.gov/Traces/study/?acc=PRJNA428310",29765028,SRP127953,"Yuki Kagoya","Apr 20, 2018"
GSE111400,"Transcriptomic profiling of the Cryptococcus neoformans transition to titan-like cells","Expression profiling by high throughput sequencing","Cryptococcus neoformans var. grubii H99",10,,"TXT;SRA Run Selector","ftp://ftp.ncbi.nlm.nih.gov/geo/series/GSE111nnn/GSE111400/suppl;https://www.ncbi.nlm.nih.gov/Traces/study/?acc=PRJNA436917",29775477,SRP133926,"JOAQUIN ARINO","Apr 20, 2018"
GSE112282,"Gene expression changes induced by the BET inhibitor GSK525762 and/or the MEK inhibitor trametinib in cancer cell lines.","Expression profiling by array","Homo sapiens",48,,"CEL","ftp://ftp.ncbi.nlm.nih.gov/geo/series/GSE112nnn/GSE112282/suppl",29674704,,"Satyajit Rajapurkar","Apr 20, 2018"
GSE113277,"Genome wide expression data and chromatin changes data of murine cardiac fibroblasts in different topological states","Expression profiling by high throughput sequencing;Genome binding/occupancy profiling by high throughput sequencing","Mus musculus",31,,"BEDGRAPH;TXT;SRA Run Selector","ftp://ftp.ncbi.nlm.nih.gov/geo/series/GSE113nnn/GSE113277/suppl;https://www.ncbi.nlm.nih.gov/Traces/study/?acc=PRJNA450637",29691232,SRP140702,"Matteo Pellegrini","Apr 20, 2018"
GSE113327,"The PKC-β selective inhibitor, Enzastaurin, impairs memory in middle-aged rats","Expression profiling by high throughput sequencing","Rattus norvegicus",17,,"TXT;SRA Run Selector","ftp://ftp.ncbi.nlm.nih.gov/geo/series/GSE113nnn/GSE113327/suppl;https://www.ncbi.nlm.nih.gov/Traces/study/?acc=PRJNA451011",29870545,SRP141195,"Matthew Huentelman","Apr 20, 2018"
GSE113370,"Expression data from murine mice microglia treated with Glioma Conditioned Medium for 6h","Expression profiling by array","Mus musculus",9,,"CEL","ftp://ftp.ncbi.nlm.nih.gov/geo/series/GSE113nnn/GSE113370/suppl",29963047,,"Kacper Adam Walentynowicz","Apr 20, 2018"
GSE113376,"Tissue and host species specific trasncriptional changes in models of experimental visceral leishmaniasis","Expression profiling by array","Mus musculus",112,,"TXT","ftp://ftp.ncbi.nlm.nih.gov/geo/series/GSE113nnn/GSE113376/suppl",,,"Paul Kaye","Apr 20, 2018"
GSE113383,"Exosomal miRNAs released by neural stem/progenitor cells versus astrocytes","Non-coding RNA profiling by array","Mus musculus;synthetic construct",6,,"CEL","ftp://ftp.ncbi.nlm.nih.gov/geo/series/GSE113nnn/GSE113383/suppl",28746310,,"Dongsheng Cai","Apr 20, 2018"
GSE113387,"Gene expression profile of CAR T cells compared to control ΔCAR T cells","Expression profiling by array","Homo sapiens",6,,"XLS;XLSX","ftp://ftp.ncbi.nlm.nih.gov/geo/series/GSE113nnn/GSE113387/suppl",29880586,,"Juan F Vera","Apr 20, 2018"
GSE113388,"Gene expression profile of TBBR modified T cells compared to control ΔTGFbRII T cells","Expression profiling by array","Homo sapiens",6,,"XLS;XLSX","ftp://ftp.ncbi.nlm.nih.gov/geo/series/GSE113nnn/GSE113388/suppl",29880586,,"Juan F Vera","Apr 20, 2018"
GSE113389,"Gene expression profile of 4/7 ICR modified T cells compared to control ΔIL4R T cells","Expression profiling by array","Homo sapiens",6,,"XLS","ftp://ftp.ncbi.nlm.nih.gov/geo/series/GSE113nnn/GSE113389/suppl",29880586,,"Juan F Vera","Apr 20, 2018"
GSE113390,"Gene expression profile of SmarT-cells compared to control T cells modified to express ΔCAR, ΔTGFbRII and ΔIL4R","Expression profiling by array","Homo sapiens",12,,"XLS;XLSX","ftp://ftp.ncbi.nlm.nih.gov/geo/series/GSE113nnn/GSE113390/suppl",29880586,,"Juan F Vera","Apr 20, 2018"
GSE113391,"Gene expression profile of SmarT-cells compared to control 1G CAR T cells","Expression profiling by array","Homo sapiens",6,,"XLS","ftp://ftp.ncbi.nlm.nih.gov/geo/series/GSE113nnn/GSE113391/suppl",29880586,,"Juan F Vera","Apr 20, 2018"
GSE113441,"ChIP-seq from A549 (ENCSR150EFU)","Genome binding/occupancy profiling by high throughput sequencing","Homo sapiens",3,,"BED;BIGBED;BIGWIG;TXT","ftp://ftp.ncbi.nlm.nih.gov/geo/series/GSE113nnn/GSE113441/suppl",22955616,,"ENCODE DCC","Apr 20, 2018"
GSE113442,"ChIP-seq from A549 (ENCSR193NSH)","Genome binding/occupancy profiling by high throughput sequencing","Homo sapiens",3,,"BED;BIGBED;BIGWIG;TXT","ftp://ftp.ncbi.nlm.nih.gov/geo/series/GSE113nnn/GSE113442/suppl",22955616,,"ENCODE DCC","Apr 20, 2018"
GSE113443,"ChIP-seq from A549 (ENCSR199XBQ)","Genome binding/occupancy profiling by high throughput sequencing","Homo sapiens",3,,"BED;BIGBED;BIGWIG;TXT","ftp://ftp.ncbi.nlm.nih.gov/geo/series/GSE113nnn/GSE113443/suppl",22955616,,"ENCODE DCC","Apr 20, 2018"
GSE113444,"ChIP-seq from A549 (ENCSR217ELF)","Genome binding/occupancy profiling by high throughput sequencing","Homo sapiens",3,,"BED;BIGBED;BIGWIG;TXT","ftp://ftp.ncbi.nlm.nih.gov/geo/series/GSE113nnn/GSE113444/suppl",22955616,,"ENCODE DCC","Apr 20, 2018"
GSE113445,"ChIP-seq from A549 (ENCSR247LSH)","Genome binding/occupancy profiling by high throughput sequencing","Homo sapiens",3,,"BED;BIGBED;BIGWIG;TXT","ftp://ftp.ncbi.nlm.nih.gov/geo/series/GSE113nnn/GSE113445/suppl",22955616,,"ENCODE DCC","Apr 20, 2018"
GSE113446,"ChIP-seq from A549 (ENCSR330ELC)","Genome binding/occupancy profiling by high throughput sequencing","Homo sapiens",3,,"BED;BIGBED;BIGWIG;TXT","ftp://ftp.ncbi.nlm.nih.gov/geo/series/GSE113nnn/GSE113446/suppl",22955616,,"ENCODE DCC","Apr 20, 2018"
GSE113447,"ChIP-seq from A549 (ENCSR335RKQ)","Genome binding/occupancy profiling by high throughput sequencing","Homo sapiens",3,,"BED;BIGBED;BIGWIG;TXT","ftp://ftp.ncbi.nlm.nih.gov/geo/series/GSE113nnn/GSE113447/suppl",22955616,,"ENCODE DCC","Apr 20, 2018"
GSE113448,"ChIP-seq from A549 (ENCSR495WGO)","Genome binding/occupancy profiling by high throughput sequencing","Homo sapiens",3,,"BED;BIGBED;BIGWIG;TXT","ftp://ftp.ncbi.nlm.nih.gov/geo/series/GSE113nnn/GSE113448/suppl",22955616,,"ENCODE DCC","Apr 20, 2018"
GSE113449,"ChIP-seq from A549 (ENCSR501LQA)","Genome binding/occupancy profiling by high throughput sequencing","Homo sapiens",3,,"BED;BIGBED;BIGWIG;TXT","ftp://ftp.ncbi.nlm.nih.gov/geo/series/GSE113nnn/GSE113449/suppl",22955616,,"ENCODE DCC","Apr 20, 2018"
GSE113450,"ChIP-seq from A549 (ENCSR537EFT)","Genome binding/occupancy profiling by high throughput sequencing","Homo sapiens",3,,"BED;BIGBED;BIGWIG;TXT","ftp://ftp.ncbi.nlm.nih.gov/geo/series/GSE113nnn/GSE113450/suppl",22955616,,"ENCODE DCC","Apr 20, 2018"
GSE113451,"ChIP-seq from A549 (ENCSR620NWG)","Genome binding/occupancy profiling by high throughput sequencing","Homo sapiens",3,,"BED;BIGBED;BIGWIG;TXT","ftp://ftp.ncbi.nlm.nih.gov/geo/series/GSE113nnn/GSE113451/suppl",22955616,,"ENCODE DCC","Apr 20, 2018"
GSE113452,"ChIP-seq from A549 (ENCSR676MJK)","Genome binding/occupancy profiling by high throughput sequencing","Homo sapiens",3,,"BED;BIGBED;BIGWIG;TXT","ftp://ftp.ncbi.nlm.nih.gov/geo/series/GSE113nnn/GSE113452/suppl",22955616,,"ENCODE DCC","Apr 20, 2018"
GSE113453,"ChIP-seq from A549 (ENCSR748MVX)","Genome binding/occupancy profiling by high throughput sequencing","Homo sapiens",3,,"BED;BIGBED;BIGWIG;TXT","ftp://ftp.ncbi.nlm.nih.gov/geo/series/GSE113nnn/GSE113453/suppl",22955616,,"ENCODE DCC","Apr 20, 2018"
GSE113454,"ChIP-seq from A549 (ENCSR760NPX)","Genome binding/occupancy profiling by high throughput sequencing","Homo sapiens",3,,"BED;BIGBED;BIGWIG;TXT","ftp://ftp.ncbi.nlm.nih.gov/geo/series/GSE113nnn/GSE113454/suppl",22955616,,"ENCODE DCC","Apr 20, 2018"
GSE113455,"ChIP-seq from A549 (ENCSR767DFK)","Genome binding/occupancy profiling by high throughput sequencing","Homo sapiens",3,,"BED;BIGBED;BIGWIG;TXT","ftp://ftp.ncbi.nlm.nih.gov/geo/series/GSE113nnn/GSE113455/suppl",22955616,,"ENCODE DCC","Apr 20, 2018"
GSE113456,"ChIP-seq from A549 (ENCSR768DOX)","Genome binding/occupancy profiling by high throughput sequencing","Homo sapiens",3,,"BED;BIGBED;BIGWIG;TXT","ftp://ftp.ncbi.nlm.nih.gov/geo/series/GSE113nnn/GSE113456/suppl",22955616,,"ENCODE DCC","Apr 20, 2018"
GSE113457,"ChIP-seq from A549 (ENCSR806UKK)","Genome binding/occupancy profiling by high throughput sequencing","Homo sapiens",3,,"BED;BIGBED;BIGWIG;TXT","ftp://ftp.ncbi.nlm.nih.gov/geo/series/GSE113nnn/GSE113457/suppl",22955616,,"ENCODE DCC","Apr 20, 2018"
GSE113458,"ChIP-seq from A549 (ENCSR807WAC)","Genome binding/occupancy profiling by high throughput sequencing","Homo sapiens",3,,"BED;BIGBED;BIGWIG;TXT","ftp://ftp.ncbi.nlm.nih.gov/geo/series/GSE113nnn/GSE113458/suppl",22955616,,"ENCODE DCC","Apr 20, 2018"
GSE113459,"ChIP-seq from A549 (ENCSR853VWZ)","Genome binding/occupancy profiling by high throughput sequencing","Homo sapiens",3,,"BED;BIGBED;BIGWIG;TXT","ftp://ftp.ncbi.nlm.nih.gov/geo/series/GSE113nnn/GSE113459/suppl",22955616,,"ENCODE DCC","Apr 20, 2018"
GSE113460,"ChIP-seq from A549 (ENCSR895JMI)","Genome binding/occupancy profiling by high throughput sequencing","Homo sapiens",3,,"BED;BIGBED;BIGWIG;TXT","ftp://ftp.ncbi.nlm.nih.gov/geo/series/GSE113nnn/GSE113460/suppl",22955616,,"ENCODE DCC","Apr 20, 2018"
GSE113461,"ChIP-seq from A549 (ENCSR944ZCT)","Genome binding/occupancy profiling by high throughput sequencing","Homo sapiens",3,,"BED;BIGBED;BIGWIG;TXT","ftp://ftp.ncbi.nlm.nih.gov/geo/series/GSE113nnn/GSE113461/suppl",22955616,,"ENCODE DCC","Apr 20, 2018"
GSE113462,"ChIP-seq from A549 (ENCSR956LGB)","Genome binding/occupancy profiling by high throughput sequencing","Homo sapiens",3,,"BED;BIGBED;BIGWIG;TXT","ftp://ftp.ncbi.nlm.nih.gov/geo/series/GSE113nnn/GSE113462/suppl",22955616,,"ENCODE DCC","Apr 20, 2018"
GSE113463,"ChIP-seq from A549 (ENCSR981FDC)","Genome binding/occupancy profiling by high throughput sequencing","Homo sapiens",3,,"BED;BIGBED;BIGWIG;TXT","ftp://ftp.ncbi.nlm.nih.gov/geo/series/GSE113nnn/GSE113463/suppl",22955616,,"ENCODE DCC","Apr 20, 2018"
GSE113464,"ChIP-seq from A549 (ENCSR984DZW)","Genome binding/occupancy profiling by high throughput sequencing","Homo sapiens",3,,"BED;BIGBED;BIGWIG;TXT","ftp://ftp.ncbi.nlm.nih.gov/geo/series/GSE113nnn/GSE113464/suppl",22955616,,"ENCODE DCC","Apr 20, 2018"
GSE89611,"Deep functional analysis of synII, a 770 kb synthetic yeast chromosome","Other","Saccharomyces cerevisiae",2,,"FA;WIG;SRA Run Selector","ftp://ftp.ncbi.nlm.nih.gov/geo/series/GSE89nnn/GSE89611/suppl;https://www.ncbi.nlm.nih.gov/Traces/study/?acc=PRJNA352710",28280153,SRP092775,"Conrad A Nieduszynski","Apr 19, 2018"
GSE92438,"Expression data from progesterone receptor knockout versus heterozygous mouse ovaries","Expression profiling by array","Mus musculus",18,,"CEL;CHP","ftp://ftp.ncbi.nlm.nih.gov/geo/series/GSE92nnn/GSE92438/suppl",29484756,,"Lisa Akison","Apr 19, 2018"
GSE97782,"Characterization and therapeutic targeting of the miR-21/PPP2R2A/ERK molecular circuit in bladder cancer","Expression profiling by array","Homo sapiens",28,,"TXT","ftp://ftp.ncbi.nlm.nih.gov/geo/series/GSE97nnn/GSE97782/suppl",29703843,,"HSIAOWANG CHEN","Apr 19, 2018"
GSE98258,"Non-cell autonomous Otx2 homeoprotein regulates visual cortex plasticity through Gadd45b","Expression profiling by high throughput sequencing","Mus musculus",8,,"TXT;XLSX;SRA Run Selector","ftp://ftp.ncbi.nlm.nih.gov/geo/series/GSE98nnn/GSE98258/suppl;https://www.ncbi.nlm.nih.gov/Traces/study/?acc=PRJNA384430",29771284,SRP105298,"Jessica Apulei","Apr 19, 2018"
GSE99498,"Identification and characterization of miRNAs expressed in the corpora allata of Aedes aegypti","Non-coding RNA profiling by high throughput sequencing","Aedes aegypti",9,,"TXT;SRA Run Selector","ftp://ftp.ncbi.nlm.nih.gov/geo/series/GSE99nnn/GSE99498/suppl;https://www.ncbi.nlm.nih.gov/Traces/study/?acc=PRJNA388655",29605533,SRP108352,"Kayvan Etebari","Apr 19, 2018"
GSE99697,"Iron response of HepG2 cells","Expression profiling by high throughput sequencing","Homo sapiens",6,,"BEDGRAPH;SRA Run Selector","ftp://ftp.ncbi.nlm.nih.gov/geo/series/GSE99nnn/GSE99697/suppl;https://www.ncbi.nlm.nih.gov/Traces/study/?acc=PRJNA389312",29684192,SRP108638,"Chris Brown","Apr 19, 2018"
GSE102938,"The catalytic activity of ceramide synthase 2 regulates transcription of genes involved in lipid metabolism and cell division","Expression profiling by array","Mus musculus",16,,"TXT","ftp://ftp.ncbi.nlm.nih.gov/geo/series/GSE102nnn/GSE102938/suppl",29653252,,"Joachim Schultze","Apr 19, 2018"
GSE103633,"Cell type atlas and lineage tree of a whole complex animal by single-cell transcriptomics","Expression profiling by high throughput sequencing","Schmidtea mediterranea",11,,"FASTA;TXT;SRA Run Selector","ftp://ftp.ncbi.nlm.nih.gov/geo/series/GSE103nnn/GSE103633/suppl;https://www.ncbi.nlm.nih.gov/Traces/study/?acc=PRJNA403817",29674432,SRP117156,"Mireya Plass","Apr 19, 2018"
GSE103774,"Ribosome maturation by YbeY stabilises Type III secretion system transcripts in enterohaemorrhagic E. coli","Other","Escherichia coli O157:H7",3,,"BEDGRAPH;GTF;SRA Run Selector","ftp://ftp.ncbi.nlm.nih.gov/geo/series/GSE103nnn/GSE103774/suppl;https://www.ncbi.nlm.nih.gov/Traces/study/?acc=PRJNA407114",,SRP117608,"Jai Justin Tree","Apr 19, 2018"
GSE106576,"Gene expression analysis of RNAs isolated from C646-untreated and C646-treated human keratinocytes","Expression profiling by array","Homo sapiens",4,,"TXT","ftp://ftp.ncbi.nlm.nih.gov/geo/series/GSE106nnn/GSE106576/suppl",30226474,,"Bhin Jin-hyuk","Apr 19, 2018"
GSE106889,"Differential expression of H3.3 genes and their role in modulating temperature stress response in Caenorhabditis elegans","Expression profiling by high throughput sequencing","Caenorhabditis elegans",8,,"TXT;SRA Run Selector","ftp://ftp.ncbi.nlm.nih.gov/geo/series/GSE106nnn/GSE106889/suppl;https://www.ncbi.nlm.nih.gov/Traces/study/?acc=PRJNA418327",29636369,SRP124969,"Florian Steiner","Apr 19, 2018"
GSE107991,"A modular transcriptional signature identifies phenotypic heterogeneity of human tuberculosis infection [Berry_London]","Expression profiling by high throughput sequencing","Homo sapiens",54,,"XLSX;SRA Run Selector","ftp://ftp.ncbi.nlm.nih.gov/geo/series/GSE107nnn/GSE107991/suppl;https://www.ncbi.nlm.nih.gov/Traces/study/?acc=PRJNA422128",29921861,SRP126580,"Akul Singhania","Apr 19, 2018"
GSE107992,"A modular transcriptional signature identifies phenotypic heterogeneity of human tuberculosis infection [Berry_South Africa]","Expression profiling by high throughput sequencing","Homo sapiens",47,,"XLSX;SRA Run Selector","ftp://ftp.ncbi.nlm.nih.gov/geo/series/GSE107nnn/GSE107992/suppl;https://www.ncbi.nlm.nih.gov/Traces/study/?acc=PRJNA422129",29921861,SRP126582,"Akul Singhania","Apr 19, 2018"
GSE107993,"A modular transcriptional signature identifies phenotypic heterogeneity of human tuberculosis infection [Leicester non-progressor]","Expression profiling by high throughput sequencing","Homo sapiens",138,,"XLSX;SRA Run Selector","ftp://ftp.ncbi.nlm.nih.gov/geo/series/GSE107nnn/GSE107993/suppl;https://www.ncbi.nlm.nih.gov/Traces/study/?acc=PRJNA422130",29921861,SRP126583,"Akul Singhania","Apr 19, 2018"
GSE107994,"A modular transcriptional signature identifies phenotypic heterogeneity of human tuberculosis infection [Leicester progressor]","Expression profiling by high throughput sequencing","Homo sapiens",175,,"XLSX;SRA Run Selector","ftp://ftp.ncbi.nlm.nih.gov/geo/series/GSE107nnn/GSE107994/suppl;https://www.ncbi.nlm.nih.gov/Traces/study/?acc=PRJNA422163",29921861,SRP126691,"Akul Singhania","Apr 19, 2018"
GSE107995,"A modular transcriptional signature identifies phenotypic heterogeneity of human tuberculosis infection","Expression profiling by high throughput sequencing","Homo sapiens",414,,,,29921861,,"Akul Singhania","Apr 19, 2018"
GSE110357,"Identification of the tumour transition states occurring during EMT","Expression profiling by high throughput sequencing","Mus musculus",383,,"CSV;SRA Run Selector","ftp://ftp.ncbi.nlm.nih.gov/geo/series/GSE110nnn/GSE110357/suppl;https://www.ncbi.nlm.nih.gov/Traces/study/?acc=PRJNA433523",29670281;30416751,SRP132493,"Alejandro Sifrim","Apr 19, 2018"
GSE111042,"X Chromosome Dosage Influences DNA Methylation Dynamics During Reprogramming to Mouse iPSCs","Methylation profiling by high throughput sequencing","Mus musculus",13,,"TXT;SRA Run Selector","ftp://ftp.ncbi.nlm.nih.gov/geo/series/GSE111nnn/GSE111042/suppl;https://www.ncbi.nlm.nih.gov/Traces/study/?acc=PRJNA435681",29681539,SRP133357,"Rahul Karnik","Apr 19, 2018"
GSE111135,"Chromatin Associated RNA-Seq of CD8+ T cells expressing different levels of Runx3 in a cell culture model of CTL differentiation [Chr Assoc]","Expression profiling by high throughput sequencing","Mus musculus",6,,"TXT;SRA Run Selector","ftp://ftp.ncbi.nlm.nih.gov/geo/series/GSE111nnn/GSE111135/suppl;https://www.ncbi.nlm.nih.gov/Traces/study/?acc=PRJNA435999",29669249,SRP133503,"Adam Getzler","Apr 19, 2018"
GSE111138,"RNA-Seq of CD8+ T cells expressing different levels of Runx3 in during LCMV infection (in vivo)","Expression profiling by high throughput sequencing","Mus musculus",20,,"TXT;SRA Run Selector","ftp://ftp.ncbi.nlm.nih.gov/geo/series/GSE111nnn/GSE111138/suppl;https://www.ncbi.nlm.nih.gov/Traces/study/?acc=PRJNA436002",29669249,SRP133509,"Adam Getzler","Apr 19, 2018"
GSE111143,"RNA-Seq of CD8+ T cells during LCMV infection [WT infection]","Expression profiling by high throughput sequencing","Mus musculus",8,,"TXT;SRA Run Selector","ftp://ftp.ncbi.nlm.nih.gov/geo/series/GSE111nnn/GSE111143/suppl;https://www.ncbi.nlm.nih.gov/Traces/study/?acc=PRJNA436006",29669249,SRP133510,"Adam Getzler","Apr 19, 2018"
GSE111144,"ATAC-Seq of CD8+ T cells during activaion in vitro over the course 24 hours with and without Runx3","Genome binding/occupancy profiling by high throughput sequencing","Mus musculus",20,,"CSV;SRA Run Selector","ftp://ftp.ncbi.nlm.nih.gov/geo/series/GSE111nnn/GSE111144/suppl;https://www.ncbi.nlm.nih.gov/Traces/study/?acc=PRJNA436008",29669249,SRP133511,"Adam Getzler","Apr 19, 2018"
GSE111149,"Runx3 pioneers chromatin accessibility of cis-regulatory landscapes that drive memory CTL formation","Expression profiling by high throughput sequencing;Genome binding/occupancy profiling by high throughput sequencing","Mus musculus",54,,"CSV","ftp://ftp.ncbi.nlm.nih.gov/geo/series/GSE111nnn/GSE111149/suppl",29669249,,"Adam Getzler","Apr 19, 2018"
GSE111784,"GPR68 senses flow and is essential for vascular physiology","Expression profiling by high throughput sequencing","Mus musculus",2,,"FA;XLSX;SRA Run Selector","ftp://ftp.ncbi.nlm.nih.gov/geo/series/GSE111nnn/GSE111784/suppl;https://www.ncbi.nlm.nih.gov/Traces/study/?acc=PRJNA438129",29677517,SRP135286,"John R Walker","Apr 19, 2018"
GSE112094,"RNA-seq identifies autophagy as the most prevalent upregulated pathway in dormant breast cancer cells","Expression profiling by high throughput sequencing","Mus musculus",9,,"GTF;SRA Run Selector","ftp://ftp.ncbi.nlm.nih.gov/geo/series/GSE112nnn/GSE112094/suppl;https://www.ncbi.nlm.nih.gov/Traces/study/?acc=PRJNA439284",29789598,SRP136107,"Maxwell Lee","Apr 19, 2018"
GSE113302,"Antibacterial mode of action of alpha-mangostin on Staphylococcus epidermidis","Expression profiling by high throughput sequencing","Staphylococcus epidermidis",1,,"TXT;SRA Run Selector","ftp://ftp.ncbi.nlm.nih.gov/geo/series/GSE113nnn/GSE113302/suppl;https://www.ncbi.nlm.nih.gov/Traces/study/?acc=PRJNA450895",30787919,SRP141143,"Mikael Skurnik","Apr 19, 2018"
GSE113308,"DNA methylation analysis of AR24Q and AR97Q SH-SY5Y cell culture samples with dihydrotestosterone","Methylation profiling by array","Homo sapiens",6,,"TXT","ftp://ftp.ncbi.nlm.nih.gov/geo/series/GSE113nnn/GSE113308/suppl",,,"Naohide Kondo","Apr 19, 2018"
GSE113309,"BMI1 drives metastasis of prostate cancer in Caucasian and African-American men and is a potential therapeutic target: hypothesis tested in race-specific models","Expression profiling by RT-PCR","Homo sapiens",2,,"XLS;XLSX","ftp://ftp.ncbi.nlm.nih.gov/geo/series/GSE113nnn/GSE113309/suppl",,,"Mohammad Saleem","Apr 19, 2018"
GSE113315,"Adipocyte long noncoding RNA transcriptome analysis of obese mice identified Lnc-leptin which regulates Leptin","Expression profiling by high throughput sequencing;Non-coding RNA profiling by high throughput sequencing","Mus musculus",14,,"TXT;SRA Run Selector","ftp://ftp.ncbi.nlm.nih.gov/geo/series/GSE113nnn/GSE113315/suppl;https://www.ncbi.nlm.nih.gov/Traces/study/?acc=PRJNA450799",29519872,SRP140882,"Jia Li","Apr 19, 2018"
GSE113317,"RNA splicing in the transition from B cells to antibody secreting cells","Expression profiling by array","Mus musculus",15,,"CEL;CHP","ftp://ftp.ncbi.nlm.nih.gov/geo/series/GSE113nnn/GSE113317/suppl",30297340;30544499,,"Christine Milcarek","Apr 19, 2018"
GSE113321,"Disruption of gul-1 decreased the culture viscosity and improved protein secretion in the filamentous fungus Neurospora crassa","Expression profiling by high throughput sequencing","Neurospora crassa",2,,"XLSX;SRA Run Selector","ftp://ftp.ncbi.nlm.nih.gov/geo/series/GSE113nnn/GSE113321/suppl;https://www.ncbi.nlm.nih.gov/Traces/study/?acc=PRJNA450807",29908565,SRP140886,"liangcai lin","Apr 19, 2018"
GSE113328,"Expression data from WT and TNFRSF19 KO HNE-1 cells","Expression profiling by array","Homo sapiens",2,,"CEL","ftp://ftp.ncbi.nlm.nih.gov/geo/series/GSE113nnn/GSE113328/suppl",29735548,,"Lin Feng","Apr 19, 2018"
GSE113342,"Nanostring Immunology V2 panel comparing expression in kidney tissue from lupus nephritis patients at diagnosis (A) and at flare (B)","Expression profiling by array","Homo sapiens",72,,"TXT","ftp://ftp.ncbi.nlm.nih.gov/geo/series/GSE113nnn/GSE113342/suppl",29800348,,"Juan Manuel Mejia-Vilet","Apr 19, 2018"
GSE113353,"DAOY-NERT2 Notch/Hypoxia Transcriptome Analysis","Expression profiling by high throughput sequencing","Homo sapiens",12,,"TXT;SRA Run Selector","ftp://ftp.ncbi.nlm.nih.gov/geo/series/GSE113nnn/GSE113353/suppl;https://www.ncbi.nlm.nih.gov/Traces/study/?acc=PRJNA450861",29993038,SRP141017,"Urban Lendahl","Apr 19, 2018"
GSE113359,"LncRNA profile study during Human bone marrow-derived MSCs osteogenic differentiation: Day 0 vs Day 10","Non-coding RNA profiling by array","Homo sapiens",6,,"TXT","ftp://ftp.ncbi.nlm.nih.gov/geo/series/GSE113nnn/GSE113359/suppl",,,"tang su'an","Apr 19, 2018"
GSE113361,"Bivalent chromatin domains in glioblastoma multiforme reveal an epigenetic signature of early neural development mediated by SHH and Wnt signaling","Genome binding/occupancy profiling by high throughput sequencing","Homo sapiens",5,,"BED9;SRA Run Selector","ftp://ftp.ncbi.nlm.nih.gov/geo/series/GSE113nnn/GSE113361/suppl;https://www.ncbi.nlm.nih.gov/Traces/study/?acc=PRJNA450874",29549165,SRP141093,"Vishy Iyer","Apr 19, 2018"
GSE113373,"Transcriptome of Gossypium hirsutum floral and extrafloral nectaries","Expression profiling by high throughput sequencing","Gossypium hirsutum",102,,"TXT;SRA Run Selector","ftp://ftp.ncbi.nlm.nih.gov/geo/series/GSE113nnn/GSE113373/suppl;https://www.ncbi.nlm.nih.gov/Traces/study/?acc=PRJNA450940",,SRP141137,"Marshall Hampton","Apr 19, 2018"
GSE64517,"Expression data of three Frankia strains under nitrogen-replete and nitrogen-defiecent conditions","Expression profiling by high throughput sequencing","Frankia inefficax;Frankia sp. EAN1pec;Frankia sp. EUN1f",18,,"XLSX;SRA Run Selector","ftp://ftp.ncbi.nlm.nih.gov/geo/series/GSE64nnn/GSE64517/suppl;https://www.ncbi.nlm.nih.gov/Traces/study/?acc=PRJNA271168",,SRP051548,"Louis S Tisa","Apr 18, 2018"
GSE65641,"Systems approach elucidates convoluted transcriptional regulation on carbon metabolism [ChIP-seq]","Genome binding/occupancy profiling by high throughput sequencing","Escherichia coli",12,,"GFF;SRA Run Selector","ftp://ftp.ncbi.nlm.nih.gov/geo/series/GSE65nnn/GSE65641/suppl;https://www.ncbi.nlm.nih.gov/Traces/study/?acc=PRJNA274574",29394395,SRP053192,"Donghyuk Kim","Apr 18, 2018"
GSE65642,"Systems approach elucidates convoluted transcriptional regulation on carbon metabolism [RNA-seq]","Expression profiling by high throughput sequencing","Escherichia coli",12,,"CSV;SRA Run Selector","ftp://ftp.ncbi.nlm.nih.gov/geo/series/GSE65nnn/GSE65642/suppl;https://www.ncbi.nlm.nih.gov/Traces/study/?acc=PRJNA274573",29394395,SRP053193,"Donghyuk Kim","Apr 18, 2018"
GSE65643,"Systems approach elucidates convoluted transcriptional regulation on carbon metabolism","Genome binding/occupancy profiling by high throughput sequencing;Expression profiling by high throughput sequencing","Escherichia coli",24,,"GFF","ftp://ftp.ncbi.nlm.nih.gov/geo/series/GSE65nnn/GSE65643/suppl",29394395,,"Donghyuk Kim","Apr 18, 2018"
GSE68130,"The effect of expression of the Agrobacterium tumefaciens virulence protein VirE3 on gene expression in Arabidopsis thaliana.","Expression profiling by high throughput sequencing","Arabidopsis thaliana",4,,"TXT;SRA Run Selector","ftp://ftp.ncbi.nlm.nih.gov/geo/series/GSE68nnn/GSE68130/suppl;https://www.ncbi.nlm.nih.gov/Traces/study/?acc=PRJNA281883",26461850,SRP057532,"Paul van Heusden","Apr 18, 2018"
GSE81960,"Identification of LINC00473-regulated transcriptional program in human mucoepidermoid carcinoma","Expression profiling by array","Homo sapiens",4,,"CEL","ftp://ftp.ncbi.nlm.nih.gov/geo/series/GSE81nnn/GSE81960/suppl",29353885,,"Jian-Liang Li","Apr 18, 2018"
GSE83623,"PyMT 4 stages tumor progression ERRBS (Enhanced Reduced Representation Bisulphite Sequencing )","Methylation profiling by high throughput sequencing","Mus musculus",22,,"TXT;SRA Run Selector","ftp://ftp.ncbi.nlm.nih.gov/geo/series/GSE83nnn/GSE83623/suppl;https://www.ncbi.nlm.nih.gov/Traces/study/?acc=PRJNA326517",29615825,SRP076925,"ying cai","Apr 18, 2018"
GSE84871,"MicroRNA biomarkers of tissue function","Non-coding RNA profiling by high throughput sequencing","Bos taurus",8,,"XLSX;SRA Run Selector","ftp://ftp.ncbi.nlm.nih.gov/geo/series/GSE84nnn/GSE84871/suppl;https://www.ncbi.nlm.nih.gov/Traces/study/?acc=PRJNA335398",29636028,SRP079920,"Jason Ioannidis","Apr 18, 2018"
GSE88756,"miRNA expression profiling in PANC-1 cells treated with TGFb and additional PDAC lines","Non-coding RNA profiling by array","Homo sapiens",12,,"XLS","ftp://ftp.ncbi.nlm.nih.gov/geo/series/GSE88nnn/GSE88756/suppl",29748571,,"Leandro Castellano","Apr 18, 2018"
GSE88757,"Identification of miR-100 and miR-125b targets by AGO2 RIP-seq and RNA-seq after ectopic expression of miR-100 or miR-125b and evaluation of the TGFb expression signature in PANC-1 cells by RNA-seq","Expression profiling by high throughput sequencing","Homo sapiens",18,,"TXT;SRA Run Selector","ftp://ftp.ncbi.nlm.nih.gov/geo/series/GSE88nnn/GSE88757/suppl;https://www.ncbi.nlm.nih.gov/Traces/study/?acc=PRJNA348471",29748571,SRP091559,"Leandro Castellano","Apr 18, 2018"
GSE88758,"SMAD2/3 chromatin immunoprecipitation and sequencing (ChIP-seq) in PANC-1 cells following TGFb treatment","Genome binding/occupancy profiling by high throughput sequencing","Homo sapiens",3,,"WIG;SRA Run Selector","ftp://ftp.ncbi.nlm.nih.gov/geo/series/GSE88nnn/GSE88758/suppl;https://www.ncbi.nlm.nih.gov/Traces/study/?acc=PRJNA348470",29748571,SRP091560,"Leandro Castellano","Apr 18, 2018"
GSE88759,"TGF-β regulation of miRNA expression in pancreatic cancer","Non-coding RNA profiling by array;Expression profiling by high throughput sequencing;Genome binding/occupancy profiling by high throughput sequencing","Homo sapiens",39,,"TXT;WIG","ftp://ftp.ncbi.nlm.nih.gov/geo/series/GSE88nnn/GSE88759/suppl",29748571,,"Leandro Castellano","Apr 18, 2018"
GSE89427,"Srf destabilizes cell identity (Microarray_Agilent Technologies)","Expression profiling by array","Mus musculus",12,,"TXT","ftp://ftp.ncbi.nlm.nih.gov/geo/series/GSE89nnn/GSE89427/suppl",29643333,,"Takashi Ikeda","Apr 18, 2018"
GSE89910,"Single-cell sequencing of stage 4 chicken embryos","Expression profiling by high throughput sequencing","Gallus gallus",205,,"TXT;SRA Run Selector","ftp://ftp.ncbi.nlm.nih.gov/geo/series/GSE89nnn/GSE89910/suppl;https://www.ncbi.nlm.nih.gov/Traces/study/?acc=PRJNA354269",29678445,SRP131342,"David Vereide","Apr 18, 2018"
GSE90032,"Srf destabilizes cell identity (Microarray_affymetrix)","Expression profiling by array","Mus musculus",2,,"CEL","ftp://ftp.ncbi.nlm.nih.gov/geo/series/GSE90nnn/GSE90032/suppl",29643333,,"Takashi Ikeda","Apr 18, 2018"
GSE90033,"Srf destabilizes cell identity (Hi-C-seq)","Other","Mus musculus",8,,"BEDGRAPH;SRA Run Selector","ftp://ftp.ncbi.nlm.nih.gov/geo/series/GSE90nnn/GSE90033/suppl;https://www.ncbi.nlm.nih.gov/Traces/study/?acc=PRJNA354515",29643333,SRP093708,"Takashi Ikeda","Apr 18, 2018"
GSE90034,"Srf destabilizes cell identity","Expression profiling by high throughput sequencing;Expression profiling by array;Genome binding/occupancy profiling by high throughput sequencing;Other","Mus musculus",41,,"BEDGRAPH;BW;CEL;TXT","ftp://ftp.ncbi.nlm.nih.gov/geo/series/GSE90nnn/GSE90034/suppl",29643333,,"Takashi Ikeda","Apr 18, 2018"
GSE97988,"5hmC dynamically correlated with enhancer's activities during hES-to-Pancreatic endoderm cell differentiation (CMS)","Methylation profiling by high throughput sequencing","Homo sapiens",12,,"BED;BW;SRA Run Selector","ftp://ftp.ncbi.nlm.nih.gov/geo/series/GSE97nnn/GSE97988/suppl;https://www.ncbi.nlm.nih.gov/Traces/study/?acc=PRJNA383584",29394393,SRP104302,"Jia Li","Apr 18, 2018"
GSE97989,"5hmC dynamically correlated with enhancer's activities during hES-to-Pancreatic endoderm cell differentiation (ATAC-Seq)","Genome binding/occupancy profiling by high throughput sequencing","Homo sapiens",5,,"BED;SRA Run Selector","ftp://ftp.ncbi.nlm.nih.gov/geo/series/GSE97nnn/GSE97989/suppl;https://www.ncbi.nlm.nih.gov/Traces/study/?acc=PRJNA383583",29394393,SRP104303,"Jia Li","Apr 18, 2018"
GSE97990,"5hmC dynamically correlated with enhancer's activities during hES-to-Pancreatic endoderm cell differentiation (RNA-Seq)","Expression profiling by high throughput sequencing","Homo sapiens",8,,"TXT;SRA Run Selector","ftp://ftp.ncbi.nlm.nih.gov/geo/series/GSE97nnn/GSE97990/suppl;https://www.ncbi.nlm.nih.gov/Traces/study/?acc=PRJNA383582",29394393,SRP104304,"Jia Li","Apr 18, 2018"
GSE97991,"5hmC dynamically correlated with enhancer's activities during hES-to-Pancreatic endoderm cell differentiation (Bisulfite-Seq)","Methylation profiling by high throughput sequencing","Homo sapiens",4,,"BW;SRA Run Selector","ftp://ftp.ncbi.nlm.nih.gov/geo/series/GSE97nnn/GSE97991/suppl;https://www.ncbi.nlm.nih.gov/Traces/study/?acc=PRJNA383581",29394393,SRP104305,"Jia Li","Apr 18, 2018"
GSE97992,"5hmC dynamically correlated with enhancer's activities during hES-to-Pancreatic endoderm cell differentiation","Expression profiling by high throughput sequencing;Methylation profiling by high throughput sequencing;Genome binding/occupancy profiling by high throughput sequencing","Homo sapiens",29,,"BED;BW","ftp://ftp.ncbi.nlm.nih.gov/geo/series/GSE97nnn/GSE97992/suppl",29394393,,"Jia Li","Apr 18, 2018"
GSE98241,"MYCN drives glutaminolysis in neuroblastoma and confers sensitivity to ROS augmenting agents","Expression profiling by array","Homo sapiens",6,,"CEL","ftp://ftp.ncbi.nlm.nih.gov/geo/series/GSE98nnn/GSE98241/suppl",29445162,,"JUN YANG","Apr 18, 2018"
GSE98922,"Treatment of SW480 colon cancer cell induced xenografts with AZD and DBZ","Expression profiling by high throughput sequencing","Homo sapiens",9,,"TXT;SRA Run Selector","ftp://ftp.ncbi.nlm.nih.gov/geo/series/GSE98nnn/GSE98922/suppl;https://www.ncbi.nlm.nih.gov/Traces/study/?acc=PRJNA386891",29769248,SRP107224,"Stefan Krebs","Apr 18, 2018"
GSE99247,"Differential Gene Expression and Pathway Analysis in Juvenile Nasopharyngeal Angiofibroma Using RNA-Sequencing","Expression profiling by high throughput sequencing","Homo sapiens",4,,"TXT;SRA Run Selector","ftp://ftp.ncbi.nlm.nih.gov/geo/series/GSE99nnn/GSE99247/suppl;https://www.ncbi.nlm.nih.gov/Traces/study/?acc=PRJNA387701",29634432,SRP107936,"Sufi Mary Thomas","Apr 18, 2018"
GSE100188,"Differential expression of small RNAs in muscle tissue of patients with Amyotrophic lateral sclerosis and healthy controls","Expression profiling by high throughput sequencing","Homo sapiens",22,,"XLSX;SRA Run Selector","ftp://ftp.ncbi.nlm.nih.gov/geo/series/GSE100nnn/GSE100188/suppl;https://www.ncbi.nlm.nih.gov/Traces/study/?acc=PRJNA390941",29618798,SRP109647,"Anja Kovanda","Apr 18, 2018"
GSE100373,"The RNA-binding protein Hfq is important for ribosome biogenesis and affects translation fidelity","Expression profiling by high throughput sequencing;Other","Escherichia coli",4,,"TAB;SRA Run Selector","ftp://ftp.ncbi.nlm.nih.gov/geo/series/GSE100nnn/GSE100373/suppl;https://www.ncbi.nlm.nih.gov/Traces/study/?acc=PRJNA391480",29669858,SRP110169,"Irina Chelysheva","Apr 18, 2018"
GSE100648,"Early arthritis B cell gene expression profiling","Expression profiling by array","Homo sapiens",242,,"TXT","ftp://ftp.ncbi.nlm.nih.gov/geo/series/GSE100nnn/GSE100648/suppl",29193869,,"Andrew James Skelton","Apr 18, 2018"
GSE100847,"Gene expression analysis on renal tubule epithelial cells, mIMCD3, with or without FGF23 stimulation.","Expression profiling by array","Mus musculus",2,,"TXT;XLSX","ftp://ftp.ncbi.nlm.nih.gov/geo/series/GSE100nnn/GSE100847/suppl",29670389,,"Mitsuru Yashiro","Apr 18, 2018"
GSE100989,"Gene Expression in the BAT and WAT of ob/ob and ob/ob/Cidea-/-/Cidec-/- mice","Expression profiling by array","Mus musculus",12,,"CEL;XLSX","ftp://ftp.ncbi.nlm.nih.gov/geo/series/GSE100nnn/GSE100989/suppl",29986925,,"Linkang Zhou","Apr 18, 2018"
GSE102536,"Gene expression profiling after a chronic exposure to benzo[a]pyrene (B[a]P) and/or ethanol in steatotic or non-steatotic HepaRG cells.","Expression profiling by array","Homo sapiens",36,,"TXT","ftp://ftp.ncbi.nlm.nih.gov/geo/series/GSE102nnn/GSE102536/suppl",29654281,,"Simon Bucher","Apr 18, 2018"
GSE102598,"GKAP acts as a genetic modulator of NMDAR signaling to govern tumor invasiveness","Expression profiling by high throughput sequencing","Mus musculus",16,,"XLSX;SRA Run Selector","ftp://ftp.ncbi.nlm.nih.gov/geo/series/GSE102nnn/GSE102598/suppl;https://www.ncbi.nlm.nih.gov/Traces/study/?acc=PRJNA398161",29606348,SRP115363,"A Bhutkar","Apr 18, 2018"
GSE103964,"Transcriptome analysis of wild-type and VaAQUILO overexpressing Arabidopsis","Expression profiling by high throughput sequencing","Arabidopsis thaliana",4,,"TXT;SRA Run Selector","ftp://ftp.ncbi.nlm.nih.gov/geo/series/GSE103nnn/GSE103964/suppl;https://www.ncbi.nlm.nih.gov/Traces/study/?acc=PRJNA407793",29385617,SRP117943,"Xiaoming Sun","Apr 18, 2018"
GSE104319,"Altered gene-regulatory function of KDM5C by a novel mutation associated with autism and intellectual disability","Expression profiling by high throughput sequencing","Mus musculus",4,,"BW;TXT;SRA Run Selector","ftp://ftp.ncbi.nlm.nih.gov/geo/series/GSE104nnn/GSE104319/suppl;https://www.ncbi.nlm.nih.gov/Traces/study/?acc=PRJNA412360",29670509,SRP118979,"Christina N Vallianatos","Apr 18, 2018"
GSE104629,"MiRNA expression profiling in cholangiocarcinoma (CCA) cells treated with TGF-b","Non-coding RNA profiling by array","Homo sapiens",6,,"TXT","ftp://ftp.ncbi.nlm.nih.gov/geo/series/GSE104nnn/GSE104629/suppl",29662654,,"Satoshi Kondo","Apr 18, 2018"
GSE104910,"Differentially Expressed Genes upon Knockdown of ZRANB1 or EZH2 in LM2 Cells","Expression profiling by high throughput sequencing","Homo sapiens",12,,"TXT;SRA Run Selector","ftp://ftp.ncbi.nlm.nih.gov/geo/series/GSE104nnn/GSE104910/suppl;https://www.ncbi.nlm.nih.gov/Traces/study/?acc=PRJNA414117",29669287,SRP119864,"Li Ma","Apr 18, 2018"
GSE106315,"Srf destabilizes cell identity (RNA-seq)","Expression profiling by high throughput sequencing","Mus musculus",4,,"TXT;SRA Run Selector","ftp://ftp.ncbi.nlm.nih.gov/geo/series/GSE106nnn/GSE106315/suppl;https://www.ncbi.nlm.nih.gov/Traces/study/?acc=PRJNA416280",29643333,SRP122908,"Takashi Ikeda","Apr 18, 2018"
GSE106318,"Srf destabilizes cell identity (ATAC-seq)","Genome binding/occupancy profiling by high throughput sequencing","Mus musculus",2,,"BW;SRA Run Selector","ftp://ftp.ncbi.nlm.nih.gov/geo/series/GSE106nnn/GSE106318/suppl;https://www.ncbi.nlm.nih.gov/Traces/study/?acc=PRJNA416287",29643333,SRP122910,"Takashi Ikeda","Apr 18, 2018"
GSE106319,"Srf destabilizes cell identity (ChIP-seq)","Genome binding/occupancy profiling by high throughput sequencing","Mus musculus",16,,"BW;SRA Run Selector","ftp://ftp.ncbi.nlm.nih.gov/geo/series/GSE106nnn/GSE106319/suppl;https://www.ncbi.nlm.nih.gov/Traces/study/?acc=PRJNA416286",29643333,SRP122911,"Takashi Ikeda","Apr 18, 2018"
GSE107369,"Characterization of lncRNAs involved in cold acclimation of zebrafish ZF4 cells","Expression profiling by high throughput sequencing","Danio rerio",6,,"TXT;SRA Run Selector","ftp://ftp.ncbi.nlm.nih.gov/geo/series/GSE107nnn/GSE107369/suppl;https://www.ncbi.nlm.nih.gov/Traces/study/?acc=PRJNA419909",29634734,SRP125677,"Jiang Penglei","Apr 18, 2018"
GSE108570,"RNA-seq analysis of swine reproductive tissues including endometrium, oviduct and ovary through the estrous","Expression profiling by high throughput sequencing","Sus scrofa",67,,"TXT;SRA Run Selector","ftp://ftp.ncbi.nlm.nih.gov/geo/series/GSE108nnn/GSE108570/suppl;https://www.ncbi.nlm.nih.gov/Traces/study/?acc=PRJNA427706",29615657,SRP127622,"Jun-Mo Kim","Apr 18, 2018"
GSE109427,"Angiogenin/ribonuclease 5 is an EGFR ligand and a serum biomarker for erlotinib sensitivity in pancreatic cancer","Expression profiling by high throughput sequencing","Homo sapiens",14,,"TXT;SRA Run Selector","ftp://ftp.ncbi.nlm.nih.gov/geo/series/GSE109nnn/GSE109427/suppl;https://www.ncbi.nlm.nih.gov/Traces/study/?acc=PRJNA432337",29606349,SRP131860,"Mien-chie Hung","Apr 18, 2018"
GSE109558,"Proinflammatory cytokines and response to molds in mononuclear cells of patients with Meniere disease, vestibular migarine and Healthy controls","Expression profiling by array","Homo sapiens",41,,"TXT","ftp://ftp.ncbi.nlm.nih.gov/geo/series/GSE109nnn/GSE109558/suppl",29654306,,"Jose Antonio Lopez-Escamez","Apr 18, 2018"
GSE109909,"Variable extent of lineage-specificity and developmental stage-specificity of cohesin and CTCF binding within the immunoglobulin and T cell receptor loci","Genome binding/occupancy profiling by high throughput sequencing","Mus musculus",9,,"BED;SRA Run Selector","ftp://ftp.ncbi.nlm.nih.gov/geo/series/GSE109nnn/GSE109909/suppl;https://www.ncbi.nlm.nih.gov/Traces/study/?acc=PRJNA432324",29593713,SRP131852,"Salvatore Loguercio","Apr 18, 2018"
GSE110010,"Single-cell RNA-seq of ASPM mutant ferret embryonic forebrain","Expression profiling by high throughput sequencing","Mustela putorius furo",12,,"TXT;SRA Run Selector","ftp://ftp.ncbi.nlm.nih.gov/geo/series/GSE110nnn/GSE110010/suppl;https://www.ncbi.nlm.nih.gov/Traces/study/?acc=PRJNA432557",29643508,SRP131984,"Byoung-Il Bae","Apr 18, 2018"
GSE110042,"TRAPSeq identifies transcripts enriched/de-enriched in mouse GnRH neurons.","Expression profiling by high throughput sequencing","Mus musculus",26,,"TXT;SRA Run Selector","ftp://ftp.ncbi.nlm.nih.gov/geo/series/GSE110nnn/GSE110042/suppl;https://www.ncbi.nlm.nih.gov/Traces/study/?acc=PRJNA432601",29522155,SRP132019,"Richard C McEachin","Apr 18, 2018"
GSE110047,"CG7358 mutant Drosophila melanogaster sequencing","Expression profiling by high throughput sequencing","Drosophila melanogaster",6,,"FPKM_TRACKING;SRA Run Selector","ftp://ftp.ncbi.nlm.nih.gov/geo/series/GSE110nnn/GSE110047/suppl;https://www.ncbi.nlm.nih.gov/Traces/study/?acc=PRJNA432658",29555755,SRP132041,"Guo Jian","Apr 18, 2018"
GSE110948,"RNA Seq data: A375, A375R, A375DR vorinostat treated, and biopy samples from patients pre- and post- treated with Vorinostat","Expression profiling by high throughput sequencing","Homo sapiens",13,,"XLSX;SRA Run Selector","ftp://ftp.ncbi.nlm.nih.gov/geo/series/GSE110nnn/GSE110948/suppl;https://www.ncbi.nlm.nih.gov/Traces/study/?acc=PRJNA435114",29754815,SRP133227,"Liqin Wang","Apr 18, 2018"
GSE111140,"DNA Seq data: biopy samples from patients pre- and post- treated with Vorinostat","Genome variation profiling by high throughput sequencing","Homo sapiens",7,,"XLSX;SRA Run Selector","ftp://ftp.ncbi.nlm.nih.gov/geo/series/GSE111nnn/GSE111140/suppl;https://www.ncbi.nlm.nih.gov/Traces/study/?acc=PRJNA436005",29754815,SRP133506,"Liqin Wang","Apr 18, 2018"
GSE111141,"An acquired vulnerability of drug resistant melanoma with therapeutic potential","Expression profiling by high throughput sequencing;Genome variation profiling by high throughput sequencing","Homo sapiens",20,,,,29754815,,"Liqin Wang","Apr 18, 2018"
GSE111222,"A Multi-Parameter Analysis of Cellular Coordination of Major Transcriptome Regulation Mechanisms","Expression profiling by high throughput sequencing;Other","Homo sapiens",7,,"TXT;SRA Run Selector","ftp://ftp.ncbi.nlm.nih.gov/geo/series/GSE111nnn/GSE111222/suppl;https://www.ncbi.nlm.nih.gov/Traces/study/?acc=PRJNA436186",29636505,SRP133625,"Degeng Wang Wang","Apr 18, 2018"
GSE111342,"VASCULAR PLANT ONE-ZINC FINGER1 (VOZ1) and VOZ2 interact with CONSTANS in photoperiodic control of flowering","Expression profiling by array","Arabidopsis thaliana",4,,"TXT","ftp://ftp.ncbi.nlm.nih.gov/geo/series/GSE111nnn/GSE111342/suppl",29507119,,"Genotypic technology","Apr 18, 2018"
GSE111740,"UXT is required for spermatogenesis in mice","Expression profiling by high throughput sequencing","Mus musculus",6,,"TXT;SRA Run Selector","ftp://ftp.ncbi.nlm.nih.gov/geo/series/GSE111nnn/GSE111740/suppl;https://www.ncbi.nlm.nih.gov/Traces/study/?acc=PRJNA438005",29649254,SRP135119,"Susan K. Logan","Apr 18, 2018"
GSE111815,"Spt6 association with RNAPII directs mRNA turnover during transcription","Expression profiling by high throughput sequencing;Genome binding/occupancy profiling by high throughput sequencing","Saccharomyces cerevisiae",12,,"BW;TXT;SRA Run Selector","ftp://ftp.ncbi.nlm.nih.gov/geo/series/GSE111nnn/GSE111815/suppl;https://www.ncbi.nlm.nih.gov/Traces/study/?acc=PRJNA438236",29932900,SRP135667,"Ian Jonathan Davis","Apr 18, 2018"
GSE112314,"Differentially methylated genes in saliva are linked to childhood stress","Methylation profiling by genome tiling array","Homo sapiens",22,,"CSV;IDAT","ftp://ftp.ncbi.nlm.nih.gov/geo/series/GSE112nnn/GSE112314/suppl",30018309,,"Reid Spencer Alisch","Apr 18, 2018"
GSE113218,"Epigenetic changes induced by Bacteroides fragilis toxin (BFT) [RNA-seq]","Expression profiling by high throughput sequencing","Homo sapiens",12,,"TSV;SRA Run Selector","ftp://ftp.ncbi.nlm.nih.gov/geo/series/GSE113nnn/GSE113218/suppl;https://www.ncbi.nlm.nih.gov/Traces/study/?acc=PRJNA450654",,SRP140719,"Winston Timp","Apr 18, 2018"
GSE113219,"Epigenetic changes induced by Bacteroides fragilis toxin (BFT) [ATAC-seq]","Genome binding/occupancy profiling by high throughput sequencing","Homo sapiens",12,,"NARROWPEAK;SRA Run Selector","ftp://ftp.ncbi.nlm.nih.gov/geo/series/GSE113nnn/GSE113219/suppl;https://www.ncbi.nlm.nih.gov/Traces/study/?acc=PRJNA450440",,SRP140574,"Winston Timp","Apr 18, 2018"
GSE113220,"Epigenetic changes induced by Bacteroides fragilis toxin (BFT)","Expression profiling by high throughput sequencing;Genome binding/occupancy profiling by high throughput sequencing","Homo sapiens",24,,"TSV","ftp://ftp.ncbi.nlm.nih.gov/geo/series/GSE113nnn/GSE113220/suppl",,,"Winston Timp","Apr 18, 2018"
GSE113222,"The endoribonuclease YbeY is linked to proper cellular morphology and virulence in Brucella abortus","Expression profiling by array","Brucella abortus",4,,"CEL;CHP","ftp://ftp.ncbi.nlm.nih.gov/geo/series/GSE113nnn/GSE113222/suppl",,,"Paul Dunman","Apr 18, 2018"
GSE113231,"Gene regulation by elevated c-di-AMP levels in Streptococcus pneumoniae","Expression profiling by high throughput sequencing","Streptococcus pneumoniae",6,,"TXT;XLS;SRA Run Selector","ftp://ftp.ncbi.nlm.nih.gov/geo/series/GSE113nnn/GSE113231/suppl;https://www.ncbi.nlm.nih.gov/Traces/study/?acc=PRJNA450521",,SRP140610,"Guangchun Bai","Apr 18, 2018"
GSE113238,"Genome-wide maps of linker histone H1 lysine 85 acetylation in HCT116 cells","Genome binding/occupancy profiling by high throughput sequencing","Homo sapiens",2,,"WIG;SRA Run Selector","ftp://ftp.ncbi.nlm.nih.gov/geo/series/GSE113nnn/GSE113238/suppl;https://www.ncbi.nlm.nih.gov/Traces/study/?acc=PRJNA450529",29982688,SRP140615,"Zhiming Li","Apr 18, 2018"
GSE113239,"Differential Gene Expression Analysis of Human Cumulus Cells as a Predictor of Pregnancy","Expression profiling by array","Homo sapiens",10,,"PAIR;XYS","ftp://ftp.ncbi.nlm.nih.gov/geo/series/GSE113nnn/GSE113239/suppl",,,"Hüseyin Okan Soykam","Apr 18, 2018"
GSE113240,"Gene regulatory network architecture in different developmental contexts influences the genetic basis of morphological evolution","Expression profiling by high throughput sequencing;Genome binding/occupancy profiling by high throughput sequencing","Drosophila melanogaster",12,,"BED;NARROWPEAK;TXT;SRA Run Selector","ftp://ftp.ncbi.nlm.nih.gov/geo/series/GSE113nnn/GSE113240/suppl;https://www.ncbi.nlm.nih.gov/Traces/study/?acc=PRJNA450538",29723190,SRP140618,"Sebastian Kittelmann","Apr 18, 2018"
GSE113241,"Analysis of the long-lived responses induced by immunostimulants and their effects on a viral infection in zebrafish (Danio rerio)","Expression profiling by array","Danio rerio",32,,"TXT","ftp://ftp.ncbi.nlm.nih.gov/geo/series/GSE113nnn/GSE113241/suppl",,,"Patricia Pereiro","Apr 18, 2018"
GSE113244,"Anti-oncogenic triterpenoids from Ganoderma lucidum activate circNF1-419 to regulate lipid metabolism and promote apoptosis in glioma","Non-coding RNA profiling by high throughput sequencing","Homo sapiens",2,,"TXT;SRA Run Selector","ftp://ftp.ncbi.nlm.nih.gov/geo/series/GSE113nnn/GSE113244/suppl;https://www.ncbi.nlm.nih.gov/Traces/study/?acc=PRJNA450542",,SRP140621,"Diling Chen","Apr 18, 2018"
GSE113246,"De novo transcriptome characterization of Nitraria sibirica Pall. under salt stress","Expression profiling by high throughput sequencing","Nitraria sibirica",9,,"FASTA;TXT;XLS;SRA Run Selector","ftp://ftp.ncbi.nlm.nih.gov/geo/series/GSE113nnn/GSE113246/suppl;https://www.ncbi.nlm.nih.gov/Traces/study/?acc=PRJNA450544",,SRP140623,"Huanyong Li","Apr 18, 2018"
GSE113247,"Sauchinone controls hepatic cholesterol homeostasis by the negative regulation of PCSK9 transcriptional network","Expression profiling by high throughput sequencing","Homo sapiens",8,,"TXT;SRA Run Selector","ftp://ftp.ncbi.nlm.nih.gov/geo/series/GSE113nnn/GSE113247/suppl;https://www.ncbi.nlm.nih.gov/Traces/study/?acc=PRJNA450545",,SRP140625,"Hee-sung Chae","Apr 18, 2018"
GSE113249,"Gene expression signatures for murine stromal cells from tumor-draining lymph nodes","Expression profiling by array","Mus musculus",2,,"TXT","ftp://ftp.ncbi.nlm.nih.gov/geo/series/GSE113nnn/GSE113249/suppl",,,"Yan Gu","Apr 18, 2018"
GSE113250,"Gene expression signatures for murine B cells from tumor-draining lymph nodes","Expression profiling by array","Mus musculus",2,,"TXT","ftp://ftp.ncbi.nlm.nih.gov/geo/series/GSE113nnn/GSE113250/suppl",,,"Yan Gu","Apr 18, 2018"
GSE113251,"Deletion of Nkx2-5 in trabecular myocardium reveals the developmental origins of pathological heterogeneity associated with ventricular non-compaction cardiomyopathy","Expression profiling by array","Mus musculus",12,,"TXT","ftp://ftp.ncbi.nlm.nih.gov/geo/series/GSE113nnn/GSE113251/suppl",29979676,,"Thom Thi Tran","Apr 18, 2018"
GSE113252,"Transcriptional Profiling of Host Cell Responses to Virulent Haemophilus parasuis","Expression profiling by high throughput sequencing","Sus scrofa",6,,"XLS;XLSX;SRA Run Selector","ftp://ftp.ncbi.nlm.nih.gov/geo/series/GSE113nnn/GSE113252/suppl;https://www.ncbi.nlm.nih.gov/Traces/study/?acc=PRJNA450552",,SRP140632,"shulin fu","Apr 18, 2018"
GSE113259,"RNA-sequencing (RNA-seq) in BxPC-3 and S2-007 cell lines","Expression profiling by high throughput sequencing","Homo sapiens",6,,"TXT;SRA Run Selector","ftp://ftp.ncbi.nlm.nih.gov/geo/series/GSE113nnn/GSE113259/suppl;https://www.ncbi.nlm.nih.gov/Traces/study/?acc=PRJNA450600",29748571,SRP140637,"Leandro Castellano","Apr 18, 2018"
GSE113290,"Gender Specific Differences in Expression of Neisseria gonorrhoeae Antibiotic Resistance Genes During Human Mucosal Infection","Expression profiling by high throughput sequencing","Neisseria gonorrhoeae",15,,"TXT;SRA Run Selector","ftp://ftp.ncbi.nlm.nih.gov/geo/series/GSE113nnn/GSE113290/suppl;https://www.ncbi.nlm.nih.gov/Traces/study/?acc=PRJNA450655",29950382,SRP140724,"Caroline Attardo Genco","Apr 18, 2018"
GSE113295,"Reprogrammed marrow adipocytes: an unexpected role in the genesis of myeloma-induced bone disease","Expression profiling by array","Homo sapiens",18,,"TXT","ftp://ftp.ncbi.nlm.nih.gov/geo/series/GSE113nnn/GSE113295/suppl",,,"Jing Yang","Apr 18, 2018"
GSE113316,"Differential expression and co-expression gene networks reveal candidate biomarkers of boar taint in non-castrated pigs (RNA-seq data set)","Expression profiling by high throughput sequencing","Sus scrofa",96,,"TXT;SRA Run Selector","ftp://ftp.ncbi.nlm.nih.gov/geo/series/GSE113nnn/GSE113316/suppl;https://www.ncbi.nlm.nih.gov/Traces/study/?acc=PRJNA451072",28939879;29438444,SRP141481,"Haja N Kadarmideen","Apr 18, 2018"
GSE113318,"Systems genomics study reveals expression quantitative trait loci, regulator genes and pathways associated with boar taint in pigs (SNP60v2 BeadChip data set)","Genome variation profiling by SNP array","Sus scrofa",48,,"CSV;IDAT;TXT;VCF","ftp://ftp.ncbi.nlm.nih.gov/geo/series/GSE113nnn/GSE113318/suppl",29438444,,"Haja N Kadarmideen","Apr 18, 2018"
GSE67996,"Agilent SurePrint G3 Human V2 GE 8×60K microarray-BEAS-2B cells treatment with NiCl2","Expression profiling by array","Homo sapiens",2,,"TXT","ftp://ftp.ncbi.nlm.nih.gov/geo/series/GSE67nnn/GSE67996/suppl",,,"Jiunn-Liang Ko","Apr 17, 2018"
GSE67997,"HmiOA4.1 microarrays-BEAS-2B cells treatment with NiCl2","Non-coding RNA profiling by array","Homo sapiens",4,,"GPR","ftp://ftp.ncbi.nlm.nih.gov/geo/series/GSE67nnn/GSE67997/suppl",,,"Jiunn-Liang Ko","Apr 17, 2018"
GSE67998,"Effects of NiCl2 on gene and miRNA expression in BEAS-2B cells","Expression profiling by array;Non-coding RNA profiling by array","Homo sapiens",6,,"GPR;TXT","ftp://ftp.ncbi.nlm.nih.gov/geo/series/GSE67nnn/GSE67998/suppl",,,"Jiunn-Liang Ko","Apr 17, 2018"
GSE68020,"Identification of gene expression biomarkers in urine for the non-invasive detection of bladder cancer","Expression profiling by array","Homo sapiens",50,,"TXT","ftp://ftp.ncbi.nlm.nih.gov/geo/series/GSE68nnn/GSE68020/suppl",,,"Karen B. Chapman","Apr 17, 2018"
GSE77948,"Gene expression profiling of mammary epithelial cells from mice transiently exposed to tamoxifen","Expression profiling by array","Mus musculus",6,,"CEL","ftp://ftp.ncbi.nlm.nih.gov/geo/series/GSE77nnn/GSE77948/suppl",29590203,,"Chad Creighton","Apr 17, 2018"
GSE95040,"Comparative DNA methylation profiling of ICF patients supports a functional link between ZBTB24, CDCA7 and HELLS at genomic regions with heterochromatin features","Methylation profiling by array","Homo sapiens",25,,"TXT","ftp://ftp.ncbi.nlm.nih.gov/geo/series/GSE95nnn/GSE95040/suppl",29659838,,"Nizar Touleimat","Apr 17, 2018"
GSE97868,"De novo transcriptome assembly for desiccation tolerance in intertidal seaweed species Ulva lactuca","Expression profiling by high throughput sequencing","Ulva lactuca",4,,"FASTA;TXT;SRA Run Selector","ftp://ftp.ncbi.nlm.nih.gov/geo/series/GSE97nnn/GSE97868/suppl;https://www.ncbi.nlm.nih.gov/Traces/study/?acc=PRJNA383122",,SRP104131,"vishal gupta","Apr 17, 2018"
GSE97911,"Next Generation Sequencing Facilitates Quantitative Analysis of Wild Type (WT) HSCs and  NHD13+ MDS HSCs Transcriptomes","Expression profiling by high throughput sequencing","Mus musculus",4,,"TXT;SRA Run Selector","ftp://ftp.ncbi.nlm.nih.gov/geo/series/GSE97nnn/GSE97911/suppl;https://www.ncbi.nlm.nih.gov/Traces/study/?acc=PRJNA383272",,SRP104150,"Haiming Xu","Apr 17, 2018"
GSE98117,"Analysis of experience-regulated transcriptome and imprintome during critical periods of mouse visual system development","Expression profiling by high throughput sequencing;Other","Mus musculus",18,,"XLSX;SRA Run Selector","ftp://ftp.ncbi.nlm.nih.gov/geo/series/GSE98nnn/GSE98117/suppl;https://www.ncbi.nlm.nih.gov/Traces/study/?acc=PRJNA384021",29346572,SRP105081,"Hsien-Sung Huang","Apr 17, 2018"
GSE99421,"Role of XRN2 ribonucleolytic activity in RNA metabolism","Other","Homo sapiens",6,,"BED;BW;SRA Run Selector","ftp://ftp.ncbi.nlm.nih.gov/geo/series/GSE99nnn/GSE99421/suppl;https://www.ncbi.nlm.nih.gov/Traces/study/?acc=PRJNA388423",29590189,SRP108264,"Tomasz M. Kulinski","Apr 17, 2018"
GSE101413,"Tracking transcriptional changes in a species-specific manner during experimental hepatoblastoma progression in vivo","Expression profiling by high throughput sequencing","Gallus gallus;Homo sapiens",22,,"TXT;SRA Run Selector","ftp://ftp.ncbi.nlm.nih.gov/geo/series/GSE101nnn/GSE101413/suppl;https://www.ncbi.nlm.nih.gov/Traces/study/?acc=PRJNA394137",29662633,SRP111862,"Katarzyna B Hooks","Apr 17, 2018"
GSE101415,"Intestinal IKKa is required for tumor initiation in APC mutant mice","Expression profiling by high throughput sequencing","Mus musculus",6,,"TXT;SRA Run Selector","ftp://ftp.ncbi.nlm.nih.gov/geo/series/GSE101nnn/GSE101415/suppl;https://www.ncbi.nlm.nih.gov/Traces/study/?acc=PRJNA394141",29438366,SRP111864,"Lluis Espinosa","Apr 17, 2018"
GSE101569,"Di- and trimeric biological switches made of nanobody-cytokine receptor fusion proteins simulate  IL-23 signaling","Expression profiling by array","Mus musculus",32,,"CEL;CHP","ftp://ftp.ncbi.nlm.nih.gov/geo/series/GSE101nnn/GSE101569/suppl",29789554,,"Birgit Knebel","Apr 17, 2018"
GSE101592,"Genome-wide binding of GATA2 in 3T3-L1 und C3H10T1/2 cells and expression profile of primary mesenchymal cells with ectopic GATA2 expression","Genome binding/occupancy profiling by high throughput sequencing","Mus musculus",8,,"BED;BW;SRA Run Selector","ftp://ftp.ncbi.nlm.nih.gov/geo/series/GSE101nnn/GSE101592/suppl;https://www.ncbi.nlm.nih.gov/Traces/study/?acc=PRJNA394902",29581184,SRP112752,"Cornelius Fischer","Apr 17, 2018"
GSE103400,"RNA sequncing of HCN3+ urinary tract pacemaker cells","Expression profiling by high throughput sequencing","Mus musculus",5,,"TXT;SRA Run Selector","ftp://ftp.ncbi.nlm.nih.gov/geo/series/GSE103nnn/GSE103400/suppl;https://www.ncbi.nlm.nih.gov/Traces/study/?acc=PRJNA401871",29436516,SRP116912,"Norman Rosenblum","Apr 17, 2018"
GSE104055,"Transcriptomic Profiling of Mice with Klf5 Deletion in Context of Oncogenic Kras Expression","Expression profiling by high throughput sequencing","Mus musculus",8,,"TXT;SRA Run Selector","ftp://ftp.ncbi.nlm.nih.gov/geo/series/GSE104nnn/GSE104055/suppl;https://www.ncbi.nlm.nih.gov/Traces/study/?acc=PRJNA408124",29248441,SRP118318,"Agnieszka B. Bialkowska","Apr 17, 2018"
GSE104440,"A three–microRNA signature as a potential biomarker for the early detection of oral cancer","Non-coding RNA profiling by high throughput sequencing","Homo sapiens",3,,"TXT;SRA Run Selector","ftp://ftp.ncbi.nlm.nih.gov/geo/series/GSE104nnn/GSE104440/suppl;https://www.ncbi.nlm.nih.gov/Traces/study/?acc=PRJNA412638",29518940,SRP119152,"Hsien-Da Huang","Apr 17, 2018"
GSE104536,"Analysis of differentially expressed genes between human Bone Marrow Stromal cells (hBMSC) and relative fully differentiated adipocytes from two healthy donor","Expression profiling by array","Homo sapiens",4,,"TXT","ftp://ftp.ncbi.nlm.nih.gov/geo/series/GSE104nnn/GSE104536/suppl",29151594,,"Carmine Carbone","Apr 17, 2018"
GSE105000,"Genome-wide bisulphite sequencing of Arabidopsis thaliana embryo and endosperm","Methylation profiling by high throughput sequencing","Arabidopsis thaliana",19,,"GFF;SRA Run Selector","ftp://ftp.ncbi.nlm.nih.gov/geo/series/GSE105nnn/GSE105000/suppl;https://www.ncbi.nlm.nih.gov/Traces/study/?acc=PRJNA414399",,SRP120000,"Jennifer M Frost","Apr 17, 2018"
GSE106680,"Transcriptomic study on protective effects of Danhong Injection against cerebral ischemia/reperfusion-induced damage","Expression profiling by array","Rattus norvegicus",9,,"TXT","ftp://ftp.ncbi.nlm.nih.gov/geo/series/GSE106nnn/GSE106680/suppl",29632486,,"shujing zhang","Apr 17, 2018"
GSE107357,"Forniceal deep brain stimulation induces gene expression and splicing changes that promote neurogenesis and synaptic plasticity","Expression profiling by high throughput sequencing","Mus musculus",14,,"TAB;SRA Run Selector","ftp://ftp.ncbi.nlm.nih.gov/geo/series/GSE107nnn/GSE107357/suppl;https://www.ncbi.nlm.nih.gov/Traces/study/?acc=PRJNA419889",29570050,SRP125665,"Ayush T Raman","Apr 17, 2018"
GSE107383,"Forniceal deep brain stimulation induces gene expression and splicing changes that promote neurogenesis and synaptic plasticity","Methylation profiling by high throughput sequencing","Mus musculus",4,,"TXT;SRA Run Selector","ftp://ftp.ncbi.nlm.nih.gov/geo/series/GSE107nnn/GSE107383/suppl;https://www.ncbi.nlm.nih.gov/Traces/study/?acc=PRJNA419932",29570050,SRP125690,"Hari Krishna Yalamanchili","Apr 17, 2018"
GSE107785,"Essential Roles of SETD7 as Transcriptional Activator and Co-regulator of H3K36me in Cardiac Lineage Commitment","Expression profiling by high throughput sequencing;Genome binding/occupancy profiling by high throughput sequencing","Homo sapiens",34,,"TXT;SRA Run Selector","ftp://ftp.ncbi.nlm.nih.gov/geo/series/GSE107nnn/GSE107785/suppl;https://www.ncbi.nlm.nih.gov/Traces/study/?acc=PRJNA421471",29499155,SRP126335,"Joseph Wu","Apr 17, 2018"
GSE108201,"Evolution of genome architecture in Archaea: spontaneous generation of a new chromosome in Haloferax volcanii by homologous recombination","Other","Haloferax volcanii",4,,"BED;SRA Run Selector","ftp://ftp.ncbi.nlm.nih.gov/geo/series/GSE108nnn/GSE108201/suppl;https://www.ncbi.nlm.nih.gov/Traces/study/?acc=PRJNA422812",29668953,SRP130905,"Conrad A Nieduszynski","Apr 17, 2018"
GSE108214,"Key players of cisplatin resistance: towards a systems pharmacology approach","Expression profiling by array","Homo sapiens",22,,"TXT","ftp://ftp.ncbi.nlm.nih.gov/geo/series/GSE108nnn/GSE108214/suppl",29518977,,"Ganna Kalayda","Apr 17, 2018"
GSE108534,"Isolated Iliac Cryptococcosis in an Immunocompetent Patient","Expression profiling by high throughput sequencing","Homo sapiens",2,,"TXT;SRA Run Selector","ftp://ftp.ncbi.nlm.nih.gov/geo/series/GSE108nnn/GSE108534/suppl;https://www.ncbi.nlm.nih.gov/Traces/study/?acc=PRJNA427575",29596420,SRP127569,"junjun sang","Apr 17, 2018"
GSE108625,"Elevated mTOR signaling increases the expression of lysosome genes, but does not alter the expression of inflammatory profiles of microglia as evaluated by low input RNAseq analysis.","Expression profiling by high throughput sequencing","Mus musculus",8,,"TXT;SRA Run Selector","ftp://ftp.ncbi.nlm.nih.gov/geo/series/GSE108nnn/GSE108625/suppl;https://www.ncbi.nlm.nih.gov/Traces/study/?acc=PRJNA427905",29466735,SRP127725,"Yunfei Huang","Apr 17, 2018"
GSE108932,"Circadian Clock- and Transcription-controlled Genome-wide Excision Repair of UV Damage in Arabidopsis","Other","Arabidopsis thaliana",16,,"TXT;SRA Run Selector","ftp://ftp.ncbi.nlm.nih.gov/geo/series/GSE108nnn/GSE108932/suppl;https://www.ncbi.nlm.nih.gov/Traces/study/?acc=PRJNA429185",29666379,SRP128509,"Ogun Adebali","Apr 17, 2018"
GSE109411,"BRD4 profiling identifies critical Chronic Lymphocytic Leukemia oncogenic circuits and reveals sensitivity to PLX51107, a novel structurally distinct BET inhibitor [ChIP-seq]","Genome binding/occupancy profiling by high throughput sequencing","Homo sapiens",49,,"BED;XLSX;SRA Run Selector","ftp://ftp.ncbi.nlm.nih.gov/geo/series/GSE109nnn/GSE109411/suppl;https://www.ncbi.nlm.nih.gov/Traces/study/?acc=PRJNA430819",29386193,SRP131126,"Hatice Gulcin Ozer","Apr 17, 2018"
GSE109587,"BRD4 profiling identifies critical Chronic Lymphocytic Leukemia oncogenic circuits and reveals sensitivity to PLX51107, a novel structurally distinct BET inhibitor [expression profiling]","Expression profiling by array","Homo sapiens",9,,"CEL;CHP","ftp://ftp.ncbi.nlm.nih.gov/geo/series/GSE109nnn/GSE109587/suppl",29386193,,"Hatice Gulcin Ozer","Apr 17, 2018"
GSE109593,"BRD4 profiling identifies critical Chronic Lymphocytic Leukemia oncogenic circuits and reveals sensitivity to PLX51107, a novel structurally distinct BET inhibitor","Expression profiling by array;Genome binding/occupancy profiling by high throughput sequencing","Homo sapiens",58,,"BED;CEL;CHP","ftp://ftp.ncbi.nlm.nih.gov/geo/series/GSE109nnn/GSE109593/suppl",29386193,,"Hatice Gulcin Ozer","Apr 17, 2018"
GSE110185,"Circulating-cell free DNA pooled samples for epigenome-wide discovery of methylation biomarkers for colorectal cancer screening","Methylation profiling by genome tiling array","Homo sapiens",6,,"TXT","ftp://ftp.ncbi.nlm.nih.gov/geo/series/GSE110nnn/GSE110185/suppl",29686738,,"Sebastian Moran","Apr 17, 2018"
GSE110619,"Integration of human adipocyte chromosomal interactions with adipose gene expression prioritizes obesity-related genes from GWAS ","Other","Homo sapiens",1,,"TXT;SRA Run Selector","ftp://ftp.ncbi.nlm.nih.gov/geo/series/GSE110nnn/GSE110619/suppl;https://www.ncbi.nlm.nih.gov/Traces/study/?acc=PRJNA434114",29666371,SRP132876,"Kristina Marie Garske","Apr 17, 2018"
GSE110726,"Expression profile of human lymphatic endothelial cells cultured on stiff (25 kPa) or soft (0.2 kPa) matrix conditions in the presence or absence of GATA2","Expression profiling by array","Homo sapiens",16,,"CEL","ftp://ftp.ncbi.nlm.nih.gov/geo/series/GSE110nnn/GSE110726/suppl",29666442,,"Maike Frye","Apr 17, 2018"
GSE110985,"Expression data from primary sqWAT-MSC cells from mouse","Expression profiling by array","Mus musculus",6,,"CEL;XLS","ftp://ftp.ncbi.nlm.nih.gov/geo/series/GSE110nnn/GSE110985/suppl",29581184,,"Cornelius Fischer","Apr 17, 2018"
GSE110986,"GATA2 in mesenchymal stem cells controls bone trabecularization and hematopoiesis","Expression profiling by array;Genome binding/occupancy profiling by high throughput sequencing","Mus musculus",14,,"BW;CEL","ftp://ftp.ncbi.nlm.nih.gov/geo/series/GSE110nnn/GSE110986/suppl",29581184,,"Cornelius Fischer","Apr 17, 2018"
GSE111703,"Forniceal deep brain stimulation induces gene expression and splicing changes that promote neurogenesis and plasticity","Expression profiling by high throughput sequencing","Mus musculus",15,,"TXT;SRA Run Selector","ftp://ftp.ncbi.nlm.nih.gov/geo/series/GSE111nnn/GSE111703/suppl;https://www.ncbi.nlm.nih.gov/Traces/study/?acc=PRJNA437923",29570050,SRP134938,"Hari Krishna Yalamanchili","Apr 17, 2018"
GSE111764,"Cell type transcriptome atlas for the planarian Schmidtea mediterranea","Expression profiling by high throughput sequencing","Homo sapiens;Mus musculus;Schmidtea mediterranea",32,,"TXT;SRA Run Selector","ftp://ftp.ncbi.nlm.nih.gov/geo/series/GSE111nnn/GSE111764/suppl;https://www.ncbi.nlm.nih.gov/Traces/study/?acc=PRJNA438083",29674431,SRP135258,"Christopher Fincher","Apr 17, 2018"
GSE113043,"Gli1-expressing cells form the essential niche for colon stem cells and serve as a reserve Wnt-source in the small intestine","Expression profiling by high throughput sequencing","Mus musculus",1,,"TXT;SRA Run Selector","ftp://ftp.ncbi.nlm.nih.gov/geo/series/GSE113nnn/GSE113043/suppl;https://www.ncbi.nlm.nih.gov/Traces/study/?acc=PRJNA450092",29875413,SRP139952,"Tomas Valenta","Apr 17, 2018"
GSE113099,"Single Cell RNA sequencing of Adult Human Breast Epithelial Cells [C1_Individual_1]","Expression profiling by high throughput sequencing","Homo sapiens",296,,"TXT;SRA Run Selector","ftp://ftp.ncbi.nlm.nih.gov/geo/series/GSE113nnn/GSE113099/suppl;https://www.ncbi.nlm.nih.gov/Traces/study/?acc=PRJNA450372",29795293,SRP140488,"Kai Kessenbrock","Apr 17, 2018"
GSE113127,"Single Cell RNA sequencing of Adult Human Breast Epithelial Cells [C1_Individual_2]","Expression profiling by high throughput sequencing","Homo sapiens",246,,"TXT;SRA Run Selector","ftp://ftp.ncbi.nlm.nih.gov/geo/series/GSE113nnn/GSE113127/suppl;https://www.ncbi.nlm.nih.gov/Traces/study/?acc=PRJNA450371",29795293,SRP140489,"Kai Kessenbrock","Apr 17, 2018"
GSE113155,"Transcriptome analysis by microarray of human placental chorionic villi explants infected with Trypanosoma cruzi","Expression profiling by array","Homo sapiens",17,,"TXT","ftp://ftp.ncbi.nlm.nih.gov/geo/series/GSE113nnn/GSE113155/suppl",30143027,,"Ulrike Kemmerling","Apr 17, 2018"
GSE113163,"Vex-seq: high-throughput identification of genetic variation impact on pre-mRNA splicing efficiency","Other","Homo sapiens",14,,"TSV;SRA Run Selector","ftp://ftp.ncbi.nlm.nih.gov/geo/series/GSE113nnn/GSE113163/suppl;https://www.ncbi.nlm.nih.gov/Traces/study/?acc=PRJNA450326",29859120,SRP140446,"Brenton R Graveley","Apr 17, 2018"
GSE113167,"Effect of Sidt2 deficiency on skeletal muscle","Expression profiling by array","Mus musculus",6,,"CEL;XLSX","ftp://ftp.ncbi.nlm.nih.gov/geo/series/GSE113nnn/GSE113167/suppl",,,"Huiwen Zhang","Apr 17, 2018"
GSE113174,"Murine mature B Cells: Control vs. Notch1 Signaling Activated","Expression profiling by array","Mus musculus",1,,"TXT","ftp://ftp.ncbi.nlm.nih.gov/geo/series/GSE113nnn/GSE113174/suppl",,,"Hiroshi Arima","Apr 17, 2018"
GSE113181,"Stabilizing Heterochromatin by DGCR8 Alleviates Senescence and Osteoarthritis (ChIP-Seq)","Genome binding/occupancy profiling by high throughput sequencing","Homo sapiens",5,,"XLS;SRA Run Selector","ftp://ftp.ncbi.nlm.nih.gov/geo/series/GSE113nnn/GSE113181/suppl;https://www.ncbi.nlm.nih.gov/Traces/study/?acc=PRJNA450388",,SRP140508,"Zunpeng Liu","Apr 17, 2018"
GSE113183,"SAS cells: control siRNA (siC) vs DDX3 siRNA (siD) transfected","Expression profiling by array","Homo sapiens",2,,"TXT;XLS","ftp://ftp.ncbi.nlm.nih.gov/geo/series/GSE113nnn/GSE113183/suppl",,,"Hung-Hsi Chen","Apr 17, 2018"
GSE113184,"Multi-omics Profiling of Younger Asian Breast Cancers Reveals Distinctive Molecular Signatures","Expression profiling by high throughput sequencing","Homo sapiens",178,,"TXT;SRA Run Selector","ftp://ftp.ncbi.nlm.nih.gov/geo/series/GSE113nnn/GSE113184/suppl;https://www.ncbi.nlm.nih.gov/Traces/study/?acc=PRJNA450393",29713003,ERP024530,"YING DING","Apr 17, 2018"
GSE113193,"Tissue-selective restriction of RNA editing of CaV1.3 by splicing factor SRSF9","Other","Homo sapiens",5,,"BEDGRAPH;BW;SRA Run Selector","ftp://ftp.ncbi.nlm.nih.gov/geo/series/GSE113nnn/GSE113193/suppl;https://www.ncbi.nlm.nih.gov/Traces/study/?acc=PRJNA450408",29733375,SRP140530,"Tuck Wah Soong","Apr 17, 2018"
GSE113196,"Single Cell RNA sequencing of Adult Human Breast Epithelial Cells [Individual 4..7]","Expression profiling by high throughput sequencing","Homo sapiens",4,,"TXT;SRA Run Selector","ftp://ftp.ncbi.nlm.nih.gov/geo/series/GSE113nnn/GSE113196/suppl;https://www.ncbi.nlm.nih.gov/Traces/study/?acc=PRJNA450410",29795293,SRP140533,"Kai Kessenbrock","Apr 17, 2018"
GSE113197,"Single Cell RNA sequencing of Adult Human Breast Epithelial Cells","Expression profiling by high throughput sequencing","Homo sapiens",871,,"TXT","ftp://ftp.ncbi.nlm.nih.gov/geo/series/GSE113nnn/GSE113197/suppl",29795293,,"Kai Kessenbrock","Apr 17, 2018"
GSE113198,"Single Cell RNA sequencing of Adult Human Breast Epithelial Cells [C1_Individual_3]","Expression profiling by high throughput sequencing","Homo sapiens",325,,"TXT;SRA Run Selector","ftp://ftp.ncbi.nlm.nih.gov/geo/series/GSE113nnn/GSE113198/suppl;https://www.ncbi.nlm.nih.gov/Traces/study/?acc=PRJNA450412",29795293,SRP140536,"Kai Kessenbrock","Apr 17, 2018"
GSE113201,"Identification of rapamycin as an autophagy inducer to treat PANC-1 cells [miRNA]","Non-coding RNA profiling by array","Homo sapiens",2,,"TXT","ftp://ftp.ncbi.nlm.nih.gov/geo/series/GSE113nnn/GSE113201/suppl",,,"Qiao Yu","Apr 17, 2018"
GSE113202,"Identification of rapamycin as an autophagy inducer to treat PANC-1 cells [mRNA, circRNA, lncRNA]","Expression profiling by array;Non-coding RNA profiling by array","Homo sapiens",2,,"TXT","ftp://ftp.ncbi.nlm.nih.gov/geo/series/GSE113nnn/GSE113202/suppl",,,"Qiao Yu","Apr 17, 2018"
GSE113203,"Identification of rapamycin as an autophagy inducer to treat PANC-1 cells","Non-coding RNA profiling by array;Expression profiling by array","Homo sapiens",4,,"TXT","ftp://ftp.ncbi.nlm.nih.gov/geo/series/GSE113nnn/GSE113203/suppl",,,"Qiao Yu","Apr 17, 2018"
GSE113212,"The hypertrophy of the ligamentum flavum is assosciated with activation of the unfolded protein respone","Expression profiling by array","Homo sapiens",8,,"TXT","ftp://ftp.ncbi.nlm.nih.gov/geo/series/GSE113nnn/GSE113212/suppl",,,"Masatoshi Morimoto","Apr 17, 2018"
GSE113266,"The memory of environmental chemical exposure in C. elegans is dependent on the Jumonji demethylases jmjd-2 and jmjd-3/utx-1","Expression profiling by high throughput sequencing","Caenorhabditis elegans",12,,"TXT;SRA Run Selector","ftp://ftp.ncbi.nlm.nih.gov/geo/series/GSE113nnn/GSE113266/suppl;https://www.ncbi.nlm.nih.gov/Traces/study/?acc=PRJNA450614",29791850,SRP140674,"Zeyneb Kurt","Apr 17, 2018"
GSE72803,"Next Generation Sequencing Facilitates Quantitative Analysis of  Bone Marrow Macrophages and Splenic Macrophages Transcriptomes in Mouse MLL-AF9 AML Leukemia","Expression profiling by high throughput sequencing","Mus musculus",2,,"TXT;SRA Run Selector","ftp://ftp.ncbi.nlm.nih.gov/geo/series/GSE72nnn/GSE72803/suppl;https://www.ncbi.nlm.nih.gov/Traces/study/?acc=PRJNA295089",29632729,SRP063470,"Guo Guang Zheng","Apr 16, 2018"
GSE79544,"Idiopathic pulmonary fibrosis bronchoalveolar lavage cells RNA-seq indicates macrophage expression of pro-inflammatory M1/M2 activation concomitant with radical species metabolism inhibition","Expression profiling by high throughput sequencing","Homo sapiens",23,,"TXT;SRA Run Selector","ftp://ftp.ncbi.nlm.nih.gov/geo/series/GSE79nnn/GSE79544/suppl;https://www.ncbi.nlm.nih.gov/Traces/study/?acc=PRJNA316136",29649237,SRP072242,"Ivan Arisi","Apr 16, 2018"
GSE81594,"DNA N6-adenine methylation in Arabidopsis thaliana (RNA)","Expression profiling by high throughput sequencing","Arabidopsis thaliana",3,,"TXT;SRA Run Selector","ftp://ftp.ncbi.nlm.nih.gov/geo/series/GSE81nnn/GSE81594/suppl;https://www.ncbi.nlm.nih.gov/Traces/study/?acc=PRJNA322061",29656930,SRP075366,"Hao Yu","Apr 16, 2018"
GSE81596,"DNA N6-adenine methylation in Arabidopsis thaliana (methylation)","Methylation profiling by high throughput sequencing","Arabidopsis thaliana",1,,"GFF;SRA Run Selector","ftp://ftp.ncbi.nlm.nih.gov/geo/series/GSE81nnn/GSE81596/suppl;https://www.ncbi.nlm.nih.gov/Traces/study/?acc=PRJNA322062",29656930,SRP075367,"Hao Yu","Apr 16, 2018"
GSE81597,"DNA N6-adenine methylation in Arabidopsis thaliana","Expression profiling by high throughput sequencing;Methylation profiling by high throughput sequencing","Arabidopsis thaliana",8,,"GFF;TXT","ftp://ftp.ncbi.nlm.nih.gov/geo/series/GSE81nnn/GSE81597/suppl",29656930,,"Hao Yu","Apr 16, 2018"
GSE97205,"De novo reconstruction of human adipose reveals conserved lncRNAs as regulators of brown adipogenesis","Expression profiling by high throughput sequencing;Non-coding RNA profiling by high throughput sequencing","Homo sapiens",14,,"XLSX;SRA Run Selector","ftp://ftp.ncbi.nlm.nih.gov/geo/series/GSE97nnn/GSE97205/suppl;https://www.ncbi.nlm.nih.gov/Traces/study/?acc=PRJNA380957",29626186,SRP102710,"Lei Sun","Apr 16, 2018"
GSE97610,"Role of loss of Pofut1 expression on self-renewal and differentiation of adult neural progenitor cells","Expression profiling by array","Mus musculus",6,,"CEL","ftp://ftp.ncbi.nlm.nih.gov/geo/series/GSE97nnn/GSE97610/suppl",,,"Paul T Martin","Apr 16, 2018"
GSE100117,"Expression analysis in Patl2-knock-out mouse oocytes (GV and MII stages)","Expression profiling by array","Mus musculus",10,,"CEL;CHP","ftp://ftp.ncbi.nlm.nih.gov/geo/series/GSE100nnn/GSE100117/suppl",29661911,,"Christophe Arnoult","Apr 16, 2018"
GSE101559,"JMJD6 licenses estrogen receptor alpha-dependent enhancer RNA and coding gene activation by modulating CARM1/MED12 co-activator complex in breast cancer [ChIP-Seq]","Genome binding/occupancy profiling by high throughput sequencing","Homo sapiens",10,,"BIGWIG;SRA Run Selector","ftp://ftp.ncbi.nlm.nih.gov/geo/series/GSE101nnn/GSE101559/suppl;https://www.ncbi.nlm.nih.gov/Traces/study/?acc=PRJNA394837",29628309,SRP112705,"Wen Liu","Apr 16, 2018"
GSE101560,"JMJD6 licenses estrogen receptor alpha-dependent enhancer RNA and coding gene activation by modulating CARM1/MED12 co-activator complex in breast cancer [Gro-Seq]","Other","Homo sapiens",4,,"BIGWIG;SRA Run Selector","ftp://ftp.ncbi.nlm.nih.gov/geo/series/GSE101nnn/GSE101560/suppl;https://www.ncbi.nlm.nih.gov/Traces/study/?acc=PRJNA394838",29628309,SRP112707,"Wen Liu","Apr 16, 2018"
GSE101562,"JMJD6 licenses estrogen receptor alpha-dependent enhancer RNA and coding gene activation by modulating CARM1/MED12 co-activator complex in breast cancer","Genome binding/occupancy profiling by high throughput sequencing;Other","Homo sapiens",14,,"BIGWIG","ftp://ftp.ncbi.nlm.nih.gov/geo/series/GSE101nnn/GSE101562/suppl",29628309,,"Wen Liu","Apr 16, 2018"
GSE103516,"Single-cell RNA-seq of murine small intestine crypts","Expression profiling by high throughput sequencing","Mus musculus",10,,"CSV;SRA Run Selector","ftp://ftp.ncbi.nlm.nih.gov/geo/series/GSE103nnn/GSE103516/suppl;https://www.ncbi.nlm.nih.gov/Traces/study/?acc=PRJNA401770",,SRP116971,"Jean-Charles Boisset","Apr 16, 2018"
GSE106490,"Shared and unique features distinguishing follicular T helper (TFH) and regulatory (TFR) cells from peripheral lypmh node and Peyer's Patches [Agilent-048306]","Expression profiling by array","Mus musculus",20,,"TXT","ftp://ftp.ncbi.nlm.nih.gov/geo/series/GSE106nnn/GSE106490/suppl",29686684,,"Günter Bernhardt","Apr 16, 2018"
GSE106500,"Immune Profiling of Premalignant Lesions in Patients with Lynch Syndrome ","Expression profiling by high throughput sequencing","Homo sapiens",24,,"TXT;SRA Run Selector","ftp://ftp.ncbi.nlm.nih.gov/geo/series/GSE106nnn/GSE106500/suppl;https://www.ncbi.nlm.nih.gov/Traces/study/?acc=PRJNA417076",29710228,SRP123604,"Eduardo Vilar","Apr 16, 2018"
GSE106590,"Shared and unique features distinguishing follicular T helper (TFH) and regulatory (TFR) cells from peripheral lypmh node and Peyer's Patches [Agilent-084107]","Expression profiling by array","Mus musculus",8,,"TXT","ftp://ftp.ncbi.nlm.nih.gov/geo/series/GSE106nnn/GSE106590/suppl",29686684,,"Günter Bernhardt","Apr 16, 2018"
GSE106593,"Shared and unique features distinguishing follicular T helper (TFH) and regulatory (TFR) cells from peripheral lypmh node and Peyer's Patches","Expression profiling by high throughput sequencing","Mus musculus",28,,"TXT","ftp://ftp.ncbi.nlm.nih.gov/geo/series/GSE106nnn/GSE106593/suppl",29686684,,"Günter Bernhardt","Apr 16, 2018"
GSE106962,"DNA N6-adenine methylation in 3-week-old Arabidopsis thaliana [RNA-seq]","Expression profiling by high throughput sequencing","Arabidopsis thaliana",3,,"TXT;SRA Run Selector","ftp://ftp.ncbi.nlm.nih.gov/geo/series/GSE106nnn/GSE106962/suppl;https://www.ncbi.nlm.nih.gov/Traces/study/?acc=PRJNA418775",29656930,SRP125122,"Hao Yu","Apr 16, 2018"
GSE107002,"DNA N6-adenine methylation in Arabidopsis thaliana [SMRT-seq]","Methylation profiling by high throughput sequencing","Arabidopsis thaliana",1,,"GFF;SRA Run Selector","ftp://ftp.ncbi.nlm.nih.gov/geo/series/GSE107nnn/GSE107002/suppl;https://www.ncbi.nlm.nih.gov/Traces/study/?acc=PRJNA418774",29656930,SRP125120,"Hao Yu","Apr 16, 2018"
GSE108539,"Transcriptomic analyses reveal rhythmic and CLOCK-driven pathways in human skeletal muscle ","Expression profiling by high throughput sequencing","Homo sapiens",57,,"TXT;SRA Run Selector","ftp://ftp.ncbi.nlm.nih.gov/geo/series/GSE108nnn/GSE108539/suppl;https://www.ncbi.nlm.nih.gov/Traces/study/?acc=PRJNA427586",29658882,SRP127581,"Frédéric Gachon","Apr 16, 2018"
GSE108938,"Alternate assembly of SDHA connects energy stress to metabolic checkpoint and DNA synthesis","Expression profiling by high throughput sequencing","Homo sapiens",8,,"TXT;SRA Run Selector","ftp://ftp.ncbi.nlm.nih.gov/geo/series/GSE108nnn/GSE108938/suppl;https://www.ncbi.nlm.nih.gov/Traces/study/?acc=PRJNA429204",29880867,SRP128515,"Jakub Rohlena","Apr 16, 2018"
GSE109258,"Transcriptome analysis of the developing Drosophila ovary","Expression profiling by high throughput sequencing","Drosophila melanogaster",16,,"TXT;SRA Run Selector","ftp://ftp.ncbi.nlm.nih.gov/geo/series/GSE109nnn/GSE109258/suppl;https://www.ncbi.nlm.nih.gov/Traces/study/?acc=PRJNA430253",29615466,SRP131020,"Benoit of Biteau","Apr 16, 2018"
GSE109690,"A Nucleosome Destabilizing Factor that Facilitates Transcription in Chromatin","Genome binding/occupancy profiling by high throughput sequencing;Expression profiling by high throughput sequencing","Homo sapiens;Mus musculus",28,,"BED;BIGWIG;BW;TXT;SRA Run Selector","ftp://ftp.ncbi.nlm.nih.gov/geo/series/GSE109nnn/GSE109690/suppl;https://www.ncbi.nlm.nih.gov/Traces/study/?acc=PRJNA431727",29759984,SRP131467,"James T Kadonaga","Apr 16, 2018"
GSE110275,"Characterization of the trehalose utilization operon in Streptococcus mutans reveals that the TreR transcriptional regulator is involved in stress response pathways and toxin production","Expression profiling by high throughput sequencing","Streptococcus mutans",18,,"TXT;XLSX;SRA Run Selector","ftp://ftp.ncbi.nlm.nih.gov/geo/series/GSE110nnn/GSE110275/suppl;https://www.ncbi.nlm.nih.gov/Traces/study/?acc=PRJNA433360",29632089,SRP132367,"Roberta C Faustoferri","Apr 16, 2018"
GSE111385,"Transcriptomes of Tgfbr2 Knockout Microglia and Macrophages","Expression profiling by high throughput sequencing","Mus musculus",12,,"TXT","ftp://ftp.ncbi.nlm.nih.gov/geo/series/GSE111nnn/GSE111385/suppl",29662171,,"Ewoud Ewing","Apr 16, 2018"
GSE113151,"LH3 overexpression reverses profound alterations of gene transcriptional profile in cerebral vessels in hypertension-induced spontaneous intracerebral hemorrhage","Expression profiling by high throughput sequencing","Mus musculus",15,,"TXT;SRA Run Selector","ftp://ftp.ncbi.nlm.nih.gov/geo/series/GSE113nnn/GSE113151/suppl;https://www.ncbi.nlm.nih.gov/Traces/study/?acc=PRJNA450267",,SRP140161,"li Michael","Apr 16, 2018"
GSE113187,"The memory of environmental chemical exposure in C. elegans is dependent on the Jumonji demethylases jmjd-2 and jmjd-3/utx-1","Genome binding/occupancy profiling by high throughput sequencing","Caenorhabditis elegans",7,,"BIGWIG;SRA Run Selector","ftp://ftp.ncbi.nlm.nih.gov/geo/series/GSE113nnn/GSE113187/suppl;https://www.ncbi.nlm.nih.gov/Traces/study/?acc=PRJNA450395",29791850,SRP140516,"Yen-Wei Chen","Apr 16, 2018"
GSE37856,"Exon skipping variations modulate stress-inducible inflammation","Expression profiling by array","Mus musculus",11,,"CEL","ftp://ftp.ncbi.nlm.nih.gov/geo/series/GSE37nnn/GSE37856/suppl",,,"Lilach Soreq","Apr 15, 2018"
GSE44701,"Nasonia Tiling Microarray Experiments for Expression Profiling Sexual Development","Expression profiling by genome tiling array","Nasonia vitripennis",72,,"PAIR","ftp://ftp.ncbi.nlm.nih.gov/geo/series/GSE44nnn/GSE44701/suppl",,,"Justin Choi","Apr 15, 2018"
GSE46078,"Nasonia Tiling Microarray Experiments for Expression Profiling Sexual Development (Embryo10)","Expression profiling by genome tiling array","Nasonia vitripennis",12,,"GFF;PAIR;TXT","ftp://ftp.ncbi.nlm.nih.gov/geo/series/GSE46nnn/GSE46078/suppl",,,"Justin Choi","Apr 15, 2018"
GSE46079,"Nasonia Tiling Microarray Experiments for Expression Profiling Sexual Development (Embryo18)","Expression profiling by genome tiling array","Nasonia vitripennis",12,,"GFF;PAIR;TXT","ftp://ftp.ncbi.nlm.nih.gov/geo/series/GSE46nnn/GSE46079/suppl",,,"Justin Choi","Apr 15, 2018"
GSE46080,"Nasonia Tiling Microarray Experiments for Expression Profiling Sexual Development (Larva)","Expression profiling by genome tiling array","Nasonia vitripennis",12,,"GFF;PAIR;TXT","ftp://ftp.ncbi.nlm.nih.gov/geo/series/GSE46nnn/GSE46080/suppl",,,"Justin Choi","Apr 15, 2018"
GSE46081,"Nasonia Tiling Microarray Experiments for Expression Profiling Sexual Development (Pupa)","Expression profiling by genome tiling array","Nasonia vitripennis",12,,"GFF;PAIR;TXT","ftp://ftp.ncbi.nlm.nih.gov/geo/series/GSE46nnn/GSE46081/suppl",,,"Justin Choi","Apr 15, 2018"
GSE46082,"Nasonia Tiling Microarray Experiments for Expression Profiling Sexual Development (Adult)","Expression profiling by genome tiling array","Nasonia vitripennis",12,,"GFF;PAIR;TXT","ftp://ftp.ncbi.nlm.nih.gov/geo/series/GSE46nnn/GSE46082/suppl",,,"Justin Choi","Apr 15, 2018"
GSE46083,"Nasonia Tiling Microarray Experiments for Expression Profiling Sexual Development (Gonads)","Expression profiling by genome tiling array","Nasonia vitripennis",12,,"GFF;PAIR;TXT","ftp://ftp.ncbi.nlm.nih.gov/geo/series/GSE46nnn/GSE46083/suppl",,,"Justin Choi","Apr 15, 2018"
GSE80305,"Role of COP1 on MAP kinase transcriptional output in gastrointestinal stromal tumor","Expression profiling by high throughput sequencing","Homo sapiens",12,,"TXT;SRA Run Selector","ftp://ftp.ncbi.nlm.nih.gov/geo/series/GSE80nnn/GSE80305/suppl;https://www.ncbi.nlm.nih.gov/Traces/study/?acc=PRJNA318528",29360641,SRP073333,"Yu Chen","Apr 15, 2018"
GSE80313,"Role of COP1 on MAP kinase transcriptional output in melanoma","Expression profiling by high throughput sequencing","Homo sapiens",6,,"TXT;SRA Run Selector","ftp://ftp.ncbi.nlm.nih.gov/geo/series/GSE80nnn/GSE80313/suppl;https://www.ncbi.nlm.nih.gov/Traces/study/?acc=PRJNA318531",29360641,SRP073337,"Yu Chen","Apr 15, 2018"
GSE80352,"Transcriptional effect of ETV1 knockdown in melanoma cells","Expression profiling by high throughput sequencing","Homo sapiens",6,,"TXT;SRA Run Selector","ftp://ftp.ncbi.nlm.nih.gov/geo/series/GSE80nnn/GSE80352/suppl;https://www.ncbi.nlm.nih.gov/Traces/study/?acc=PRJNA319396",29360641,SRP073740,"Yu Chen","Apr 15, 2018"
GSE80443,"ETV1 binding sites in GIST and Melanoma cells","Genome binding/occupancy profiling by high throughput sequencing","Homo sapiens",8,,"NARROWPEAK;SRA Run Selector","ftp://ftp.ncbi.nlm.nih.gov/geo/series/GSE80nnn/GSE80443/suppl;https://www.ncbi.nlm.nih.gov/Traces/study/?acc=PRJNA319395",29360641,SRP073739,"Yu Chen","Apr 15, 2018"
GSE97890,"Molecular Signatures of retrotransposon Ty3 insertion into the RNA Polymerase III transcription initiation site (Brf1)","Genome binding/occupancy profiling by high throughput sequencing","Saccharomyces cerevisiae",6,,"BEDGRAPH;SRA Run Selector","ftp://ftp.ncbi.nlm.nih.gov/geo/series/GSE97nnn/GSE97890/suppl;https://www.ncbi.nlm.nih.gov/Traces/study/?acc=PRJNA383298",,SRP104143,"James Yu","Apr 15, 2018"
GSE97892,"Molecular Signatures of retrotransposon Ty3 insertion into the RNA Polymerase III transcription initiation site (Integrase)","Genome binding/occupancy profiling by high throughput sequencing","Saccharomyces cerevisiae",6,,"BEDGRAPH;SRA Run Selector","ftp://ftp.ncbi.nlm.nih.gov/geo/series/GSE97nnn/GSE97892/suppl;https://www.ncbi.nlm.nih.gov/Traces/study/?acc=PRJNA383299",,SRP104144,"James Yu","Apr 15, 2018"
GSE97893,"Molecular Signatures of retrotransposon Ty3 insertion into the RNA Polymerase III transcription initiation site (Rpc34)","Genome binding/occupancy profiling by high throughput sequencing","Saccharomyces cerevisiae",4,,"BEDGRAPH;SRA Run Selector","ftp://ftp.ncbi.nlm.nih.gov/geo/series/GSE97nnn/GSE97893/suppl;https://www.ncbi.nlm.nih.gov/Traces/study/?acc=PRJNA383153",,SRP104146,"James Yu","Apr 15, 2018"
GSE97894,"Molecular Signatures of retrotransposon Ty3 insertion into the RNA Polymerase III transcription initiation site","Genome binding/occupancy profiling by high throughput sequencing","Saccharomyces cerevisiae",16,,,,,,"James Yu","Apr 15, 2018"
GSE102413,"Transcriptome analysis of chrysanthemum (Dendranthema grandiflorum) in response to low temperature stress","Expression profiling by high throughput sequencing","Chrysanthemum x morifolium",4,,"FA;TXT;SRA Run Selector","ftp://ftp.ncbi.nlm.nih.gov/geo/series/GSE102nnn/GSE102413/suppl;https://www.ncbi.nlm.nih.gov/Traces/study/?acc=PRJNA397717",,SRP115107,"Ke Wang","Apr 15, 2018"
GSE102934,"bigSCale: An Analytical Framework for Big-Scale Single Cell Data","Expression profiling by high throughput sequencing","Homo sapiens",1847,,"CSV;H5;TXT;XLSX;SRA Run Selector","ftp://ftp.ncbi.nlm.nih.gov/geo/series/GSE102nnn/GSE102934/suppl;https://www.ncbi.nlm.nih.gov/Traces/study/?acc=PRJNA399496",,SRP115937,"giovanni iacono","Apr 15, 2018"
GSE109668,"DNA replication origins in whole Arabidopsis seedlings","Expression profiling by high throughput sequencing;Other","Arabidopsis thaliana",22,,"WIG;SRA Run Selector","ftp://ftp.ncbi.nlm.nih.gov/geo/series/GSE109nnn/GSE109668/suppl;https://www.ncbi.nlm.nih.gov/Traces/study/?acc=PRJNA431621",,SRP131400,"Crisanto Gutierrez","Apr 15, 2018"
GSE112540,"RNA deep sequencing from murine BALB/c WT and IL-2-KO bulk CD8 T cells","Expression profiling by high throughput sequencing","Mus musculus",8,,"TXT;SRA Run Selector","ftp://ftp.ncbi.nlm.nih.gov/geo/series/GSE112nnn/GSE112540/suppl;https://www.ncbi.nlm.nih.gov/Traces/study/?acc=PRJNA448152",29743314,SRP136814,"Katrina Hoyer","Apr 15, 2018"
GSE97977,"Genome-wide analysis of high glucose regulated genes expression in fully differentiated and polarized CaCo-2 Cells","Expression profiling by array","Homo sapiens",6,,"TXT","ftp://ftp.ncbi.nlm.nih.gov/geo/series/GSE97nnn/GSE97977/suppl",29736189,,"sukru gulec","Apr 14, 2018"
GSE98339,"The miRNA-targeted transcriptome of porcine alveolar macrophages upon infection with Porcine Reproductive and Respiratory Syndrome Virus (RISC bound RNA)","Expression profiling by array","Sus scrofa",16,,"TXT","ftp://ftp.ncbi.nlm.nih.gov/geo/series/GSE98nnn/GSE98339/suppl",,,"Marco Moroldo","Apr 14, 2018"
GSE98340,"The miRNA-targeted transcriptome of porcine alveolar macrophages upon infection with Porcine Reproductive and Respiratory Syndrome Virus (total RNA)","Expression profiling by array","Sus scrofa",16,,"TXT","ftp://ftp.ncbi.nlm.nih.gov/geo/series/GSE98nnn/GSE98340/suppl",,,"Marco Moroldo","Apr 14, 2018"
GSE98341,"The miRNA-targeted transcriptome of porcine alveolar macrophages upon infection with Porcine Reproductive and Respiratory Syndrome Virus","Expression profiling by array","Sus scrofa",32,,"TXT","ftp://ftp.ncbi.nlm.nih.gov/geo/series/GSE98nnn/GSE98341/suppl",,,"Marco Moroldo","Apr 14, 2018"
GSE99689,"Locus-specific control of the de novo DNA methylation pathway [MethylC-seq]","Methylation profiling by high throughput sequencing","Arabidopsis thaliana",12,,"WIG;SRA Run Selector","ftp://ftp.ncbi.nlm.nih.gov/geo/series/GSE99nnn/GSE99689/suppl;https://www.ncbi.nlm.nih.gov/Traces/study/?acc=PRJNA389309",29736015,SRP108633,"Julie Law","Apr 14, 2018"
GSE99691,"Locus-specific control of the de novo DNA methylation pathway [mRNA-seq]","Expression profiling by high throughput sequencing","Arabidopsis thaliana",22,,"BEDGRAPH;SRA Run Selector","ftp://ftp.ncbi.nlm.nih.gov/geo/series/GSE99nnn/GSE99691/suppl;https://www.ncbi.nlm.nih.gov/Traces/study/?acc=PRJNA389308",29736015,SRP108634,"Julie Law","Apr 14, 2018"
GSE99692,"Locus-specific control of the de novo DNA methylation pathway [smRNA-seq]","Non-coding RNA profiling by high throughput sequencing","Arabidopsis thaliana",45,,"BEDGRAPH;SRA Run Selector","ftp://ftp.ncbi.nlm.nih.gov/geo/series/GSE99nnn/GSE99692/suppl;https://www.ncbi.nlm.nih.gov/Traces/study/?acc=PRJNA389307",29736015,SRP108635,"Julie Law","Apr 14, 2018"
GSE99693,"Locus-specific control of the de novo DNA methylation pathway [ChIP-seq]","Genome binding/occupancy profiling by high throughput sequencing","Arabidopsis thaliana",14,,"BEDGRAPH;SRA Run Selector","ftp://ftp.ncbi.nlm.nih.gov/geo/series/GSE99nnn/GSE99693/suppl;https://www.ncbi.nlm.nih.gov/Traces/study/?acc=PRJNA389314",29736015,SRP108636,"Julie Law","Apr 14, 2018"
GSE99694,"Locus-specific control of the de novo DNA methylation pathway","Methylation profiling by high throughput sequencing;Expression profiling by high throughput sequencing;Non-coding RNA profiling by high throughput sequencing;Genome binding/occupancy profiling by high throughput sequencing","Arabidopsis thaliana",93,,"BEDGRAPH;WIG","ftp://ftp.ncbi.nlm.nih.gov/geo/series/GSE99nnn/GSE99694/suppl",29736015,,"Julie Law","Apr 14, 2018"
GSE108040,"Next gen. sequencing of RNAs isolated from freshly isolated, proliferating and differentiating skeletal muscle stem cells","Expression profiling by high throughput sequencing","Mus musculus",9,,"TXT;SRA Run Selector","ftp://ftp.ncbi.nlm.nih.gov/geo/series/GSE108nnn/GSE108040/suppl;https://www.ncbi.nlm.nih.gov/Traces/study/?acc=PRJNA422273",29606596,SRP126675,"Stefan Günther","Apr 14, 2018"
GSE113032,"Fasting-induced JMJD3 histone demethylase epigenetically activates mitochondrial fattyacid beta-oxidation","Expression profiling by high throughput sequencing","Mus musculus",2,,"TXT;SRA Run Selector","ftp://ftp.ncbi.nlm.nih.gov/geo/series/GSE113nnn/GSE113032/suppl;https://www.ncbi.nlm.nih.gov/Traces/study/?acc=PRJNA449841",29911994,SRP139743,"Jongsook Kim Kemper","Apr 14, 2018"
GSE113114,"Transcriptomic analysis of myosin IIa-deficient B cells","Expression profiling by high throughput sequencing","Mus musculus",6,,"TXT;SRA Run Selector","ftp://ftp.ncbi.nlm.nih.gov/geo/series/GSE113nnn/GSE113114/suppl;https://www.ncbi.nlm.nih.gov/Traces/study/?acc=PRJNA450071",29791846,SRP139927,"Robbert Hoogeboom","Apr 14, 2018"
GSE113117,"Stabilizing Heterochromatin by DGCR8 Alleviates Senescence and Osteoarthritis","Expression profiling by high throughput sequencing","Homo sapiens",4,,"TXT;SRA Run Selector","ftp://ftp.ncbi.nlm.nih.gov/geo/series/GSE113nnn/GSE113117/suppl;https://www.ncbi.nlm.nih.gov/Traces/study/?acc=PRJNA450075",,SRP139932,"Zunpeng Liu","Apr 14, 2018"
GSE113126,"Critical role for Lymphocytes in Producing FLT3LG in Tumors and Driving Checkpoint Therapy-Receptive Immune Microenvironments","Expression profiling by high throughput sequencing","Homo sapiens",11,,"TXT;SRA Run Selector","ftp://ftp.ncbi.nlm.nih.gov/geo/series/GSE113nnn/GSE113126/suppl;https://www.ncbi.nlm.nih.gov/Traces/study/?acc=PRJNA450084",29942093,SRP139944,"Saurabh Asthana","Apr 14, 2018"
GSE113134,"Species-specific transcriptomic network inference of interspecies interactions","Expression profiling by high throughput sequencing","Meiothermus ruber;Thermosynechococcus elongatus BP-1",20,,"CSV;SRA Run Selector","ftp://ftp.ncbi.nlm.nih.gov/geo/series/GSE113nnn/GSE113134/suppl;https://www.ncbi.nlm.nih.gov/Traces/study/?acc=PRJNA450096",29795448,SRP139955,"Ryan McClure","Apr 14, 2018"
GSE63357,"Identification of distinct molecular signatures in AIP mutation-positive familial isolated pituitary adenomas","Expression profiling by array","Homo sapiens",25,,"CEL","ftp://ftp.ncbi.nlm.nih.gov/geo/series/GSE63nnn/GSE63357/suppl",29507682,,"Sayka Barry","Apr 13, 2018"
GSE67943,"Transcriptional profiling of microRNAs after short-term exposure of CD1-mice to carcinogenic and non-carcinogenic chemicals","Non-coding RNA profiling by array","Mus musculus",224,,"TXT","ftp://ftp.ncbi.nlm.nih.gov/geo/series/GSE67nnn/GSE67943/suppl",24830643,,"Jonathan Moggs","Apr 13, 2018"
GSE79441,"Altered expression profile of long non-coding RNA and mRNA in mice cortex around injury focus after traumatic brain injury","Non-coding RNA profiling by high throughput sequencing","Mus musculus",6,,"XLS;SRA Run Selector","ftp://ftp.ncbi.nlm.nih.gov/geo/series/GSE79nnn/GSE79441/suppl;https://www.ncbi.nlm.nih.gov/Traces/study/?acc=PRJNA315852",27380725,SRP072117,"Zhong Jianjun","Apr 13, 2018"
GSE87447,"Regulation of flagellum biosynthesis in response to cell envelope stress in Salmonella Typhimurium","Expression profiling by high throughput sequencing","Salmonella enterica subsp. enterica serovar Typhimurium str. LT2",8,,"TXT;SRA Run Selector","ftp://ftp.ncbi.nlm.nih.gov/geo/series/GSE87nnn/GSE87447/suppl;https://www.ncbi.nlm.nih.gov/Traces/study/?acc=PRJNA344783",29717015,SRP090571,"Matthias Preusse","Apr 13, 2018"
GSE97769,"Transcriptome level regulations for desiccation and submergence tolerance in intertidal seaweed species Ulva lactuca","Expression profiling by high throughput sequencing","Ulva lactuca",7,,"FASTA;TXT;SRA Run Selector","ftp://ftp.ncbi.nlm.nih.gov/geo/series/GSE97nnn/GSE97769/suppl;https://www.ncbi.nlm.nih.gov/Traces/study/?acc=PRJNA382833",,SRP103915,"vishal gupta","Apr 13, 2018"
GSE97778,"Reprogramming of H3K9me3-dependent heterochromatin during mammalian early embryo development","Expression profiling by high throughput sequencing;Genome binding/occupancy profiling by high throughput sequencing;Methylation profiling by high throughput sequencing","Mus musculus",166,,"BW;FPKM_TRACKING;TXT","ftp://ftp.ncbi.nlm.nih.gov/geo/series/GSE97nnn/GSE97778/suppl",29686265,,"Shaorong Gao","Apr 13, 2018"
GSE98149,"Reprogramming of H3K9me3-dependent heterochromatin during mammalian early embryo development [ChIP-seq]","Genome binding/occupancy profiling by high throughput sequencing","Mus musculus",112,,"BW;SRA Run Selector","ftp://ftp.ncbi.nlm.nih.gov/geo/series/GSE98nnn/GSE98149/suppl;https://www.ncbi.nlm.nih.gov/Traces/study/?acc=PRJNA384169",29686265,SRP105176,"Shaorong Gao","Apr 13, 2018"
GSE98150,"Reprogramming of H3K9me3-dependent heterochromatin during mammalian early embryo development [RNA-seq]","Expression profiling by high throughput sequencing","Mus musculus",42,,"FPKM_TRACKING;SRA Run Selector","ftp://ftp.ncbi.nlm.nih.gov/geo/series/GSE98nnn/GSE98150/suppl;https://www.ncbi.nlm.nih.gov/Traces/study/?acc=PRJNA384287",29686265,SRP105271,"Shaorong Gao","Apr 13, 2018"
GSE98151,"Reprogramming of H3K9me3-dependent heterochromatin during mammalian early embryo development [WGBS]","Methylation profiling by high throughput sequencing","Mus musculus",12,,"TXT;SRA Run Selector","ftp://ftp.ncbi.nlm.nih.gov/geo/series/GSE98nnn/GSE98151/suppl;https://www.ncbi.nlm.nih.gov/Traces/study/?acc=PRJNA384286",29686265,SRP105270,"Shaorong Gao","Apr 13, 2018"
GSE99295,"Downregulated d-limonene transgenic orange trees with increased linalool content showed resistance to Phyllosticta citricarpa","Expression profiling by array","Citrus;Citrus sinensis",18,,"TXT","ftp://ftp.ncbi.nlm.nih.gov/geo/series/GSE99nnn/GSE99295/suppl",29573543,,"Ana Rodríguez","Apr 13, 2018"
GSE104556,"A broad single-cell transcriptome view of the male mouse germ line","Expression profiling by high throughput sequencing","Mus musculus",2,,"MTX;TSV;SRA Run Selector","ftp://ftp.ncbi.nlm.nih.gov/geo/series/GSE104nnn/GSE104556/suppl;https://www.ncbi.nlm.nih.gov/Traces/study/?acc=PRJNA413049",30204153,SRP119327,"Soeren Lukassen","Apr 13, 2018"
GSE104561,"Systematic evaluation of RNA quality and microarray data reliability in rat formalin-fixed paraffin-embedded and fresh frozen tissue samples","Expression profiling by array","Rattus norvegicus",6,,"CEL;TXT","ftp://ftp.ncbi.nlm.nih.gov/geo/series/GSE104nnn/GSE104561/suppl",29679021,,"Isabella Wimmer","Apr 13, 2018"
GSE104562,"Systematic evaluation of RNA quality and microarray data reliability in human formalin-fixed paraffin-embedded and fresh frozen tissue samples","Expression profiling by array","Homo sapiens",9,,"CEL;TXT","ftp://ftp.ncbi.nlm.nih.gov/geo/series/GSE104nnn/GSE104562/suppl",29679021,,"Isabella Wimmer","Apr 13, 2018"
GSE104568,"Systematic evaluation of RNA quality and microarray data reliability in formalin-fixed paraffin-embedded and fresh frozen tissue samples","Expression profiling by array","Homo sapiens;Rattus norvegicus",15,,"CEL","ftp://ftp.ncbi.nlm.nih.gov/geo/series/GSE104nnn/GSE104568/suppl",29679021,,"Isabella Wimmer","Apr 13, 2018"
GSE104634,"Analysis of microarray data reliability and pathway networks using experimental formalin-fixed paraffin-embedded tissue","Expression profiling by array","Mus musculus",16,,"CEL","ftp://ftp.ncbi.nlm.nih.gov/geo/series/GSE104nnn/GSE104634/suppl",29679021;30385785,,"Isabella Wimmer","Apr 13, 2018"
GSE107259,"Environment-dependent striatal gene expression in the BACHD rat model for Huntington disease","Expression profiling by high throughput sequencing","Rattus norvegicus",36,,"CSV;SRA Run Selector","ftp://ftp.ncbi.nlm.nih.gov/geo/series/GSE107nnn/GSE107259/suppl;https://www.ncbi.nlm.nih.gov/Traces/study/?acc=PRJNA419484",29643462,SRP125460,"Julia Maria Schulze-Hentrich","Apr 13, 2018"
GSE111152,"Maternal mRNA degradation by TUT4 and TUT7 in the zebrafish maternal-to-zygotic transition","Expression profiling by high throughput sequencing","Danio rerio",20,,"CSV;SRA Run Selector","ftp://ftp.ncbi.nlm.nih.gov/geo/series/GSE111nnn/GSE111152/suppl;https://www.ncbi.nlm.nih.gov/Traces/study/?acc=PRJNA436017",29625039,SRP133517,"Hyeshik Chang","Apr 13, 2018"
GSE112570,"Single Cell RNA-Seq profiling human embryonic kidney cortex cells","Expression profiling by high throughput sequencing","Homo sapiens",2,,"MTX;TSV;SRA Run Selector","ftp://ftp.ncbi.nlm.nih.gov/geo/series/GSE112nnn/GSE112570/suppl;https://www.ncbi.nlm.nih.gov/Traces/study/?acc=PRJNA448195",,SRP136849,"Guilherme de Sena Brandine","Apr 13, 2018"
GSE112964,"Differential expression data of BMDMs of mice infected with avian influenza influenza A (H7N9) viruses","Expression profiling by array","Mus musculus;Rattus norvegicus",8,,"GPR","ftp://ftp.ncbi.nlm.nih.gov/geo/series/GSE112nnn/GSE112964/suppl",,,"Juan Liu","Apr 13, 2018"
GSE112998,"Comparative study of interruption of TLR and NF-kB signaling pathways in lung epithelial cell by Mycobacterium tuberculosis strains [TLR]","Expression profiling by RT-PCR","Homo sapiens",3,,"XLS","ftp://ftp.ncbi.nlm.nih.gov/geo/series/GSE112nnn/GSE112998/suppl",,,"Shima Hadifar","Apr 13, 2018"
GSE113033,"Gene expression profiling of novel hematopoietic stem cell subpopulations defined by CD35 expression and progenitor populations in human adult hematopoiesis","Expression profiling by array","Homo sapiens",18,,"TXT","ftp://ftp.ncbi.nlm.nih.gov/geo/series/GSE113nnn/GSE113033/suppl",,,"Kohta Miyawaki","Apr 13, 2018"
GSE113035,"Seletive inhibition of CDK9 in DLBCL cell lines","Expression profiling by high throughput sequencing","Homo sapiens",12,,"XLSX;SRA Run Selector","ftp://ftp.ncbi.nlm.nih.gov/geo/series/GSE113nnn/GSE113035/suppl;https://www.ncbi.nlm.nih.gov/Traces/study/?acc=PRJNA449845",,SRP139744,"Alexey Danilov","Apr 13, 2018"
GSE113044,"Plasma small RNASeq comparison with Illumina TruSeq and Biooscientific NextFlex","Non-coding RNA profiling by high throughput sequencing","Homo sapiens",12,,"TXT","ftp://ftp.ncbi.nlm.nih.gov/geo/series/GSE113nnn/GSE113044/suppl",,,"SAUMYA Das","Apr 13, 2018"
GSE113050,"Comparative study of interruption of TLR and NF-kB signaling pathways in lung epithelial cell by Mycobacterium tuberculosis strains [NFkB]","Expression profiling by RT-PCR","Homo sapiens",3,,"XLS","ftp://ftp.ncbi.nlm.nih.gov/geo/series/GSE113nnn/GSE113050/suppl",,,"Shima Hadifar","Apr 13, 2018"
GSE113051,"Comparative study of interruption of TLR and NF-kB signaling pathways in lung epithelial cell by Mycobacterium tuberculosis strains","Expression profiling by RT-PCR","Homo sapiens",6,,,,,,"Shima Hadifar","Apr 13, 2018"
GSE113061,"DNA methylation signatures of pulmonary arterial smooth muscle cells in chronic thromboembolic pulmonary hypertension","Methylation profiling by genome tiling array","Homo sapiens",8,,"IDAT;TXT","ftp://ftp.ncbi.nlm.nih.gov/geo/series/GSE113nnn/GSE113061/suppl",,,"Ying Wang","Apr 13, 2018"
GSE113064,"Identification of genes whose expressions are affected by Delta RNAi in spider embryos","Expression profiling by array","Parasteatoda tepidariorum",1,,"JPG;XLS","ftp://ftp.ncbi.nlm.nih.gov/geo/series/GSE113nnn/GSE113064/suppl",,,"Hiroki Oda","Apr 13, 2018"
GSE113065,"Uterine glands synchronize embryo-endometrial interactions and coordinate on-time embryo implantation and stromal cell decidualization for pregnancy success","Expression profiling by high throughput sequencing","Mus musculus",20,,"TXT;SRA Run Selector","ftp://ftp.ncbi.nlm.nih.gov/geo/series/GSE113nnn/GSE113065/suppl;https://www.ncbi.nlm.nih.gov/Traces/study/?acc=PRJNA449921",29934619,SRP139796,"Thomas Spencer","Apr 13, 2018"
GSE113066,"Differentially expressed genes after miRNA or siRNA transfection in human cancer cell lines (SK-MES, MDA-MB-231, MKN and 786-O)","Expression profiling by array","Homo sapiens",8,,"TXT","ftp://ftp.ncbi.nlm.nih.gov/geo/series/GSE113nnn/GSE113066/suppl",30153702,,"Naohiko Seki","Apr 13, 2018"
GSE113070,"Role of Epstein-Barr Virus (EBV) latency protein EBNA3C in EBV-induced lymphomagenesis in a cord blood-humanized mouse model","Expression profiling by high throughput sequencing","Homo sapiens",4,,"XLSX;SRA Run Selector","ftp://ftp.ncbi.nlm.nih.gov/geo/series/GSE113nnn/GSE113070/suppl;https://www.ncbi.nlm.nih.gov/Traces/study/?acc=PRJNA449926",,SRP139808,"Shannon C Kenney","Apr 13, 2018"
GSE113071,"Sequencing of human chain specific ribosome transcriptional group","Expression profiling by high throughput sequencing;Non-coding RNA profiling by high throughput sequencing","Homo sapiens",3,,"TXT;SRA Run Selector","ftp://ftp.ncbi.nlm.nih.gov/geo/series/GSE113nnn/GSE113071/suppl;https://www.ncbi.nlm.nih.gov/Traces/study/?acc=PRJNA449927",,SRP139810,"Tan yi","Apr 13, 2018"
GSE113075,"Exacerbated S. aureus foot infections in obese/diabetic mice are associated with impaired germinal center reactions, Ig class-switching, and humoral immunity.","Expression profiling by high throughput sequencing","Mus musculus",6,,"TXT;SRA Run Selector","ftp://ftp.ncbi.nlm.nih.gov/geo/series/GSE113nnn/GSE113075/suppl;https://www.ncbi.nlm.nih.gov/Traces/study/?acc=PRJNA449930",29858265,SRP139812,"Christopher W Farnsworth","Apr 13, 2018"
GSE113080,"Altered adipose lipid mobilization predicts long-term weight gain and impaired glucose metabolism","Expression profiling by array","Homo sapiens",38,,"CEL","ftp://ftp.ncbi.nlm.nih.gov/geo/series/GSE113nnn/GSE113080/suppl",,,"Ingrid Dahlman","Apr 13, 2018"
GSE113088,"Effect of ultra-small silica nanoparticles (USSNs) on gene expression of peripheral blood mononuclear cells","Expression profiling by array","Homo sapiens",9,,"CEL","ftp://ftp.ncbi.nlm.nih.gov/geo/series/GSE113nnn/GSE113088/suppl",,,"Bradley Vis","Apr 13, 2018"
GSE113092,"GRHL2 is a key lineage determining factor which collaborates with FOXA1 to establish a targetable collateral pathway in the setting of endocrine therapy-resistant breast cancer [ChIP-seq]","Genome binding/occupancy profiling by high throughput sequencing","Homo sapiens",83,,"BED;BW;SRA Run Selector","ftp://ftp.ncbi.nlm.nih.gov/geo/series/GSE113nnn/GSE113092/suppl;https://www.ncbi.nlm.nih.gov/Traces/study/?acc=PRJNA449958",,SRP139878,"Jeff Jasper","Apr 13, 2018"
GSE78144,"Comparison of transcriptional profiles between naive, primed and ground state pluripotency in mouse embryonic stem cells of the same genetic background","Expression profiling by array","Mus musculus",16,,"TXT","ftp://ftp.ncbi.nlm.nih.gov/geo/series/GSE78nnn/GSE78144/suppl",,,"Sabitri Ghimire","Apr 12, 2018"
GSE86419,"Analysis of Pol II position in asynchronous, G1- or G2/M-arrested cells","Other","Saccharomyces cerevisiae",13,,"BEDGRAPH;SRA Run Selector","ftp://ftp.ncbi.nlm.nih.gov/geo/series/GSE86nnn/GSE86419/suppl;https://www.ncbi.nlm.nih.gov/Traces/study/?acc=PRJNA341852",29656924,SRP086243,"Hannah E Mischo","Apr 12, 2018"
GSE89502,"SCML2 establishes germline-specific bivalent domains.","Expression profiling by high throughput sequencing;Genome binding/occupancy profiling by high throughput sequencing","Mus musculus",49,,"CSV;SRA Run Selector","ftp://ftp.ncbi.nlm.nih.gov/geo/series/GSE89nnn/GSE89502/suppl;https://www.ncbi.nlm.nih.gov/Traces/study/?acc=PRJNA352397",,SRP092547,"Satoshi Namekawa","Apr 12, 2018"
GSE89522,"Identification of differentially expressed miRNAs between SW480 and SW620 spheroid cultures [miRNA]","Non-coding RNA profiling by array","Homo sapiens;synthetic construct",6,,"CEL","ftp://ftp.ncbi.nlm.nih.gov/geo/series/GSE89nnn/GSE89522/suppl",29748374,,"Elisabeth Letellier","Apr 12, 2018"
GSE89523,"Identification of differentially expressed genes between SW480 and SW620 spheroid cultures [mRNA]","Expression profiling by array","Homo sapiens",6,,"CEL","ftp://ftp.ncbi.nlm.nih.gov/geo/series/GSE89nnn/GSE89523/suppl",29748374,,"Elisabeth Letellier","Apr 12, 2018"
GSE89524,"Identification of differentially expressed miRNAs between SW480 and SW620 spheroid cultures","Expression profiling by array;Non-coding RNA profiling by array","Homo sapiens;synthetic construct",12,,"CEL","ftp://ftp.ncbi.nlm.nih.gov/geo/series/GSE89nnn/GSE89524/suppl",29748374,,"Elisabeth Letellier","Apr 12, 2018"
GSE95477,"Transcriptome analysis of immature and matured human oocytes from patients of young and advanced maternal age","Expression profiling by high throughput sequencing","Homo sapiens",20,,"CSV;SRA Run Selector","ftp://ftp.ncbi.nlm.nih.gov/geo/series/GSE95nnn/GSE95477/suppl;https://www.ncbi.nlm.nih.gov/Traces/study/?acc=PRJNA377237",29025019,SRP100829,"Pablo Juan Ross","Apr 12, 2018"
GSE97371,"RNA-seq based transcriptomic profiling of the mouse small intestine response to lipopolysaccharide treatment","Expression profiling by high throughput sequencing","Mus musculus",6,,"CSV;SRA Run Selector","ftp://ftp.ncbi.nlm.nih.gov/geo/series/GSE97nnn/GSE97371/suppl;https://www.ncbi.nlm.nih.gov/Traces/study/?acc=PRJNA381536",,SRP102991,"Xiao-Di Tan","Apr 12, 2018"
GSE97405,"Parasitic helminths repress the canonical intestinal stem cell program","Expression profiling by high throughput sequencing","Mus musculus",9,,"TXT;SRA Run Selector","ftp://ftp.ncbi.nlm.nih.gov/geo/series/GSE97nnn/GSE97405/suppl;https://www.ncbi.nlm.nih.gov/Traces/study/?acc=PRJNA381696",,SRP103069,"Adam K Savage","Apr 12, 2018"
GSE97673,"Effect of early calf-hood nutrition on the transcriptomic profile of the HPT axis in Holstein-Friesian bulls","Expression profiling by high throughput sequencing","Bos taurus",57,,"TXT;SRA Run Selector","ftp://ftp.ncbi.nlm.nih.gov/geo/series/GSE97nnn/GSE97673/suppl;https://www.ncbi.nlm.nih.gov/Traces/study/?acc=PRJNA382634",30409985,SRP103823,"Anne-Marie English","Apr 12, 2018"
GSE97674,"Effect of early calf-hood nutrition on the transcriptomic profile of subcutaneous adipose in Holstein-Friesian bulls","Expression profiling by high throughput sequencing","Bos taurus",19,,"TXT;SRA Run Selector","ftp://ftp.ncbi.nlm.nih.gov/geo/series/GSE97nnn/GSE97674/suppl;https://www.ncbi.nlm.nih.gov/Traces/study/?acc=PRJNA382633",29690861,SRP103824,"Anne-Marie English","Apr 12, 2018"
GSE99320,"Sex reversal following the deletion of a single far upstream enhancer of Sox9.","Genome binding/occupancy profiling by high throughput sequencing","Mus musculus",22,,"BEDGRAPH;BW;SRA Run Selector","ftp://ftp.ncbi.nlm.nih.gov/geo/series/GSE99nnn/GSE99320/suppl;https://www.ncbi.nlm.nih.gov/Traces/study/?acc=PRJNA388103",,SRP108072,"Christopher Futtner","Apr 12, 2018"
GSE100365,"Quaking dysregulation contributes to demyelination and functional decline of the mouse auditory nerve after noise exposure","Expression profiling by array","Mus musculus",15,,"CEL","ftp://ftp.ncbi.nlm.nih.gov/geo/series/GSE100nnn/GSE100365/suppl",29437856,,"Jeremy Barth","Apr 12, 2018"
GSE102063,"Whole Retina RNAseq after injury and Cyclopamine(C) treatment in zebrafish","Expression profiling by high throughput sequencing","Danio rerio",4,,"TXT;SRA Run Selector","ftp://ftp.ncbi.nlm.nih.gov/geo/series/GSE102nnn/GSE102063/suppl;https://www.ncbi.nlm.nih.gov/Traces/study/?acc=PRJNA396510",29719254,SRP114405,"Rajesh Ramachandran","Apr 12, 2018"
GSE103517,"Kinetic microarray of hPSC-derived SCGB3A2+ airway epithelium","Expression profiling by array","Homo sapiens",12,,"CEL","ftp://ftp.ncbi.nlm.nih.gov/geo/series/GSE103nnn/GSE103517/suppl",29657097,,"Microarray & Sequencing Core","Apr 12, 2018"
GSE103825,"A conserved transcriptional response to intranasal Ebola virus exposure in nonhuman primates before onset of fever","Expression profiling by high throughput sequencing","Macaca fascicularis",67,,"TXT;SRA Run Selector","ftp://ftp.ncbi.nlm.nih.gov/geo/series/GSE103nnn/GSE103825/suppl;https://www.ncbi.nlm.nih.gov/Traces/study/?acc=PRJNA407110",29593102,SRP117606,"John H Connor","Apr 12, 2018"
GSE104853,"MicroRNA-125a-5p overexpression in human macrophages","Expression profiling by high throughput sequencing","Homo sapiens",6,,"TXT;SRA Run Selector","ftp://ftp.ncbi.nlm.nih.gov/geo/series/GSE104nnn/GSE104853/suppl;https://www.ncbi.nlm.nih.gov/Traces/study/?acc=PRJNA414033",,SRP119822,"Mario Medvedovic","Apr 12, 2018"
GSE107831,"Accelerating early anti-TB drug discovery by creating mycobacterial indicator strains that predict mode of action [Mycobacterium tuberculosis]","Expression profiling by high throughput sequencing","Mycobacterium tuberculosis H37Rv",36,,"TXT;SRA Run Selector","ftp://ftp.ncbi.nlm.nih.gov/geo/series/GSE107nnn/GSE107831/suppl;https://www.ncbi.nlm.nih.gov/Traces/study/?acc=PRJNA421561",29661879,SRP126361,"AMIT KUMAR SUBUDHI","Apr 12, 2018"
GSE107882,"Accelerating early anti-TB drug discovery by creating mycobacterial indicator strains that predict mode of action [Mycobacterium marinum]","Expression profiling by high throughput sequencing","Mycobacterium marinum",36,,"TXT;SRA Run Selector","ftp://ftp.ncbi.nlm.nih.gov/geo/series/GSE107nnn/GSE107882/suppl;https://www.ncbi.nlm.nih.gov/Traces/study/?acc=PRJNA421833",29661879,SRP126459,"AMIT KUMAR SUBUDHI","Apr 12, 2018"
GSE108233,"Single cell analysis of Granuloma crypt epithelium","Expression profiling by high throughput sequencing","Mus musculus",2,,"CSV;SRA Run Selector","ftp://ftp.ncbi.nlm.nih.gov/geo/series/GSE108nnn/GSE108233/suppl;https://www.ncbi.nlm.nih.gov/Traces/study/?acc=PRJNA422895",29950724,SRP126962,"Ysbrand Nusse","Apr 12, 2018"
GSE109825,"Temporal RNA-seq analysis of human skeletal myotubes synchronized in vitro","Expression profiling by high throughput sequencing","Homo sapiens",100,,"TXT;SRA Run Selector","ftp://ftp.ncbi.nlm.nih.gov/geo/series/GSE109nnn/GSE109825/suppl;https://www.ncbi.nlm.nih.gov/Traces/study/?acc=PRJNA432088",29658882,SRP131763,"Cedric Howald","Apr 12, 2018"
GSE110621,"Single-nucleotide resolution dynamic repair maps of UV damage in Saccharomyces cerevisiae genome","Other","Saccharomyces cerevisiae",10,,"BW;SRA Run Selector","ftp://ftp.ncbi.nlm.nih.gov/geo/series/GSE110nnn/GSE110621/suppl;https://www.ncbi.nlm.nih.gov/Traces/study/?acc=PRJNA434118",29581276,SRP132878,"Aziz Sancar","Apr 12, 2018"
GSE112428,"Transcriptomic study of couch grass rhizomes exposed to dehydration","Expression profiling by array","Elymus repens;Hordeum vulgare",12,,"CEL","ftp://ftp.ncbi.nlm.nih.gov/geo/series/GSE112nnn/GSE112428/suppl",,,"Pavel Svoboda","Apr 12, 2018"
GSE112526,"Gene expression in tobacco (Nicotiana) nectaries","Expression profiling by high throughput sequencing","Nicotiana benthamiana;Nicotiana bonariensis;Nicotiana clevelandii;Nicotiana glauca;Nicotiana plumbaginifolia;Nicotiana rustica",81,,"XLS;SRA Run Selector","ftp://ftp.ncbi.nlm.nih.gov/geo/series/GSE112nnn/GSE112526/suppl;https://www.ncbi.nlm.nih.gov/Traces/study/?acc=PRJNA448133",,SRP136800,"Marshall Hampton","Apr 12, 2018"
GSE112554,"Highly scalable generation of DNA methylation profiles in single cells","Methylation profiling by high throughput sequencing","Homo sapiens;Mus musculus",6,,"BED;SRA Run Selector","ftp://ftp.ncbi.nlm.nih.gov/geo/series/GSE112nnn/GSE112554/suppl;https://www.ncbi.nlm.nih.gov/Traces/study/?acc=PRJNA397747",29644997,SRP127273,"Ryan M Mulqueen","Apr 12, 2018"
GSE112955,"Circulating microRNA of advanced colorectal cancer patients","Expression profiling by RT-PCR","Homo sapiens",75,,"TXT","ftp://ftp.ncbi.nlm.nih.gov/geo/series/GSE112nnn/GSE112955/suppl",29872543,,"Fatemeh Vafaee","Apr 12, 2018"
GSE112973,"Molecular subtype-specific immunocompetent models of high-grade urothelial carcinoma reveal differential neoantigen expression and response to immunotherapy","Expression profiling by high throughput sequencing","Mus musculus",36,,"TXT;SRA Run Selector","ftp://ftp.ncbi.nlm.nih.gov/geo/series/GSE112nnn/GSE112973/suppl;https://www.ncbi.nlm.nih.gov/Traces/study/?acc=PRJNA449647",29784854,SRP139542,"Jordan Kardos","Apr 12, 2018"
GSE112991,"Transcriptome profiling of Cryptosporidium parvum infected lung and intestinal organoids","Expression profiling by high throughput sequencing","Homo sapiens",12,,"XLSX;SRA Run Selector","ftp://ftp.ncbi.nlm.nih.gov/geo/series/GSE112nnn/GSE112991/suppl;https://www.ncbi.nlm.nih.gov/Traces/study/?acc=PRJNA449692",29946163,SRP139587,"Devanjali Dutta","Apr 12, 2018"
GSE113013,"Comparison of atrial appendage tissues of patients with Valvular Heart Disease and patients with Valvular Heart Disease-Atrial Fibrillation","Expression profiling by array;Non-coding RNA profiling by array","Homo sapiens",10,,"TXT","ftp://ftp.ncbi.nlm.nih.gov/geo/series/GSE113nnn/GSE113013/suppl",,,"nini rao","Apr 12, 2018"
GSE113016,"The Suppression of Medium Acidosis Improves the Maintenance and Differentiation of Human Pluripotent Stem Cells at High Density in Defined Cell Culture Medium","Expression profiling by array","Homo sapiens",4,,"TXT","ftp://ftp.ncbi.nlm.nih.gov/geo/series/GSE113nnn/GSE113016/suppl",29805300,,"Guokai Chen","Apr 12, 2018"
GSE113024,"Next Generation Sequencing Facilitates Quantitative Analysis of conventional and ischemia-free liver transplantation Transcriptomes","Expression profiling by high throughput sequencing","Homo sapiens",12,,"TXT;SRA Run Selector","ftp://ftp.ncbi.nlm.nih.gov/geo/series/GSE113nnn/GSE113024/suppl;https://www.ncbi.nlm.nih.gov/Traces/study/?acc=PRJNA449769",,SRP139667,"Xiaoshun He","Apr 12, 2018"
GSE113026,"Transcriptomes of Pleurotus ostreatus in four different development stages (mycelium, primordium, young fruit body, mature fruit body)","Expression profiling by high throughput sequencing","Pleurotus ostreatus",4,,"FA;TXT;SRA Run Selector","ftp://ftp.ncbi.nlm.nih.gov/geo/series/GSE113nnn/GSE113026/suppl;https://www.ncbi.nlm.nih.gov/Traces/study/?acc=PRJNA449787",,SRP139685,"Danyun Xu","Apr 12, 2018"
GSE85214,"MicroRNAs underlie genome-wide transcriptome and translatome regulation in asthma as revealed by Frac-seq (RNA-Seq)","Expression profiling by high throughput sequencing","Homo sapiens",26,,"TXT;SRA Run Selector","ftp://ftp.ncbi.nlm.nih.gov/geo/series/GSE85nnn/GSE85214/suppl;https://www.ncbi.nlm.nih.gov/Traces/study/?acc=PRJNA337894",,SRP081022,"Rocio Teresa Martinez-Nunez","Apr 11, 2018"
GSE85215,"MicroRNAs underlie genome-wide transcriptome and translatome regulation in asthma as revealed by Frac-seq (miRNA-Seq)","Non-coding RNA profiling by high throughput sequencing","Homo sapiens",13,,"TXT;SRA Run Selector","ftp://ftp.ncbi.nlm.nih.gov/geo/series/GSE85nnn/GSE85215/suppl;https://www.ncbi.nlm.nih.gov/Traces/study/?acc=PRJNA336574",29769273,SRP080955,"Rocio Teresa Martinez-Nunez","Apr 11, 2018"
GSE85216,"Genome-wide post-transcriptional dysregulation by microRNAs in human asthma as revealed by Frac-seq","Expression profiling by high throughput sequencing;Non-coding RNA profiling by high throughput sequencing","Homo sapiens",39,,"TXT","ftp://ftp.ncbi.nlm.nih.gov/geo/series/GSE85nnn/GSE85216/suppl",,,"Rocio Teresa Martinez-Nunez","Apr 11, 2018"
GSE92601,"A bacteriophage enzyme induces bacterial metabolic perturbation that confers a novel promiscuous function.","Expression profiling by high throughput sequencing","Escherichia coli str. K-12 substr. MG1655",10,,"TXT;SRA Run Selector","ftp://ftp.ncbi.nlm.nih.gov/geo/series/GSE92nnn/GSE92601/suppl;https://www.ncbi.nlm.nih.gov/Traces/study/?acc=PRJNA358097",29807996,SRP095369,"Dan I. Andersson","Apr 11, 2018"
GSE95371,"RNA-seq analysis in MMTV-TGF- α Mice thymus","Expression profiling by high throughput sequencing","Mus musculus",3,,"DIFF;SRA Run Selector","ftp://ftp.ncbi.nlm.nih.gov/geo/series/GSE95nnn/GSE95371/suppl;https://www.ncbi.nlm.nih.gov/Traces/study/?acc=PRJNA376776",29511668,SRP100708,"Nehir Ozdemir Ozgenturk","Apr 11, 2018"
GSE98153,"Interaction of neutrophils and hepatic stellate cells promotes fibrosis in a mouse model of steatohepatitis","Expression profiling by array","Mus musculus",17,,"TXT","ftp://ftp.ncbi.nlm.nih.gov/geo/series/GSE98nnn/GSE98153/suppl",29552626,,"Ming-Jiang Xu","Apr 11, 2018"
GSE98407,"ER-464195-01 regulates the expression of inflammation-related genes in DSS-treated mice","Expression profiling by high throughput sequencing","Mus musculus",15,,"XLSX;SRA Run Selector","ftp://ftp.ncbi.nlm.nih.gov/geo/series/GSE98nnn/GSE98407/suppl;https://www.ncbi.nlm.nih.gov/Traces/study/?acc=PRJNA385006",29773794,SRP105803,"Jun-Dal Kim","Apr 11, 2018"
GSE98549,"The DNA methylation landscape of enhancers in the guinea pig hippocampus","Genome binding/occupancy profiling by high throughput sequencing;Methylation profiling by high throughput sequencing","Cavia porcellus",18,,"TXT;SRA Run Selector","ftp://ftp.ncbi.nlm.nih.gov/geo/series/GSE98nnn/GSE98549/suppl;https://www.ncbi.nlm.nih.gov/Traces/study/?acc=PRJNA385487",29616589,SRP106466,"Lisa Boureau","Apr 11, 2018"
GSE100090,"Preclinical studies on Orientin, as a countermeasure against radiation injury","Expression profiling by array;Other","Mus musculus",12,,"RCC","ftp://ftp.ncbi.nlm.nih.gov/geo/series/GSE100nnn/GSE100090/suppl",29567949,,"NADUPARAMBIL Korah JACOB","Apr 11, 2018"
GSE100238,"Differentially expressed miRNA in biological premature ovarian insufficiency (bPOI)","Non-coding RNA profiling by array","Cytomegalovirus;Homo sapiens;Human alphaherpesvirus 1;Human alphaherpesvirus 2;Human immunodeficiency virus 1;Human polyomavirus 1;JC polyomavirus;Lymphocryptovirus;Macaca mulatta polyomavirus 1;Merkel cell polyomavirus;Rhadinovirus",20,,"GPR;TXT","ftp://ftp.ncbi.nlm.nih.gov/geo/series/GSE100nnn/GSE100238/suppl",29367615,,"Yujie Dang","Apr 11, 2018"
GSE100554,"Transcriptome of Varroa destructor life cycle","Expression profiling by high throughput sequencing","Varroa destructor",40,,"CSV;FA;SRA Run Selector","ftp://ftp.ncbi.nlm.nih.gov/geo/series/GSE100nnn/GSE100554/suppl;https://www.ncbi.nlm.nih.gov/Traces/study/?acc=PRJNA392105",29728057,SRP110599,"Cédric Alaux","Apr 11, 2018"
GSE100566,"Mapping STAT1 pS727 occupancy and effect of cortistatin A (CA) on STAT1 occupancy in JAK2-driven neoplasms","Genome binding/occupancy profiling by high throughput sequencing","Homo sapiens",12,,"BED;NARROWPEAK;SRA Run Selector","ftp://ftp.ncbi.nlm.nih.gov/geo/series/GSE100nnn/GSE100566/suppl;https://www.ncbi.nlm.nih.gov/Traces/study/?acc=PRJNA392122",29239838,SRP110612,"Ioana Ilinca Nitulescu","Apr 11, 2018"
GSE100662,"MicroRNA profiling of demyelination and remyelination areas in corpus callosum of cuprizone-treated mice","Non-coding RNA profiling by array","Mus musculus",14,,"TXT","ftp://ftp.ncbi.nlm.nih.gov/geo/series/GSE100nnn/GSE100662/suppl",29593734,,"Viktor Molnár","Apr 11, 2018"
GSE100792,"MicroRNA expression in R6/2 and wild-type mouse brain","Non-coding RNA profiling by array","Mus musculus",2,,,,29858092,,"Hirohiko Hohjoh","Apr 11, 2018"
GSE100810,"Myocardial Bmp2 overexpression leads to ectopic cardiac EMT and promotes chamber cardiomyocyte proliferation and immaturity","Expression profiling by high throughput sequencing","Mus",5,,"TXT;SRA Run Selector","ftp://ftp.ncbi.nlm.nih.gov/geo/series/GSE100nnn/GSE100810/suppl;https://www.ncbi.nlm.nih.gov/Traces/study/?acc=PRJNA393136",29540665,SRP111116,"Jose Luis de la Pompa","Apr 11, 2018"
GSE102497,"Systematic discovery of RNA binding proteins that control microRNA processing","Non-coding RNA profiling by high throughput sequencing","Homo sapiens",68,,"BW;TXT;SRA Run Selector","ftp://ftp.ncbi.nlm.nih.gov/geo/series/GSE102nnn/GSE102497/suppl;https://www.ncbi.nlm.nih.gov/Traces/study/?acc=PRJNA397894",29547715,SRP115215,"Gene Yeo","Apr 11, 2018"
GSE104075,"Chromatin accessibility based characterization of gene regulatory network of P. falciparum blood stage development","Expression profiling by high throughput sequencing;Genome binding/occupancy profiling by high throughput sequencing","Plasmodium falciparum",26,,"BED;BEDGRAPH;SRA Run Selector","ftp://ftp.ncbi.nlm.nih.gov/geo/series/GSE104nnn/GSE104075/suppl;https://www.ncbi.nlm.nih.gov/Traces/study/?acc=PRJNA408158",29649445,SRP118379,"Christa Toenhake","Apr 11, 2018"
GSE104104,"Whole mitochondrial genome bisulfite sequencing (WmGBS) analysis for the mouse brain, liver, and embryonic stem cells","Methylation profiling by high throughput sequencing","Mus musculus",24,,"CSV;SRA Run Selector","ftp://ftp.ncbi.nlm.nih.gov/geo/series/GSE104nnn/GSE104104/suppl;https://www.ncbi.nlm.nih.gov/Traces/study/?acc=PRJNA408242",29643477,SRP118480,"Kenji Ichiyanagi","Apr 11, 2018"
GSE104474,"Recurrent acquisition of cytosine methyltransferases into eukaryotic retrotransposons","Expression profiling by high throughput sequencing;Methylation profiling by high throughput sequencing","Klebsormidium nitens;Saccharomyces cerevisiae;Symbiodinium kawagutii;Symbiodinium sp. clade B",23,,"CGMAP;FASTA;TSV;SRA Run Selector","ftp://ftp.ncbi.nlm.nih.gov/geo/series/GSE104nnn/GSE104474/suppl;https://www.ncbi.nlm.nih.gov/Traces/study/?acc=PRJNA412800",29632298,SRP119222,"Alex de Mendoza","Apr 11, 2018"
GSE106480,"EphA2 receptor is a key player in the metastatic onset of Ewing sarcoma","Expression profiling by array","Homo sapiens",9,,"CEL","ftp://ftp.ncbi.nlm.nih.gov/geo/series/GSE106nnn/GSE106480/suppl",29582409,,"Lara Nonell","Apr 11, 2018"
GSE107884,"Accelerating early anti-TB drug discovery by creating mycobacterial indicator strains that predict mode of action","Expression profiling by high throughput sequencing","Mycobacterium marinum;Mycobacterium tuberculosis H37Rv",72,,,,29661879,,"AMIT KUMAR SUBUDHI","Apr 11, 2018"
GSE108872,"Tet1 and Tet2 Maintain Mesenchymal Stem Cell Homeostasis via demethylation of P2rX7 promoter","Expression profiling by high throughput sequencing","Mus musculus",6,,"TXT;SRA Run Selector","ftp://ftp.ncbi.nlm.nih.gov/geo/series/GSE108nnn/GSE108872/suppl;https://www.ncbi.nlm.nih.gov/Traces/study/?acc=PRJNA428994",29858571,SRP128561,"Ruili Yang","Apr 11, 2018"
GSE108900,"The molecular characterisation of mitochondrial DNA deficient oocytes using a pig model","Expression profiling by high throughput sequencing","Sus scrofa",40,,"TXT;SRA Run Selector","ftp://ftp.ncbi.nlm.nih.gov/geo/series/GSE108nnn/GSE108900/suppl;https://www.ncbi.nlm.nih.gov/Traces/study/?acc=PRJNA429045",29546367,SRP128602,"Tesha Tsai","Apr 11, 2018"
GSE109728,"Effect of ER-464195-01 on the gene expression in the intestine of mice.","Expression profiling by high throughput sequencing","Mus musculus",12,,"XLSX;SRA Run Selector","ftp://ftp.ncbi.nlm.nih.gov/geo/series/GSE109nnn/GSE109728/suppl;https://www.ncbi.nlm.nih.gov/Traces/study/?acc=PRJNA431804",29773794,SRP131521,"Jun-Dal Kim","Apr 11, 2018"
GSE110730,"Expression analysis of Escherichia coli CC72 before and after osmotic stress","Expression profiling by array","Escherichia coli K-12;Escherichia coli str. K-12 substr. MG1655",8,,"PAIR","ftp://ftp.ncbi.nlm.nih.gov/geo/series/GSE110nnn/GSE110730/suppl",,,"Zhe Sun","Apr 11, 2018"
GSE110831,"ChIP-chip from Escherichia coli CC72 cells with RNAP β’ subunit before and after osmotic stress.","Genome binding/occupancy profiling by genome tiling array","Escherichia coli str. K-12 substr. MG1655",11,,"GFF;PAIR;TXT","ftp://ftp.ncbi.nlm.nih.gov/geo/series/GSE110nnn/GSE110831/suppl",,,"Zhe Sun","Apr 11, 2018"
GSE112633,"TAF-ChIP: An ultra low input approach for genome wide chromatin immunoprecipitation assay","Genome binding/occupancy profiling by high throughput sequencing","Drosophila melanogaster;Homo sapiens",22,,"BW;SRA Run Selector","ftp://ftp.ncbi.nlm.nih.gov/geo/series/GSE112nnn/GSE112633/suppl;https://www.ncbi.nlm.nih.gov/Traces/study/?acc=PRJNA448587",,SRP137008,"Junaid Akhtar","Apr 11, 2018"
GSE112900,"Expression data from knockdown of UGT8 in MDA-MB231 cells","Expression profiling by array","Homo sapiens",2,,"CEL","ftp://ftp.ncbi.nlm.nih.gov/geo/series/GSE112nnn/GSE112900/suppl",29728441,,"Chenfang Dong","Apr 11, 2018"
GSE112911,"Genome-wide analysis of Differential Responses of Pseudomonas aeruginosa PAO1 and  PA14 cells to Interfacial Stress","Expression profiling by high throughput sequencing","Pseudomonas aeruginosa PA14;Pseudomonas aeruginosa PAO1",12,,"TXT","ftp://ftp.ncbi.nlm.nih.gov/geo/series/GSE112nnn/GSE112911/suppl",29259206,,"Tagbo Niepa","Apr 11, 2018"
GSE112928,"ChIPseq in Mouse Hematopoietic Progenitor Cells (HPCs)","Genome binding/occupancy profiling by high throughput sequencing","Mus musculus",11,,"XLS;XLSX;SRA Run Selector","ftp://ftp.ncbi.nlm.nih.gov/geo/series/GSE112nnn/GSE112928/suppl;https://www.ncbi.nlm.nih.gov/Traces/study/?acc=PRJNA449522",29269482,SRP139335,"Maxim Nikolaievich Shokhirev","Apr 11, 2018"
GSE85104,"Gene expression profiling of long non-coding RNAs between rainbow trout strains on plant-based diets","Non-coding RNA profiling by high throughput sequencing","Oncorhynchus mykiss",20,,"FASTA;TXT;SRA Run Selector","ftp://ftp.ncbi.nlm.nih.gov/geo/series/GSE85nnn/GSE85104/suppl;https://www.ncbi.nlm.nih.gov/Traces/study/?acc=PRJNA336185",29300121,SRP080815,"Jason Abernathy","Apr 10, 2018"
GSE86049,"Electromagnetic field-mediated direct lineage reprogramming into induced dopamine neurons in vivo for Parkinson’s disease therapy [ChIP-Seq]","Genome binding/occupancy profiling by high throughput sequencing","Mus musculus",2,,"BW;SRA Run Selector","ftp://ftp.ncbi.nlm.nih.gov/geo/series/GSE86nnn/GSE86049/suppl;https://www.ncbi.nlm.nih.gov/Traces/study/?acc=PRJNA340137",28737745,SRP082961,"Junghyun Jung","Apr 10, 2018"
GSE86050,"Electromagnetic field-mediated direct lineage reprogramming into induced dopamine neurons in vivo for Parkinson’s disease therapy [microarray1]","Expression profiling by array","Mus musculus",2,,"TXT","ftp://ftp.ncbi.nlm.nih.gov/geo/series/GSE86nnn/GSE86050/suppl",28737745,,"Junghyun Jung","Apr 10, 2018"
GSE86051,"Electromagnetic field-mediated direct lineage reprogramming into induced dopamine neurons in vivo for Parkinson’s disease therapy [microarray2]","Expression profiling by array","Mus musculus",4,,"TXT","ftp://ftp.ncbi.nlm.nih.gov/geo/series/GSE86nnn/GSE86051/suppl",28737745,,"Junghyun Jung","Apr 10, 2018"
GSE86052,"Electromagnetic field-mediated direct lineage reprogramming into induced dopamine neurons in vivo for Parkinson's disease therapy","Expression profiling by array;Genome binding/occupancy profiling by high throughput sequencing","Mus musculus",8,,"BW","ftp://ftp.ncbi.nlm.nih.gov/geo/series/GSE86nnn/GSE86052/suppl",28737745,,"Junghyun Jung","Apr 10, 2018"
GSE88760,"DNA-binding pluripotency factors and DNA demethylases can cooperate to maintain pluripotent stem cell identity even in the absence of Brd4 [RNA-seq]","Expression profiling by high throughput sequencing","Mus musculus",12,,"TXT;SRA Run Selector","ftp://ftp.ncbi.nlm.nih.gov/geo/series/GSE88nnn/GSE88760/suppl;https://www.ncbi.nlm.nih.gov/Traces/study/?acc=PRJNA348473",,SRP091562,"Bryan King","Apr 10, 2018"
GSE89925,"Proliferation pause as an early blockade of human cellular reprogramming toward pluripotency [Methylation analysis]","Methylation profiling by genome tiling array","Homo sapiens",6,,"IDAT;TXT","ftp://ftp.ncbi.nlm.nih.gov/geo/series/GSE89nnn/GSE89925/suppl",,,"Akira Watanabe","Apr 10, 2018"
GSE89975,"Proliferation pause as an early blockade of human cellular reprogramming toward pluripotency [RNA-seq analysis]","Expression profiling by high throughput sequencing","Homo sapiens",6,,"TSV;SRA Run Selector","ftp://ftp.ncbi.nlm.nih.gov/geo/series/GSE89nnn/GSE89975/suppl;https://www.ncbi.nlm.nih.gov/Traces/study/?acc=PRJNA354485",,SRP093737,"Akira Watanabe","Apr 10, 2018"
GSE89976,"Proliferation pause as an early blockade of human cellular reprogramming toward pluripotency [ChIP-seq analysis]","Genome binding/occupancy profiling by high throughput sequencing","Homo sapiens",8,,"BW;SRA Run Selector","ftp://ftp.ncbi.nlm.nih.gov/geo/series/GSE89nnn/GSE89976/suppl;https://www.ncbi.nlm.nih.gov/Traces/study/?acc=PRJNA354534",,SRP093738,"Akira Watanabe","Apr 10, 2018"
GSE90014,"Proliferation pause as an early blockade of human cellular reprogramming toward pluripotency [single cell RNA-seq analysis]","Expression profiling by high throughput sequencing","Homo sapiens",192,,"TSV;SRA Run Selector","ftp://ftp.ncbi.nlm.nih.gov/geo/series/GSE90nnn/GSE90014/suppl;https://www.ncbi.nlm.nih.gov/Traces/study/?acc=PRJNA354482",,SRP093793,"Akira Watanabe","Apr 10, 2018"
GSE90015,"Proliferation pause as an early blockade of human cellular reprogramming toward pluripotency","Methylation profiling by genome tiling array;Expression profiling by high throughput sequencing;Genome binding/occupancy profiling by high throughput sequencing","Homo sapiens",212,,"BW;IDAT;TSV","ftp://ftp.ncbi.nlm.nih.gov/geo/series/GSE90nnn/GSE90015/suppl",,,"Akira Watanabe","Apr 10, 2018"
GSE94438,"A blood RNA signature for tuberculosis disease risk in household contact study - GC6 cohort.","Expression profiling by high throughput sequencing","Homo sapiens",434,,"CSV;TXT;SRA Run Selector","ftp://ftp.ncbi.nlm.nih.gov/geo/series/GSE94nnn/GSE94438/suppl;https://www.ncbi.nlm.nih.gov/Traces/study/?acc=PRJNA369684",29624071,SRP098758,"Daniel Zak","Apr 10, 2018"
GSE95042,"KDM4 inhibition targets breast cancer stem cells","Expression profiling by array","Homo sapiens",12,,"TXT","ftp://ftp.ncbi.nlm.nih.gov/geo/series/GSE95nnn/GSE95042/suppl",28883001,,"Hauke Busch","Apr 10, 2018"
GSE97936,"Gene expression profile of MRC5-CAFs transfected with control siRNA (si-Ctrl) or Dicer1 specific siRNA (si-Dicer1) for 72 hr","Expression profiling by array","Homo sapiens",6,,"CEL","ftp://ftp.ncbi.nlm.nih.gov/geo/series/GSE97nnn/GSE97936/suppl",29199004,,"Zongyuan Yang","Apr 10, 2018"
GSE97937,"microRNA expression profile of MRC5-CAFs transfected with control siRNA (si-Ctrl) or Dicer1 specific siRNA (si-Dicer1) for 72 hr","Non-coding RNA profiling by array","Homo sapiens;synthetic construct",6,,"CEL","ftp://ftp.ncbi.nlm.nih.gov/geo/series/GSE97nnn/GSE97937/suppl",29199004,,"Zongyuan Yang","Apr 10, 2018"
GSE98564,"Gene expression biomarkers for neurobehavioral impairment from total sleep deprivation microarray data [D6]","Expression profiling by array","Homo sapiens",199,,"CEL","ftp://ftp.ncbi.nlm.nih.gov/geo/series/GSE98nnn/GSE98564/suppl",29739334,,"Hilary A Uyhelji","Apr 10, 2018"
GSE98565,"Gene expression biomarkers for neurobehavioral impairment from total sleep deprivation microarray data [D8]","Expression profiling by array","Homo sapiens",193,,"CEL","ftp://ftp.ncbi.nlm.nih.gov/geo/series/GSE98nnn/GSE98565/suppl",29739334,,"Hilary A Uyhelji","Apr 10, 2018"
GSE98566,"Gene expression biomarkers for neurobehavioral impairment from total sleep deprivation microarray data [D9]","Expression profiling by array","Homo sapiens",163,,"CEL","ftp://ftp.ncbi.nlm.nih.gov/geo/series/GSE98nnn/GSE98566/suppl",29739334,,"Hilary A Uyhelji","Apr 10, 2018"
GSE98582,"Exploring gene expression biomarker candidates for neurobehavioral impairment from total sleep deprivation","Expression profiling by array","Homo sapiens",555,,"CEL","ftp://ftp.ncbi.nlm.nih.gov/geo/series/GSE98nnn/GSE98582/suppl",29739334,,"Hilary A Uyhelji","Apr 10, 2018"
GSE99309,"Hepatic glucocorticoid receptor transcriptome profiling in normal and hypogonadal females","Expression profiling by high throughput sequencing","Mus musculus",12,,"TXT;SRA Run Selector","ftp://ftp.ncbi.nlm.nih.gov/geo/series/GSE99nnn/GSE99309/suppl;https://www.ncbi.nlm.nih.gov/Traces/study/?acc=PRJNA388089",29514097,SRP108052,"Matthew Allan Quinn","Apr 10, 2018"
GSE99727,"Ligand-receptor co-evolution shaped the jasmonate pathway in land plants","Expression profiling by array","Marchantia polymorpha",17,,"TXT","ftp://ftp.ncbi.nlm.nih.gov/geo/series/GSE99nnn/GSE99727/suppl",,,"Gloria Garcia Casado","Apr 10, 2018"
GSE99903,"Meg3 non-coding RNA expression controls imprinting by preventing transcriptional up-regulation in cis","Expression profiling by high throughput sequencing","Mus musculus",6,,"BEDGRAPH;SRA Run Selector","ftp://ftp.ncbi.nlm.nih.gov/geo/series/GSE99nnn/GSE99903/suppl;https://www.ncbi.nlm.nih.gov/Traces/study/?acc=PRJNA389998",29641995,SRP108957,"Ildem Sanli","Apr 10, 2018"
GSE101535,"Phosphorylation state of ZFP24 controls oligodendrocyte differentiation","Genome binding/occupancy profiling by high throughput sequencing","Mus musculus",5,,"BED;SRA Run Selector","ftp://ftp.ncbi.nlm.nih.gov/geo/series/GSE101nnn/GSE101535/suppl;https://www.ncbi.nlm.nih.gov/Traces/study/?acc=PRJNA394741",29791837,SRP112598,"Benayahu Elbaz","Apr 10, 2018"
GSE101681,"HDAC1 and HDAC2 regulates TGF-b during Endothelial-to-Hematopoietic Transition [ChIP-Seq]","Genome binding/occupancy profiling by high throughput sequencing","Mus musculus",9,,"BED;SRA Run Selector","ftp://ftp.ncbi.nlm.nih.gov/geo/series/GSE101nnn/GSE101681/suppl;https://www.ncbi.nlm.nih.gov/Traces/study/?acc=PRJNA395204",,SRP113209,"Roshana S Thambyrajah","Apr 10, 2018"
GSE101682,"HDAC1 and HDAC2 regulates TGF-b during Endothelial-to-Hematopoietic Transition [RNA-Seq]","Expression profiling by high throughput sequencing","Mus musculus",8,,"TXT;SRA Run Selector","ftp://ftp.ncbi.nlm.nih.gov/geo/series/GSE101nnn/GSE101682/suppl;https://www.ncbi.nlm.nih.gov/Traces/study/?acc=PRJNA395207",,SRP113210,"Roshana S Thambyrajah","Apr 10, 2018"
GSE101683,"HDAC1 and HDAC2 regulates TGF-b during Endothelial-to-Hematopoietic Transition","Expression profiling by high throughput sequencing;Genome binding/occupancy profiling by high throughput sequencing","Mus musculus",17,,"BED","ftp://ftp.ncbi.nlm.nih.gov/geo/series/GSE101nnn/GSE101683/suppl",,,"Roshana S Thambyrajah","Apr 10, 2018"
GSE103169,"Multiple roles for Wwtr1 in cardiac wall maturation","Expression profiling by high throughput sequencing","Danio rerio",6,,"TXT;SRA Run Selector","ftp://ftp.ncbi.nlm.nih.gov/geo/series/GSE103nnn/GSE103169/suppl;https://www.ncbi.nlm.nih.gov/Traces/study/?acc=PRJNA400391",29773645,SRP116311,"Stefan Günther","Apr 10, 2018"
GSE103293,"RNA sequencing (RNA-SEQ) of PSPC1 Knockout in A549 cells with TGFb1 stimulation","Expression profiling by high throughput sequencing","Homo sapiens",4,,"BEDGRAPH;SRA Run Selector","ftp://ftp.ncbi.nlm.nih.gov/geo/series/GSE103nnn/GSE103293/suppl;https://www.ncbi.nlm.nih.gov/Traces/study/?acc=PRJNA401901",29593326,SRP131312,"HSI-Wen Yeh","Apr 10, 2018"
GSE103840,"Single-cell RNA sequencing of sensory neurons in the mouse dorsal horn","Expression profiling by high throughput sequencing","Mus musculus",1545,,"XLSX;SRA Run Selector","ftp://ftp.ncbi.nlm.nih.gov/geo/series/GSE103nnn/GSE103840/suppl;https://www.ncbi.nlm.nih.gov/Traces/study/?acc=PRJNA407224",29686262,SRP117627,"Sten Linnarsson","Apr 10, 2018"
GSE103915,"Genome-wide expression profiling after TRRAP silencing in Burkitt's lymphoma","Expression profiling by array","Homo sapiens",12,,"IDAT;TXT","ftp://ftp.ncbi.nlm.nih.gov/geo/series/GSE103nnn/GSE103915/suppl",29653964,,"Alexander Jethwa","Apr 10, 2018"
GSE104296,"Differential effects of estrogen receptor beta isoforms on glioblastoma progression","Expression profiling by high throughput sequencing","Homo sapiens",8,,"TXT;SRA Run Selector","ftp://ftp.ncbi.nlm.nih.gov/geo/series/GSE104nnn/GSE104296/suppl;https://www.ncbi.nlm.nih.gov/Traces/study/?acc=PRJNA412261",,SRP118937,"Yidong Chen","Apr 10, 2018"
GSE104383,"Gene expression analysis of tumour xenografts after injection of breast cancer cells treated with axolotl oocyte extracts","Expression profiling by array","Homo sapiens",12,,,,29662623,,"Cinzia Allegrucci","Apr 10, 2018"
GSE107294,"Bone density loci identified by genome-wide association studies segregate a lineage-specific PU.1-dependent gene regulatory network in osteoclasts [ChIP-seq]","Genome binding/occupancy profiling by high throughput sequencing","Mus musculus",7,,"BEDGRAPH;TXT;SRA Run Selector","ftp://ftp.ncbi.nlm.nih.gov/geo/series/GSE107nnn/GSE107294/suppl;https://www.ncbi.nlm.nih.gov/Traces/study/?acc=PRJNA419648",29619268,SRP125556,"Sudarshana Mangalore Sharma","Apr 10, 2018"
GSE107295,"Bone density loci identified by genome-wide association studies segregate a lineage-specific PU.1-dependent gene regulatory network in osteoclasts [HsMmMicroarray]","Expression profiling by array","Homo sapiens;Mus musculus",8,,"CEL","ftp://ftp.ncbi.nlm.nih.gov/geo/series/GSE107nnn/GSE107295/suppl",29619268,,"Sudarshana Mangalore Sharma","Apr 10, 2018"
GSE107296,"Bone density loci identified by genome-wide association studies segregate a lineage-specific PU.1-dependent gene regulatory network in osteoclasts [MoEx-1_0-st array]","Expression profiling by array","Mus musculus",9,,"CEL","ftp://ftp.ncbi.nlm.nih.gov/geo/series/GSE107nnn/GSE107296/suppl",29619268,,"Sudarshana Mangalore Sharma","Apr 10, 2018"
GSE107297,"Bone density loci identified by genome-wide association studies segregate a lineage-specific PU.1-dependent gene regulatory network in osteoclasts","Genome binding/occupancy profiling by high throughput sequencing;Expression profiling by array","Homo sapiens;Mus musculus",24,,"BEDGRAPH;CEL;TXT","ftp://ftp.ncbi.nlm.nih.gov/geo/series/GSE107nnn/GSE107297/suppl",29619268,,"Sudarshana Mangalore Sharma","Apr 10, 2018"
GSE107788,"Early-life exposure to genistein alters glucocorticoid signaling in the adult mouse uterus.","Expression profiling by array","Mus musculus",16,,"TXT","ftp://ftp.ncbi.nlm.nih.gov/geo/series/GSE107nnn/GSE107788/suppl",29624291,,"NIEHS Microarray Core","Apr 10, 2018"
GSE108579,"Peripherally derived macrophages can engraft the brain independent of irradiation and maintain an identity distinct from microglia","Expression profiling by high throughput sequencing","Mus musculus",18,,,,,,"Christopher Overall","Apr 10, 2018"
GSE108619,"A whole genome-screening strategy to identify DNA2 binding sites and genomic regions that require DNA2 for replication","Genome binding/occupancy profiling by high throughput sequencing","Homo sapiens",9,,"BEDGRAPH;SRA Run Selector","ftp://ftp.ncbi.nlm.nih.gov/geo/series/GSE108nnn/GSE108619/suppl;https://www.ncbi.nlm.nih.gov/Traces/study/?acc=PRJNA427827",29773570,SRP127688,"Xiwei Wu","Apr 10, 2018"
GSE110261,"Chromatin Accessibility Dynamics during Chemical Induction of Pluripotency [ATAC-Seq]","Genome binding/occupancy profiling by high throughput sequencing","Mus musculus",14,,"BW;SRA Run Selector","ftp://ftp.ncbi.nlm.nih.gov/geo/series/GSE110nnn/GSE110261/suppl;https://www.ncbi.nlm.nih.gov/Traces/study/?acc=PRJNA433336",29625068,SRP132355,"dongwei Li","Apr 10, 2018"
GSE110262,"Chromatin Accessibility Dynamics during Chemical Induction of Pluripotency [ChIP-seq]","Genome binding/occupancy profiling by high throughput sequencing","Mus musculus",10,,"BW;SRA Run Selector","ftp://ftp.ncbi.nlm.nih.gov/geo/series/GSE110nnn/GSE110262/suppl;https://www.ncbi.nlm.nih.gov/Traces/study/?acc=PRJNA433335",29625068,SRP132356,"dongwei Li","Apr 10, 2018"
GSE110263,"Chromatin Accessibility Dynamics during Chemical Induction of Pluripotency [RNA-seq]","Expression profiling by high throughput sequencing","Mus musculus",26,,"TSV;SRA Run Selector","ftp://ftp.ncbi.nlm.nih.gov/geo/series/GSE110nnn/GSE110263/suppl;https://www.ncbi.nlm.nih.gov/Traces/study/?acc=PRJNA433333",29625068,SRP132359,"dongwei Li","Apr 10, 2018"
GSE110264,"Chromatin Accessibility Dynamics during Chemical Induction of Pluripotency","Genome binding/occupancy profiling by high throughput sequencing;Expression profiling by high throughput sequencing","Mus musculus",50,,"BW","ftp://ftp.ncbi.nlm.nih.gov/geo/series/GSE110nnn/GSE110264/suppl",29625068,,"dongwei Li","Apr 10, 2018"
GSE110313,"Genes linked to cervicovaginal integrity are dysregulated in DMPA but not COC contraception users","Expression profiling by array","Homo sapiens",126,,"CEL","ftp://ftp.ncbi.nlm.nih.gov/geo/series/GSE110nnn/GSE110313/suppl",,,"Irina A Zalenskaya","Apr 10, 2018"
GSE110798,"Single-cell transcriptomics of human oocytes: environment-driven metabolic competition and compensatory mechanisms during oocyte maturation","Expression profiling by high throughput sequencing","Homo sapiens",6,,"XLSX;SRA Run Selector","ftp://ftp.ncbi.nlm.nih.gov/geo/series/GSE110nnn/GSE110798/suppl;https://www.ncbi.nlm.nih.gov/Traces/study/?acc=PRJNA434577",29486586,SRP133068,"Yang Yu","Apr 10, 2018"
GSE111294,"An exploratory study to examine the effects of maternal choline supplementation during mouse pregnancy on placental epigenetic markers (mRNA-seq data set)","Expression profiling by high throughput sequencing","Mus musculus",12,,"DIFF;TXT;SRA Run Selector","ftp://ftp.ncbi.nlm.nih.gov/geo/series/GSE111nnn/GSE111294/suppl;https://www.ncbi.nlm.nih.gov/Traces/study/?acc=PRJNA436482",29597262,SRP133742,"Jennifer K Grenier","Apr 10, 2018"
GSE111295,"An exploratory study to examine the effects of maternal choline supplementation during mouse pregnancy on placental epigenetic markers (miRNA-seq data set)","Non-coding RNA profiling by high throughput sequencing","Mus musculus",11,,"TXT;SRA Run Selector","ftp://ftp.ncbi.nlm.nih.gov/geo/series/GSE111nnn/GSE111295/suppl;https://www.ncbi.nlm.nih.gov/Traces/study/?acc=PRJNA436483",29597262,SRP133743,"Jennifer K Grenier","Apr 10, 2018"
GSE111296,"An exploratory study to examine the effects of maternal choline supplementation during mouse pregnancy on placental epigenetic markers","Expression profiling by high throughput sequencing;Non-coding RNA profiling by high throughput sequencing","Mus musculus",23,,,,29597262,,"Jennifer K Grenier","Apr 10, 2018"
GSE112028,"MCM2-7-dependent cohesin loading during S phase promotes sister-chromatid cohesion","Genome binding/occupancy profiling by high throughput sequencing","Homo sapiens",7,,"BED;BIGWIG;BROADPEAK;SRA Run Selector","ftp://ftp.ncbi.nlm.nih.gov/geo/series/GSE112nnn/GSE112028/suppl;https://www.ncbi.nlm.nih.gov/Traces/study/?acc=PRJNA438972",29611806,SRP136013,"Hongtao Yu","Apr 10, 2018"
GSE112848,"different expression of RNAs between breast cancer and benign tissue","Expression profiling by array;Non-coding RNA profiling by array","Homo sapiens",6,,"TXT","ftp://ftp.ncbi.nlm.nih.gov/geo/series/GSE112nnn/GSE112848/suppl",,,"jiang yang","Apr 10, 2018"
GSE112851,"To the limit and beyond: Comparative ""Omics""-approaches give insights into stress adaptation and pathogenicity of basal fungal pathogens (Lichtheimia spp.)","Expression profiling by high throughput sequencing","Lichtheimia corymbifera;Lichtheimia hyalospora;Lichtheimia ramosa",28,,"TXT","ftp://ftp.ncbi.nlm.nih.gov/geo/series/GSE112nnn/GSE112851/suppl",,,"Konstantin Riege","Apr 10, 2018"
GSE112873,"Genetic and epigenetic changes in clonal descendants of irradiated human fibroblasts [strain 2]","Methylation profiling by array","Homo sapiens",48,,"IDAT;TXT","ftp://ftp.ncbi.nlm.nih.gov/geo/series/GSE112nnn/GSE112873/suppl",29964050,,"Anna Maierhofer","Apr 10, 2018"
GSE112876,"Cell specific response to IFNg","Expression profiling by array","Mus musculus",22,,"CEL","ftp://ftp.ncbi.nlm.nih.gov/geo/series/GSE112nnn/GSE112876/suppl",26824662,,"CBDM Lab","Apr 10, 2018"
GSE112877,"Genetic and epigenetic changes in clonal descendants of irradiated human fibroblasts","Methylation profiling by array","Homo sapiens",96,,"IDAT","ftp://ftp.ncbi.nlm.nih.gov/geo/series/GSE112nnn/GSE112877/suppl",29964050,,"Anna Maierhofer","Apr 10, 2018"
GSE112887,"Expression data from SKOV3 KO1#_Vector and SKOV3 KO1#_MED12 rescued cells","Expression profiling by array","Homo sapiens",2,,"CEL","ftp://ftp.ncbi.nlm.nih.gov/geo/series/GSE112nnn/GSE112887/suppl",,,"Xiaolin Luo","Apr 10, 2018"
GSE112888,"Expression data from WT and MED12 KO SKOV3 and HO8910 cells","Expression profiling by array","Homo sapiens",6,,"CEL","ftp://ftp.ncbi.nlm.nih.gov/geo/series/GSE112nnn/GSE112888/suppl",,,"Xiaolin Luo","Apr 10, 2018"
GSE112944,"Transcriptome of Phaseolus vulgaris nectaries and leaves","Expression profiling by high throughput sequencing","Phaseolus vulgaris",21,,"XLS","ftp://ftp.ncbi.nlm.nih.gov/geo/series/GSE112nnn/GSE112944/suppl",,,"Marshall Hampton","Apr 10, 2018"
GSE112947,"Gene-by-sex interactions in mitochondrial functions and tissue-specific gene expression in cardio-metabolic traits","Expression profiling by high throughput sequencing","Mus musculus",64,,"TXT;SRA Run Selector","ftp://ftp.ncbi.nlm.nih.gov/geo/series/GSE112nnn/GSE112947/suppl;https://www.ncbi.nlm.nih.gov/Traces/study/?acc=PRJNA449550",30343673,SRP139376,"Calvin Pan","Apr 10, 2018"
GSE88769,"Transcription factors and Tet1/2 enable Brd4-independent maintenance of stem cell identity","Genome binding/occupancy profiling by high throughput sequencing","Mus musculus",14,,"BW;SRA Run Selector","ftp://ftp.ncbi.nlm.nih.gov/geo/series/GSE88nnn/GSE88769/suppl;https://www.ncbi.nlm.nih.gov/Traces/study/?acc=PRJNA348529",,SRP091569,"Richard Koche","Apr 09, 2018"
GSE89409," HOXA5 is a survival locus associated with chromosome 7 gain in IDH-wildtype glioblastoma","Expression profiling by array","Mus musculus",6,,"TXT","ftp://ftp.ncbi.nlm.nih.gov/geo/series/GSE89nnn/GSE89409/suppl",29632085,,"Sonali Arora","Apr 09, 2018"
GSE94300,"MTF2 recruits Polycomb Repressive Complex 2 by helical shape-selective DNA binding","Genome binding/occupancy profiling by high throughput sequencing","Mus musculus",22,,"BED;BW;SRA Run Selector","ftp://ftp.ncbi.nlm.nih.gov/geo/series/GSE94nnn/GSE94300/suppl;https://www.ncbi.nlm.nih.gov/Traces/study/?acc=PRJNA369274",29808031,SRP098595,"Gert Jan Veenstra","Apr 09, 2018"
GSE95641,"DNA-binding pluripotency factors and DNA demethylases can cooperate to maintain pluripotent stem cell identity even in the absence of Brd4 [ATAC-seq]","Genome binding/occupancy profiling by high throughput sequencing","Mus musculus",32,,"BW;SRA Run Selector","ftp://ftp.ncbi.nlm.nih.gov/geo/series/GSE95nnn/GSE95641/suppl;https://www.ncbi.nlm.nih.gov/Traces/study/?acc=PRJNA377755",,SRP101297,"Richard Koche","Apr 09, 2018"
GSE95642,"DNA-binding pluripotency factors and DNA demethylases can cooperate to maintain pluripotent stem cell identity even in the absence of Brd4","Genome binding/occupancy profiling by high throughput sequencing","Mus musculus",46,,"BW","ftp://ftp.ncbi.nlm.nih.gov/geo/series/GSE95nnn/GSE95642/suppl",29662175,,"Richard Koche","Apr 09, 2018"
GSE97422,"Next Generation Sequencing Facilitates Quantitative Analysis of WT and o11 mutant Transcriptomes","Expression profiling by high throughput sequencing","Zea mays",6,,"TXT;SRA Run Selector","ftp://ftp.ncbi.nlm.nih.gov/geo/series/GSE97nnn/GSE97422/suppl;https://www.ncbi.nlm.nih.gov/Traces/study/?acc=PRJNA381760",29436476,SRP103091,"Fan Feng","Apr 09, 2018"
GSE97547,"Hepatic gene expression analysis between low and high growing hybrid striped bass","Expression profiling by high throughput sequencing","Morone chrysops x Morone saxatilis",6,,"FASTA;TXT;SRA Run Selector","ftp://ftp.ncbi.nlm.nih.gov/geo/series/GSE97nnn/GSE97547/suppl;https://www.ncbi.nlm.nih.gov/Traces/study/?acc=PRJNA382266",,SRP103755,"Jason Abernathy","Apr 09, 2018"
GSE97550,"Differentially expressed genes in human IL-7Ra high and low EM CD8+ T cells","Expression profiling by array","Homo sapiens",6,,"TXT","ftp://ftp.ncbi.nlm.nih.gov/geo/series/GSE97nnn/GSE97550/suppl",,,"Sungyong You","Apr 09, 2018"
GSE97578,"Grapevine field experiments reveal the contribution of genotype, the influence of environment and the effect of their interaction (GXE) on the berry transcriptome [array]","Expression profiling by array","Vitis vinifera",144,,"PAIR","ftp://ftp.ncbi.nlm.nih.gov/geo/series/GSE97nnn/GSE97578/suppl",29381239,,"Silvia Dal Santo","Apr 09, 2018"
GSE97960,"Grapevine field experiments reveal the contribution of genotype, the influence of environment and the effect of their interaction (G3E) on the berry transcriptome [RNA-seq]","Expression profiling by high throughput sequencing","Vitis vinifera",72,,"TAB;SRA Run Selector","ftp://ftp.ncbi.nlm.nih.gov/geo/series/GSE97nnn/GSE97960/suppl;https://www.ncbi.nlm.nih.gov/Traces/study/?acc=PRJNA383486",29381239,SRP104249,"Silvia Dal Santo","Apr 09, 2018"
GSE98383,"Molecular Signature of Hepatitis D Virus-Associated Hepatocellular Carcinoma","Expression profiling by array","Homo sapiens",74,,"CEL","ftp://ftp.ncbi.nlm.nih.gov/geo/series/GSE98nnn/GSE98383/suppl",29858376,,"Giacomo Diaz","Apr 09, 2018"
GSE98762,"Genotype x Environment approaches provide insights into genotype-specific grapevine transcriptomic plasticity","Methylation profiling by high throughput sequencing","Vitis vinifera",48,,"TXT;SRA Run Selector","ftp://ftp.ncbi.nlm.nih.gov/geo/series/GSE98nnn/GSE98762/suppl;https://www.ncbi.nlm.nih.gov/Traces/study/?acc=PRJNA386170",29381239,SRP106795,"Emanuele De Paoli","Apr 09, 2018"
GSE99112,"A Upf3b-mutant mouse model with behavioral and neurogenesis defects","Expression profiling by high throughput sequencing","Mus musculus",12,,"TXT;SRA Run Selector","ftp://ftp.ncbi.nlm.nih.gov/geo/series/GSE99nnn/GSE99112/suppl;https://www.ncbi.nlm.nih.gov/Traces/study/?acc=PRJNA387301",28948974,SRP107560,"Heidi Cook-Andersen","Apr 09, 2018"
GSE100037,"Single cell RNA sequencing data of bone marrow lymphoid progenitors","Expression profiling by high throughput sequencing","Mus musculus",39,,"CSV;SRA Run Selector","ftp://ftp.ncbi.nlm.nih.gov/geo/series/GSE100nnn/GSE100037/suppl;https://www.ncbi.nlm.nih.gov/Traces/study/?acc=PRJNA390541",29630061,SRP109218,"Josip Stefan Herman","Apr 09, 2018"
GSE101485,"Pseudouridylation of tRNA-derived fragments steers translation control in stem cells [Polysome-Seq]","Expression profiling by high throughput sequencing;Other","Homo sapiens",12,,"TXT;SRA Run Selector","ftp://ftp.ncbi.nlm.nih.gov/geo/series/GSE101nnn/GSE101485/suppl;https://www.ncbi.nlm.nih.gov/Traces/study/?acc=PRJNA394611",29628141,SRP112341,"Sonali Arora","Apr 09, 2018"
GSE101942,"Transcriptome analysis of genetically matched human induced pluripotent stem cells disomic or trisomic for chromosome 21","Expression profiling by high throughput sequencing","Homo sapiens",12,,"TXT;SRA Run Selector","ftp://ftp.ncbi.nlm.nih.gov/geo/series/GSE101nnn/GSE101942/suppl;https://www.ncbi.nlm.nih.gov/Traces/study/?acc=PRJNA395984",29584757,SRP113668,"Christopher Link","Apr 09, 2018"
GSE102051,"Genome-wide characterization of cis-acting DNA targets of Opaque11 in maize","Genome binding/occupancy profiling by high throughput sequencing","Zea mays",4,,"BED;TXT;SRA Run Selector","ftp://ftp.ncbi.nlm.nih.gov/geo/series/GSE102nnn/GSE102051/suppl;https://www.ncbi.nlm.nih.gov/Traces/study/?acc=PRJNA396496",29436476,SRP114379,"Liming Xu","Apr 09, 2018"
GSE102888,"Transcriptomic profile of the retinal ganglion cell type J-RGC","Expression profiling by high throughput sequencing","Mus musculus",2,,"TXT;SRA Run Selector","ftp://ftp.ncbi.nlm.nih.gov/geo/series/GSE102nnn/GSE102888/suppl;https://www.ncbi.nlm.nih.gov/Traces/study/?acc=PRJNA399168",,SRP115914,"Jinyue Liu","Apr 09, 2018"
GSE103326,"MINIYO and QUATRE-QUART 2 Are Required for the Assembly of RNA Polymerase V in Arabidopsis","Methylation profiling by high throughput sequencing;Non-coding RNA profiling by high throughput sequencing","Arabidopsis thaliana",12,,"TXT;SRA Run Selector","ftp://ftp.ncbi.nlm.nih.gov/geo/series/GSE103nnn/GSE103326/suppl;https://www.ncbi.nlm.nih.gov/Traces/study/?acc=PRJNA401704",29352065,SRP131323,"Yijun Qi","Apr 09, 2018"
GSE103990,"Tumor evolution and drug response in patient-derived organoid models of bladder cancer","Expression profiling by high throughput sequencing","Homo sapiens",42,,"TXT;SRA Run Selector","ftp://ftp.ncbi.nlm.nih.gov/geo/series/GSE103nnn/GSE103990/suppl;https://www.ncbi.nlm.nih.gov/Traces/study/?acc=PRJNA407895",29625057,SRP118077,"Suk Hyung Lee","Apr 09, 2018"
GSE104061,"Changes in chromatin accessibility in mouse liver following TCPOBOP exposure","Genome binding/occupancy profiling by high throughput sequencing","Mus musculus",16,,"XLSX;SRA Run Selector","ftp://ftp.ncbi.nlm.nih.gov/geo/series/GSE104nnn/GSE104061/suppl;https://www.ncbi.nlm.nih.gov/Traces/study/?acc=PRJNA408131",29617930,SRP118323,"David J. Waxman","Apr 09, 2018"
GSE104382,"SLEAR predisposes to systemic lupus erythematosus by regulating apoptosis [RNA-Seq]","Expression profiling by high throughput sequencing","Homo sapiens",4,,"TXT;SRA Run Selector","ftp://ftp.ncbi.nlm.nih.gov/geo/series/GSE104nnn/GSE104382/suppl;https://www.ncbi.nlm.nih.gov/Traces/study/?acc=PRJNA412504",,SRP119065,"Xiaowei Chen","Apr 09, 2018"
GSE104479,"SLEAR predisposes to systemic lupus erythematosus by regulating apoptosis [ChIRP-Seq]","Genome binding/occupancy profiling by high throughput sequencing","Homo sapiens",12,,"TXT;SRA Run Selector","ftp://ftp.ncbi.nlm.nih.gov/geo/series/GSE104nnn/GSE104479/suppl;https://www.ncbi.nlm.nih.gov/Traces/study/?acc=PRJNA412810",,SRP119242,"Xiaowei Chen","Apr 09, 2018"
GSE104480,"SLEAR predisposes to systemic lupus erythematosus by regulating apoptosis","Expression profiling by high throughput sequencing;Genome binding/occupancy profiling by high throughput sequencing","Homo sapiens",16,,"TXT","ftp://ftp.ncbi.nlm.nih.gov/geo/series/GSE104nnn/GSE104480/suppl",,,"Xiaowei Chen","Apr 09, 2018"
GSE104530,"Endothelial Transcriptome Remodeling in a Mouse Model of Chronic Hypertension","Expression profiling by high throughput sequencing","Mus musculus",9,,"CSV;SRA Run Selector","ftp://ftp.ncbi.nlm.nih.gov/geo/series/GSE104nnn/GSE104530/suppl;https://www.ncbi.nlm.nih.gov/Traces/study/?acc=PRJNA412977",29212850,SRP119303,"Jessica Minnier","Apr 09, 2018"
GSE104604,"Next Generation Sequencing upon siRNA-mediated knockdown of EIF5A in MCF-7 cells.","Expression profiling by high throughput sequencing","Homo sapiens",6,,"BW;XLS;XLSX;SRA Run Selector","ftp://ftp.ncbi.nlm.nih.gov/geo/series/GSE104nnn/GSE104604/suppl;https://www.ncbi.nlm.nih.gov/Traces/study/?acc=PRJNA413359",29712776,SRP119454,"Imke Tiessen","Apr 09, 2018"
GSE104750,"DNA accessibility in reactive and non-reactive CMV specific CD8+ lymphocytes","Genome binding/occupancy profiling by high throughput sequencing","Homo sapiens",4,,"BED;BEDGRAPH;SRA Run Selector","ftp://ftp.ncbi.nlm.nih.gov/geo/series/GSE104nnn/GSE104750/suppl;https://www.ncbi.nlm.nih.gov/Traces/study/?acc=PRJNA413763",29563122,SRP119653,"Kristine Hardy","Apr 09, 2018"
GSE105262,"Comprehensive Analysis of RDR1/2/6-independent Small RNAs in Arabidopsis thaliana","Expression profiling by high throughput sequencing","Arabidopsis thaliana",6,,"TXT;SRA Run Selector","ftp://ftp.ncbi.nlm.nih.gov/geo/series/GSE105nnn/GSE105262/suppl;https://www.ncbi.nlm.nih.gov/Traces/study/?acc=PRJNA415084",,SRP120564,"Michael J Axtell","Apr 09, 2018"
GSE106162,"FAIRE-seq in PBMCs","Genome binding/occupancy profiling by high throughput sequencing","Homo sapiens",9,,"TDF;SRA Run Selector","ftp://ftp.ncbi.nlm.nih.gov/geo/series/GSE106nnn/GSE106162/suppl;https://www.ncbi.nlm.nih.gov/Traces/study/?acc=PRJNA415799",29317287,SRP121467,"Carsten Carlberg","Apr 09, 2018"
GSE106751,"Genome wide map of High-salt Recovered Sequences (HRS) in mouse embryonic stem cells (ESC)","Other;Genome binding/occupancy profiling by high throughput sequencing","Mus musculus",9,,"BEDGRAPH;BIGWIG;FA;TXT;SRA Run Selector","ftp://ftp.ncbi.nlm.nih.gov/geo/series/GSE106nnn/GSE106751/suppl;https://www.ncbi.nlm.nih.gov/Traces/study/?acc=PRJNA417830",30287550,SRP124734,"Thierry Forné","Apr 09, 2018"
GSE107170,"Molecular Signature of Hepatitis D Virus-Associated  Hepatocellular Carcinoma","Expression profiling by array","Homo sapiens",307,,"CEL;TXT","ftp://ftp.ncbi.nlm.nih.gov/geo/series/GSE107nnn/GSE107170/suppl",29858376,,"Giacomo Diaz","Apr 09, 2018"
GSE107485,"HC2091 kills Mycobacterium tuberculosis by targeting the MmpL3 mycolic acid transporter","Expression profiling by high throughput sequencing","Mycobacterium tuberculosis",6,,"XLSX;SRA Run Selector","ftp://ftp.ncbi.nlm.nih.gov/geo/series/GSE107nnn/GSE107485/suppl;https://www.ncbi.nlm.nih.gov/Traces/study/?acc=PRJNA420343",29661875,SRP125816,"Robert B. Abramovitch","Apr 09, 2018"
GSE107539,"small RNA-seq analysis of mouse sperm exposed to protein restriction during different critical time windows","Non-coding RNA profiling by high throughput sequencing","Mus musculus",38,,"TXT;SRA Run Selector","ftp://ftp.ncbi.nlm.nih.gov/geo/series/GSE107nnn/GSE107539/suppl;https://www.ncbi.nlm.nih.gov/Traces/study/?acc=PRJNA420739",29720174,SRP125940,"Amy Frances Danson","Apr 09, 2018"
GSE107540,"BisPCRSeq analysis of ribosomal DNA in mouse sperm exposed to protein restriction during different critical time windows","Methylation profiling by high throughput sequencing","Mus musculus",64,,"TXT;SRA Run Selector","ftp://ftp.ncbi.nlm.nih.gov/geo/series/GSE107nnn/GSE107540/suppl;https://www.ncbi.nlm.nih.gov/Traces/study/?acc=PRJNA420738",29720174,SRP125942,"Amy Frances Danson","Apr 09, 2018"
GSE107541,"Early life diet conditions the molecular response to post-weaning protein restriction in the mouse","Non-coding RNA profiling by high throughput sequencing;Methylation profiling by high throughput sequencing","Mus musculus",102,,"TXT","ftp://ftp.ncbi.nlm.nih.gov/geo/series/GSE107nnn/GSE107541/suppl",29720174,,"Amy Frances Danson","Apr 09, 2018"
GSE108122,"Genome-wide gene expression disturbance by single a  A1/C1 chromosome substitution line  in  Brassica rapa restituted from natural B. napus","Expression profiling by high throughput sequencing","Brassica rapa",9,,"TXT;SRA Run Selector","ftp://ftp.ncbi.nlm.nih.gov/geo/series/GSE108nnn/GSE108122/suppl;https://www.ncbi.nlm.nih.gov/Traces/study/?acc=PRJNA422522",29616075,SRP126824,"Bin Zhu","Apr 09, 2018"
GSE108537,"Far upstream element-binding protein 1 regulates LSD1 alternative splicing to promote terminal differentiation of neural progenitors","Expression profiling by high throughput sequencing","Mus musculus",8,,"TXT;SRA Run Selector","ftp://ftp.ncbi.nlm.nih.gov/geo/series/GSE108nnn/GSE108537/suppl;https://www.ncbi.nlm.nih.gov/Traces/study/?acc=PRJNA427580",29606613,SRP127573,"Jihye Paik","Apr 09, 2018"
GSE108789,"Transcriptomic profile of the retinal ganglion cell type J-RGC in Tbr1 KO and control mice","Expression profiling by high throughput sequencing","Mus musculus",11,,"TXT;SRA Run Selector","ftp://ftp.ncbi.nlm.nih.gov/geo/series/GSE108nnn/GSE108789/suppl;https://www.ncbi.nlm.nih.gov/Traces/study/?acc=PRJNA428533",,SRP128068,"Jinyue Liu","Apr 09, 2018"
GSE109083,"Transcriptomic analysis of microglia from 7 week Npc1 disease mouse model treated or not with 4000mg.kg-1 HPBCD","Expression profiling by high throughput sequencing","Mus musculus",22,,"XLSX;SRA Run Selector","ftp://ftp.ncbi.nlm.nih.gov/geo/series/GSE109nnn/GSE109083/suppl;https://www.ncbi.nlm.nih.gov/Traces/study/?acc=PRJNA429622",29617956,SRP128899,"antony cyril cougnoux","Apr 09, 2018"
GSE110535,"Active BRAF-V600E is the key player in generation of a sessile serrated polyp-specific DNA methylation profile (Exome-seq data set)","Other","Homo sapiens",12,,"VCF;SRA Run Selector","ftp://ftp.ncbi.nlm.nih.gov/geo/series/GSE110nnn/GSE110535/suppl;https://www.ncbi.nlm.nih.gov/Traces/study/?acc=PRJNA433956",29590112,SRP132790,"David A Jones","Apr 09, 2018"
GSE110536,"Active BRAF-V600E is the key player in generation of a sessile serrated polyp-specific DNA methylation profile (RNA-seq data set)","Expression profiling by high throughput sequencing","Homo sapiens",13,,"TXT;XLSX;SRA Run Selector","ftp://ftp.ncbi.nlm.nih.gov/geo/series/GSE110nnn/GSE110536/suppl;https://www.ncbi.nlm.nih.gov/Traces/study/?acc=PRJNA433955",29590112,SRP132792,"David A Jones","Apr 09, 2018"
GSE110537,"Active BRAF-V600E is the key player in generation of a sessile serrated polyp-specific DNA methylation profile (WGBS data set)","Methylation profiling by high throughput sequencing","Homo sapiens",3,,"XLSX;SRA Run Selector","ftp://ftp.ncbi.nlm.nih.gov/geo/series/GSE110nnn/GSE110537/suppl;https://www.ncbi.nlm.nih.gov/Traces/study/?acc=PRJNA433957",29590112,SRP132785,"David A Jones","Apr 09, 2018"
GSE110538,"Active BRAF-V600E is the key player in generation of a sessile serrated polyp-specific DNA methylation profile","Other;Expression profiling by high throughput sequencing;Methylation profiling by high throughput sequencing","Homo sapiens",28,,"VCF","ftp://ftp.ncbi.nlm.nih.gov/geo/series/GSE110nnn/GSE110538/suppl",29590112,,"David A Jones","Apr 09, 2018"
GSE111085,"Distinct Transcriptomic and Exomic Abnormalities within Myelodysplastic Syndrome Marrow Cells","Expression profiling by high throughput sequencing","Homo sapiens",67,,"TXT;SRA Run Selector","ftp://ftp.ncbi.nlm.nih.gov/geo/series/GSE111nnn/GSE111085/suppl;https://www.ncbi.nlm.nih.gov/Traces/study/?acc=PRJNA435879",29616851,SRP133442,"Varsha Rao","Apr 09, 2018"
GSE111831,"The transcriptomic profile of stem-cell derived neurons in 3D culture conditions and stem-cell derived astrocytic cells","Expression profiling by high throughput sequencing","Homo sapiens;Mus musculus",159,,"TXT;SRA Run Selector","ftp://ftp.ncbi.nlm.nih.gov/geo/series/GSE111nnn/GSE111831/suppl;https://www.ncbi.nlm.nih.gov/Traces/study/?acc=PRJNA438297",,SRP135684,"Halil Tekin","Apr 09, 2018"
GSE111843,"The large non-coding RNA ANRIL, which is associated with atherosclerosis, periodontitis and several forms of cancer, regulates ADIPOR1, VAMP3 and C11ORF10 (lncRNA ANRIL exon 13)","Expression profiling by array","Homo sapiens",15,,"CEL","ftp://ftp.ncbi.nlm.nih.gov/geo/series/GSE111nnn/GSE111843/suppl",23813974,,"Robert Haesler","Apr 09, 2018"
GSE111909,"Acquired paternal inheritance fatty liver transcriptomes induced by high-fat diet","Expression profiling by high throughput sequencing","Gallus gallus",6,,"TXT;SRA Run Selector","ftp://ftp.ncbi.nlm.nih.gov/geo/series/GSE111nnn/GSE111909/suppl;https://www.ncbi.nlm.nih.gov/Traces/study/?acc=PRJNA438519",29642504,SRP135813,"yonghong zhang","Apr 09, 2018"
GSE111989,"Generation of splice switching oligonucleotides targeting the Cockayne syndrome group B gene product in order to change the diseased cell state","Expression profiling by array","Homo sapiens",16,,"TXT","ftp://ftp.ncbi.nlm.nih.gov/geo/series/GSE111nnn/GSE111989/suppl",,,"Yooksil SIN","Apr 09, 2018"
GSE112778,"Transcriptome analysis of WT and CD2AP KO TFH cells in LCMV-c13 infection","Expression profiling by high throughput sequencing","Mus musculus",4,,"TXT;SRA Run Selector","ftp://ftp.ncbi.nlm.nih.gov/geo/series/GSE112nnn/GSE112778/suppl;https://www.ncbi.nlm.nih.gov/Traces/study/?acc=PRJNA448938",29734372,SRP137767,"Takeshi Egawa","Apr 09, 2018"
GSE67660,"Gene Amplification Associated Overexpression of the RNA Editing Enzyme ADAR1 Enhances Human Lung Tumorigenesis","SNP genotyping by SNP array","Homo sapiens",5,,"IDAT;TXT","ftp://ftp.ncbi.nlm.nih.gov/geo/series/GSE67nnn/GSE67660/suppl",27345394,,"Sebastian Moran","Apr 08, 2018"
GSE95128,"Cse4 ChIP seq of Cryptococcus amylolentus to identify centromeres","Genome binding/occupancy profiling by high throughput sequencing","Cryptococcus amylolentus",2,,"BED;SRA Run Selector","ftp://ftp.ncbi.nlm.nih.gov/geo/series/GSE95nnn/GSE95128/suppl;https://www.ncbi.nlm.nih.gov/Traces/study/?acc=PRJNA376407",,SRP100531,"Robert Blake Billmyre","Apr 08, 2018"
GSE102353,"NANOG is required for the long-term establishment of avian somatic reprogrammed cells [chicken]","Expression profiling by high throughput sequencing","Gallus gallus",9,,"XLSX;SRA Run Selector","ftp://ftp.ncbi.nlm.nih.gov/geo/series/GSE102nnn/GSE102353/suppl;https://www.ncbi.nlm.nih.gov/Traces/study/?acc=PRJNA397544",30318291,SRP115012,"Bertrand Pierre-Yves PAIN","Apr 08, 2018"
GSE109969,"NANOG is required for the long-term establishment of avian somatic reprogrammed cells [duck]","Expression profiling by high throughput sequencing","Anas platyrhynchos",6,,"XLSX","ftp://ftp.ncbi.nlm.nih.gov/geo/series/GSE109nnn/GSE109969/suppl",30318291,,"Bertrand Pierre-Yves PAIN","Apr 08, 2018"
GSE109970,"NANOG is required for the long-term establishment of avian somatic reprogrammed cells","Expression profiling by high throughput sequencing","Anas platyrhynchos;Gallus gallus",15,,,,30318291,,"Bertrand Pierre-Yves PAIN","Apr 08, 2018"
GSE84819,"Peripherally derived macrophages can engraft the brain independent of irradiation and maintain an identity distinct from microglia","Expression profiling by high throughput sequencing","Mus musculus",5,,"TSV;SRA Run Selector","ftp://ftp.ncbi.nlm.nih.gov/geo/series/GSE84nnn/GSE84819/suppl;https://www.ncbi.nlm.nih.gov/Traces/study/?acc=PRJNA331187",,SRP079704,"Christopher Overall","Apr 07, 2018"
GSE106685,"Ex-vivo screening platform to identify tumor-specific therapies","Expression profiling by array","Homo sapiens",8,,"CEL","ftp://ftp.ncbi.nlm.nih.gov/geo/series/GSE106nnn/GSE106685/suppl",29768500,,"Geoffrey Arthur Bartholomeusz","Apr 07, 2018"
GSE108569,"Peripherally derived macrophages can engraft the brain independent of irradiation and maintain an identity distinct from microglia [GFP]","Expression profiling by high throughput sequencing","Mus musculus",6,,"TSV;SRA Run Selector","ftp://ftp.ncbi.nlm.nih.gov/geo/series/GSE108nnn/GSE108569/suppl;https://www.ncbi.nlm.nih.gov/Traces/study/?acc=PRJNA427707",,SRP127623,"Christopher Overall","Apr 07, 2018"
GSE108575,"Peripherally derived macrophages can engraft the brain independent of irradiation and maintain an identity distinct from microglia [LPS]","Expression profiling by high throughput sequencing","Mus musculus",12,,"TSV;SRA Run Selector","ftp://ftp.ncbi.nlm.nih.gov/geo/series/GSE108nnn/GSE108575/suppl;https://www.ncbi.nlm.nih.gov/Traces/study/?acc=PRJNA427712",,SRP127628,"Christopher Overall","Apr 07, 2018"
GSE112798,"Machine learning predicts individual cancer patient responses to therapeutic drugs with high accuracy","Expression profiling by array","Homo sapiens",31,,"CEL;CHP","ftp://ftp.ncbi.nlm.nih.gov/geo/series/GSE112nnn/GSE112798/suppl",30401894,,"Cai Huang","Apr 07, 2018"
GSE112804,"microRNa expression profiling in adrenal myelolipoma, adrenocortical carcinoma and adrenocortical adenoma","Non-coding RNA profiling by high throughput sequencing","Homo sapiens",30,,"TXT;XLSX;SRA Run Selector","ftp://ftp.ncbi.nlm.nih.gov/geo/series/GSE112nnn/GSE112804/suppl;https://www.ncbi.nlm.nih.gov/Traces/study/?acc=PRJNA449060",29982598,SRP137815,"Abel Decmann","Apr 07, 2018"
GSE112806,"Coactivator condensation at super-enhancers links phase separation and gene control (ChIP-Seq)","Genome binding/occupancy profiling by high throughput sequencing","Mus musculus",8,,"WIG;SRA Run Selector","ftp://ftp.ncbi.nlm.nih.gov/geo/series/GSE112nnn/GSE112806/suppl;https://www.ncbi.nlm.nih.gov/Traces/study/?acc=PRJNA449065",29930091,SRP137821,"Richard A Young","Apr 07, 2018"
GSE112807,"Coactivator condensation at super-enhancers links phase separation and gene control (RNA-Seq)","Expression profiling by high throughput sequencing","Mus musculus",2,,"TXT;SRA Run Selector","ftp://ftp.ncbi.nlm.nih.gov/geo/series/GSE112nnn/GSE112807/suppl;https://www.ncbi.nlm.nih.gov/Traces/study/?acc=PRJNA449067",29930091,SRP137822,"Richard A Young","Apr 07, 2018"
GSE112808,"Coactivator condensation at super-enhancers links phase separation and gene control","Expression profiling by high throughput sequencing;Genome binding/occupancy profiling by high throughput sequencing","Mus musculus",10,,"TXT;WIG","ftp://ftp.ncbi.nlm.nih.gov/geo/series/GSE112nnn/GSE112808/suppl",29930091,,"Richard A Young","Apr 07, 2018"
GSE112809,"Treatment of rheumatoid arthritis patients with chaperonin 10","Expression profiling by array","Homo sapiens",8,,"CEL","ftp://ftp.ncbi.nlm.nih.gov/geo/series/GSE112nnn/GSE112809/suppl",,,"Andreas Suhrbier","Apr 07, 2018"
GSE112810,"Transcriptomic profile of TRIM8-driven neural stem cells","Expression profiling by high throughput sequencing","Mus musculus",4,,"TXT;SRA Run Selector","ftp://ftp.ncbi.nlm.nih.gov/geo/series/GSE112nnn/GSE112810/suppl;https://www.ncbi.nlm.nih.gov/Traces/study/?acc=PRJNA449068",30528352,SRP137825,"Tommaso Mazza","Apr 07, 2018"
GSE112812,"Genetic and epigenetic changes in clonal descendants of irradiated human fibroblasts [strain 1]","Methylation profiling by array","Homo sapiens",48,,"IDAT;TXT","ftp://ftp.ncbi.nlm.nih.gov/geo/series/GSE112nnn/GSE112812/suppl",29964050,,"Anna Maierhofer","Apr 07, 2018"
GSE112819,"Identification of direct transcriptional target genes of ExoS/ChvI two-component signaling in Sinorhizobium meliloti","Expression profiling by array","Medicago truncatula;Sinorhizobium meliloti",9,,"CEL","ftp://ftp.ncbi.nlm.nih.gov/geo/series/GSE112nnn/GSE112819/suppl",19749054,,"Melanie J Barnett","Apr 07, 2018"
GSE112821,"Mutational and Transcriptional Landscape of Spontaneous Gene Duplications and Deletions in Caenorhabditis elegans","Genome variation profiling by genome tiling array","Caenorhabditis elegans",64,,"PAIR;TXT","ftp://ftp.ncbi.nlm.nih.gov/geo/series/GSE112nnn/GSE112821/suppl",29941601,,"Vaishali Katju","Apr 07, 2018"
GSE69451,"An Evolutionarily-Conserved Long Noncoding RNA Myolinc Regulates muscle differentiation [array_knockdown]","Expression profiling by array","Mus musculus",20,,"CEL;XLSX","ftp://ftp.ncbi.nlm.nih.gov/geo/series/GSE69nnn/GSE69451/suppl",29618024,,"Shizuka Uchida","Apr 06, 2018"
GSE69455,"An Evolutionarily-Conserved Long Noncoding RNA Myolinc Regulates muscle differentiation [array_overexpression]","Expression profiling by array","Mus musculus",4,,"CEL;XLSX","ftp://ftp.ncbi.nlm.nih.gov/geo/series/GSE69nnn/GSE69455/suppl",29618024,,"Shizuka Uchida","Apr 06, 2018"
GSE69527,"An Evolutionarily-Conserved Long Noncoding RNA Myolinc Regulates muscle differentiation [ChIP-seq]","Genome binding/occupancy profiling by high throughput sequencing","Mus musculus",14,,"TXT;SRA Run Selector","ftp://ftp.ncbi.nlm.nih.gov/geo/series/GSE69nnn/GSE69527/suppl;https://www.ncbi.nlm.nih.gov/Traces/study/?acc=PRJNA285801",29618024,SRP059038,"Shizuka Uchida","Apr 06, 2018"
GSE69530,"A novel long non-coding RNA Myolinc regulates myogenesis through TDP-43 and Filip1","Expression profiling by array;Genome binding/occupancy profiling by high throughput sequencing;Non-coding RNA profiling by array","Mus musculus",42,,"CEL;TXT","ftp://ftp.ncbi.nlm.nih.gov/geo/series/GSE69nnn/GSE69530/suppl",29618024,,"Shizuka Uchida","Apr 06, 2018"
GSE76248,"MiCEE: a ncRNA-protein complex mediates epigenetic silencing and nucleolus organization ","Expression profiling by high throughput sequencing;Other;Non-coding RNA profiling by high throughput sequencing","Mus musculus",12,,"BED;BEDGRAPH;TXT;SRA Run Selector","ftp://ftp.ncbi.nlm.nih.gov/geo/series/GSE76nnn/GSE76248/suppl;https://www.ncbi.nlm.nih.gov/Traces/study/?acc=PRJNA306722",29867223,SRP067683,"Anonimus Anonimus","Apr 06, 2018"
GSE79280,"Parental allele specific single-cell transcriptome dynamics reveal incomplete epigenetic reprogramming in human female germ cells","Expression profiling by high throughput sequencing","Homo sapiens",108,,"TSV;SRA Run Selector","ftp://ftp.ncbi.nlm.nih.gov/geo/series/GSE79nnn/GSE79280/suppl;https://www.ncbi.nlm.nih.gov/Traces/study/?acc=PRJNA315404",29760424,SRP071854,"Abel Vertesy","Apr 06, 2018"
GSE81745,"Profiling of Pol II occupancy in quiescent neural stem cells in Drosophila melanogaster","Genome binding/occupancy profiling by genome tiling array","Drosophila melanogaster",2,,"GFF;PAIR","ftp://ftp.ncbi.nlm.nih.gov/geo/series/GSE81nnn/GSE81745/suppl",29622651,,"Andrea H Brand","Apr 06, 2018"
GSE94396,"Time-course RNA-sequencing of human induced regulatory T cell (iTreg) differentiation","Expression profiling by high throughput sequencing","Homo sapiens",81,,"TXT;SRA Run Selector","ftp://ftp.ncbi.nlm.nih.gov/geo/series/GSE94nnn/GSE94396/suppl;https://www.ncbi.nlm.nih.gov/Traces/study/?acc=PRJNA369563",29730990,SRP098715,"Francesco Marabita","Apr 06, 2018"
GSE96538,"Time-resolved transcriptome and proteome landscape of human regulatory T cell (Treg) differentiation reveals novel regulators of FOXP3","Expression profiling by high throughput sequencing","Homo sapiens",63,,"TXT;SRA Run Selector","ftp://ftp.ncbi.nlm.nih.gov/geo/series/GSE96nnn/GSE96538/suppl;https://www.ncbi.nlm.nih.gov/Traces/study/?acc=PRJNA378953",29730990,SRP101784,"Sini Rautio","Apr 06, 2018"
GSE100903,"Identification of  target genes of Arabidopsis NIGT1 subfamily members  (AtNIGT1s)","Expression profiling by array","Arabidopsis thaliana",30,,"CEL;CHP;XLSX","ftp://ftp.ncbi.nlm.nih.gov/geo/series/GSE100nnn/GSE100903/suppl",29636481;29622567,,"Takatoshi Kiba","Apr 06, 2018"
GSE101824,"Intron retention induced by microsatellite expansions as a disease biomarker.","Expression profiling by high throughput sequencing;Other","Homo sapiens",18,,"XLSX;SRA Run Selector","ftp://ftp.ncbi.nlm.nih.gov/geo/series/GSE101nnn/GSE101824/suppl;https://www.ncbi.nlm.nih.gov/Traces/study/?acc=PRJNA395589",29610297,SRP113495,"James Douglas Thomas","Apr 06, 2018"
GSE102901,"The genetic landscape of a physical interaction","Other","synthetic construct",12,,"XLSX;SRA Run Selector","ftp://ftp.ncbi.nlm.nih.gov/geo/series/GSE102nnn/GSE102901/suppl;https://www.ncbi.nlm.nih.gov/Traces/study/?acc=PRJNA399185",29638215,SRP115920,"Guillaume Diss","Apr 06, 2018"
GSE103023,"Estrogen receptor ChIP-seq in response to mTOR inhibition","Genome binding/occupancy profiling by high throughput sequencing","Homo sapiens",24,,"NARROWPEAK;SRA Run Selector","ftp://ftp.ncbi.nlm.nih.gov/geo/series/GSE103nnn/GSE103023/suppl;https://www.ncbi.nlm.nih.gov/Traces/study/?acc=PRJNA399833",29483206,SRP116074,"Jason Carroll","Apr 06, 2018"
GSE105118,"Screening for lincRNAs in C2C12 cells [array_differentiation]","Non-coding RNA profiling by array","Mus musculus",4,,"CEL;XLSX","ftp://ftp.ncbi.nlm.nih.gov/geo/series/GSE105nnn/GSE105118/suppl",29618024,,"Shizuka Uchida","Apr 06, 2018"
GSE108021,"microRNAs involved in cardiac differentiation from human pluripotent stem cells","Non-coding RNA profiling by high throughput sequencing","Homo sapiens",9,,"TXT;SRA Run Selector","ftp://ftp.ncbi.nlm.nih.gov/geo/series/GSE108nnn/GSE108021/suppl;https://www.ncbi.nlm.nih.gov/Traces/study/?acc=PRJNA422248",29795287,SRP126655,"Santiago Miriuka","Apr 06, 2018"
GSE111863,"4C-seq of insulin promoter","Other","Homo sapiens",6,,"BED;SRA Run Selector","ftp://ftp.ncbi.nlm.nih.gov/geo/series/GSE111nnn/GSE111863/suppl;https://www.ncbi.nlm.nih.gov/Traces/study/?acc=PRJNA438439",29712868,SRP135755,"Gary Felsenfeld","Apr 06, 2018"
GSE111916,"Layer-specific molecular expression in neocortical astrocytes","Expression profiling by high throughput sequencing","Mus musculus",6,,"TXT;SRA Run Selector","ftp://ftp.ncbi.nlm.nih.gov/geo/series/GSE111nnn/GSE111916/suppl;https://www.ncbi.nlm.nih.gov/Traces/study/?acc=PRJNA438534",29691400,SRP135818,"Yukiko Gotoh","Apr 06, 2018"
GSE112344,"Genome-wide maps of chromatin state in EndoC-βH1 Cells ","Genome binding/occupancy profiling by high throughput sequencing","Homo sapiens",6,,"BED;SRA Run Selector","ftp://ftp.ncbi.nlm.nih.gov/geo/series/GSE112nnn/GSE112344/suppl;https://www.ncbi.nlm.nih.gov/Traces/study/?acc=PRJNA445713",29712868,SRP136485,"Gary Felsenfeld","Apr 06, 2018"
GSE112345,"Viral shRNA Knockdown of INS Promotor Activity in EndoC-βH1 Cells ","Expression profiling by high throughput sequencing","Homo sapiens",6,,"GTF;ZIP;SRA Run Selector","ftp://ftp.ncbi.nlm.nih.gov/geo/series/GSE112nnn/GSE112345/suppl;https://www.ncbi.nlm.nih.gov/Traces/study/?acc=PRJNA445712",29712868,SRP136484,"Gary Felsenfeld","Apr 06, 2018"
GSE112346,"4C-seq of insulin promoter, knockdown of INS promoter activity and Genome-wide maps of chromatin state in EndoC-βH1 Cells","Expression profiling by high throughput sequencing;Genome binding/occupancy profiling by high throughput sequencing;Other","Homo sapiens",18,,"BED","ftp://ftp.ncbi.nlm.nih.gov/geo/series/GSE112nnn/GSE112346/suppl",29712868,,"Gary Felsenfeld","Apr 06, 2018"
GSE112695,"RNA-seq analysis of Retinoic Acid and Non-treated Control hiPSCs","Expression profiling by high throughput sequencing","Homo sapiens",6,,"TXT;XLSX;SRA Run Selector","ftp://ftp.ncbi.nlm.nih.gov/geo/series/GSE112nnn/GSE112695/suppl;https://www.ncbi.nlm.nih.gov/Traces/study/?acc=PRJNA448875",,SRP137673,"Dawood Darbar","Apr 06, 2018"
GSE112737,"Piwi knockdown in Drosophila Intestinal Stem Cells","Expression profiling by high throughput sequencing","Drosophila melanogaster",4,,"XLSX;SRA Run Selector","ftp://ftp.ncbi.nlm.nih.gov/geo/series/GSE112nnn/GSE112737/suppl;https://www.ncbi.nlm.nih.gov/Traces/study/?acc=PRJNA448884",,SRP137690,"Pedro Sousa-Victor","Apr 06, 2018"
GSE112740,"RNA sequencing of brown adipose tissue of lean and obese mice","Expression profiling by high throughput sequencing","Mus musculus",6,,"TXT;SRA Run Selector","ftp://ftp.ncbi.nlm.nih.gov/geo/series/GSE112nnn/GSE112740/suppl;https://www.ncbi.nlm.nih.gov/Traces/study/?acc=PRJNA448887",29642370,SRP137694,"Haifei Shi","Apr 06, 2018"
GSE112741,"Gene expression in Listeria- or vaccine-elicited T cells","Expression profiling by array","Mus musculus",9,,"CEL;CHP","ftp://ftp.ncbi.nlm.nih.gov/geo/series/GSE112nnn/GSE112741/suppl",,,"Ross Kedl","Apr 06, 2018"
GSE112743,"MicroRNAs related with metastasis in cervical squamous cell carcinoma and their clinical significance","Non-coding RNA profiling by array","Homo sapiens",8,,"TXT","ftp://ftp.ncbi.nlm.nih.gov/geo/series/GSE112nnn/GSE112743/suppl",,,"Ah-Young Kwon","Apr 06, 2018"
GSE112758,"Gene expression of nucleolin or TRA2B4-silencing HCT116 cells","Expression profiling by array","Homo sapiens",3,,"TXT","ftp://ftp.ncbi.nlm.nih.gov/geo/series/GSE112nnn/GSE112758/suppl",,,"Yuki Kuwano","Apr 06, 2018"
GSE112779,"Streptococcus suis 05ZY: wt vs SSU05_0930 knockout strain","Expression profiling by array","Streptococcus suis",8,,"TXT","ftp://ftp.ncbi.nlm.nih.gov/geo/series/GSE112nnn/GSE112779/suppl",29973920,,"Zhongmin Xu","Apr 06, 2018"
GSE112780,"Multiwalled carbon nanotube-induced pulmonary inflammatory and fibrotic responses and genomic changes following aspiration exposure in mice: A 1-year postexposure study.","Expression profiling by array","Mus musculus",139,,"CEL","ftp://ftp.ncbi.nlm.nih.gov/geo/series/GSE112nnn/GSE112780/suppl",27092743,,"Nancy Lan Guo","Apr 06, 2018"
GSE112783,"Effect of KLK5 knockdown in PC9 lung cancer cells","Expression profiling by array","Homo sapiens",8,,"CEL;XLS","ftp://ftp.ncbi.nlm.nih.gov/geo/series/GSE112nnn/GSE112783/suppl",,,"Derek Charles Radisky","Apr 06, 2018"
GSE112784,"Effect of PRSS3 knockdown in PC9 lung cancer cells","Expression profiling by array","Homo sapiens",8,,"CEL;XLS","ftp://ftp.ncbi.nlm.nih.gov/geo/series/GSE112nnn/GSE112784/suppl",,,"Derek Charles Radisky","Apr 06, 2018"
GSE112785,"Effect of KLK5 knockdown and PRSS3 knockdown in PC9 lung cancer cells","Expression profiling by array","Homo sapiens",12,,"CEL","ftp://ftp.ncbi.nlm.nih.gov/geo/series/GSE112nnn/GSE112785/suppl",30755669,,"Derek Charles Radisky","Apr 06, 2018"
GSE67615,"DNA methylation in the placentas of typically developing and autistic children","Methylation profiling by high throughput sequencing","Homo sapiens",51,,"TAR;SRA Run Selector","ftp://ftp.ncbi.nlm.nih.gov/geo/series/GSE67nnn/GSE67615/suppl;https://www.ncbi.nlm.nih.gov/Traces/study/?acc=PRJNA280493",28018572,SRP056911,"Janine LaSalle","Apr 05, 2018"
GSE82168,"Innate immune memory in the brain shapes neurological disease hallmarks [ChIP-seq]","Genome binding/occupancy profiling by high throughput sequencing","Mus musculus",14,,"BEDGRAPH;SRA Run Selector","ftp://ftp.ncbi.nlm.nih.gov/geo/series/GSE82nnn/GSE82168/suppl;https://www.ncbi.nlm.nih.gov/Traces/study/?acc=PRJNA324251",29643512,SRP076026,"Jonas J Neher","Apr 05, 2018"
GSE82170,"Innate immune memory in the brain shapes neurological disease hallmarks","Expression profiling by high throughput sequencing;Genome binding/occupancy profiling by high throughput sequencing","Mus musculus",53,,"BEDGRAPH","ftp://ftp.ncbi.nlm.nih.gov/geo/series/GSE82nnn/GSE82170/suppl",29643512,,"Jonas J Neher","Apr 05, 2018"
GSE90036,"Abnormal interneuron development in a new humanized mouse model of Arx dup24 which recapitulates the patients’ behavioural and fine motor alterations","Expression profiling by high throughput sequencing","Mus musculus",6,,"XLSX;SRA Run Selector","ftp://ftp.ncbi.nlm.nih.gov/geo/series/GSE90nnn/GSE90036/suppl;https://www.ncbi.nlm.nih.gov/Traces/study/?acc=PRJNA354378",,SRP093745,"giovanni iacono","Apr 05, 2018"
GSE95630,"Tracing the temporal-spatial transcriptomic landscapes of the human fetal digestive tract by single cell RNA-seq analysis [fetal tissues]","Expression profiling by high throughput sequencing","Homo sapiens",445,,"TXT;XLSX;SRA Run Selector","ftp://ftp.ncbi.nlm.nih.gov/geo/series/GSE95nnn/GSE95630/suppl;https://www.ncbi.nlm.nih.gov/Traces/study/?acc=PRJNA377736",29802404,SRP101290,"Rui WANG","Apr 05, 2018"
GSE96555,"Coordinated control of mRNA and rRNA processing regulates early mammalian embryogenesis [RNA-Seq]","Expression profiling by high throughput sequencing","Mus musculus",8,,"TXT;SRA Run Selector","ftp://ftp.ncbi.nlm.nih.gov/geo/series/GSE96nnn/GSE96555/suppl;https://www.ncbi.nlm.nih.gov/Traces/study/?acc=PRJNA379001",,SRP101804,"Thomas Rainer Burkard","Apr 05, 2018"
GSE96593,"Coordinated control of mRNA and rRNA processing regulates early mammalian embryogenesis [ChIP-Seq_HTATSF1]","Genome binding/occupancy profiling by high throughput sequencing","Mus musculus",4,,"BED;SRA Run Selector","ftp://ftp.ncbi.nlm.nih.gov/geo/series/GSE96nnn/GSE96593/suppl;https://www.ncbi.nlm.nih.gov/Traces/study/?acc=PRJNA379121",,SRP101859,"Thomas Rainer Burkard","Apr 05, 2018"
GSE96594,"Coordinated control of mRNA and rRNA processing regulates early mammalian embryogenesis [ChIP-Seq_PolII]","Genome binding/occupancy profiling by high throughput sequencing","Mus musculus",12,,"TXT;SRA Run Selector","ftp://ftp.ncbi.nlm.nih.gov/geo/series/GSE96nnn/GSE96594/suppl;https://www.ncbi.nlm.nih.gov/Traces/study/?acc=PRJNA379122",,SRP101860,"Thomas Rainer Burkard","Apr 05, 2018"
GSE96595,"Coordinated control of mRNA and rRNA processing regulates early mammalian embryogenesis","Expression profiling by high throughput sequencing;Genome binding/occupancy profiling by high throughput sequencing","Mus musculus",24,,"BED;TXT","ftp://ftp.ncbi.nlm.nih.gov/geo/series/GSE96nnn/GSE96595/suppl",,,"Thomas Rainer Burkard","Apr 05, 2018"
GSE97171,"Biosynthesis of the antifungal compound fragin is controlled by a novel quorum sensing signal","Expression profiling by high throughput sequencing","Burkholderia cenocepacia H111",9,,"TXT;SRA Run Selector","ftp://ftp.ncbi.nlm.nih.gov/geo/series/GSE97nnn/GSE97171/suppl;https://www.ncbi.nlm.nih.gov/Traces/study/?acc=PRJNA380879",29602945,SRP102689,"Gabriella Pessi","Apr 05, 2018"
GSE97822,"H2A.Z acetylation fine-tunes gene expression dynamics by regulating H2A.Z degradation","Expression profiling by high throughput sequencing;Genome binding/occupancy profiling by high throughput sequencing","Saccharomyces cerevisiae",37,,"BED;BEDGRAPH;SRA Run Selector","ftp://ftp.ncbi.nlm.nih.gov/geo/series/GSE97nnn/GSE97822/suppl;https://www.ncbi.nlm.nih.gov/Traces/study/?acc=PRJNA382973",25765960,SRP103935,"Muxin Gu","Apr 05, 2018"
GSE98108,"Deep Sequencing of brain Transcriptome Reveals difference in immune response between domesticated pigs and wild boars","Expression profiling by high throughput sequencing","Sus scrofa",6,,"TXT;SRA Run Selector","ftp://ftp.ncbi.nlm.nih.gov/geo/series/GSE98nnn/GSE98108/suppl;https://www.ncbi.nlm.nih.gov/Traces/study/?acc=PRJNA384017",,SRP105069,"long ke ren","Apr 05, 2018"
GSE98163,"Influence of deficiency in mevalonate kinase (MVK) on wide gene expression in Saccharomyces cerevisiae","Expression profiling by array","Saccharomyces cerevisiae",4,,"TXT","ftp://ftp.ncbi.nlm.nih.gov/geo/series/GSE98nnn/GSE98163/suppl",,,"Marcos Antonio Morais","Apr 05, 2018"
GSE98345,"Induction of genes encoding lignocellulolytic enzymes in the basidiomycete Dichomitus squalens strain FBCC312","Expression profiling by high throughput sequencing","Dichomitus squalens",14,,"TXT;SRA Run Selector","ftp://ftp.ncbi.nlm.nih.gov/geo/series/GSE98nnn/GSE98345/suppl;https://www.ncbi.nlm.nih.gov/Traces/study/?acc=PRJNA384787",29572208,SRP105421,"Ronald de Vries","Apr 05, 2018"
GSE98513,"Suppression of asthmatic phenotype and altered lipid metabolism in mice lacking zona pellucida binding protein 2","Expression profiling by high throughput sequencing","Mus musculus",6,,"TSV;SRA Run Selector","ftp://ftp.ncbi.nlm.nih.gov/geo/series/GSE98nnn/GSE98513/suppl;https://www.ncbi.nlm.nih.gov/Traces/study/?acc=PRJNA385315",29536159,SRP106347,"Anna K. Naumova","Apr 05, 2018"
GSE99070,"Comprehensive immunoproteogenomic analyses of malignant pleural mesothelioma","Expression profiling by array","Homo sapiens",22,,"TXT","ftp://ftp.ncbi.nlm.nih.gov/geo/series/GSE99nnn/GSE99070/suppl",29618661,,"Hyun-Sung Lee","Apr 05, 2018"
GSE100679,"A New Family of Vertebrate Specific Polycomb Proteins Encoded by the LCOR and LCORL Gene Loci Reveal Antagonism Between PRC2 Subtypes","Expression profiling by high throughput sequencing","Mus musculus",30,,"BW;TXT;SRA Run Selector","ftp://ftp.ncbi.nlm.nih.gov/geo/series/GSE100nnn/GSE100679/suppl;https://www.ncbi.nlm.nih.gov/Traces/study/?acc=PRJNA392608",29628311,SRP110802,"Darren John Fitzpatrick","Apr 05, 2018"
GSE100708,"SLAM-seq defines direct gene-regulatory functions of the BRD4-MYC axis [SLAM-seq]","Expression profiling by high throughput sequencing","Homo sapiens",104,,"BED;TSV;SRA Run Selector","ftp://ftp.ncbi.nlm.nih.gov/geo/series/GSE100nnn/GSE100708/suppl;https://www.ncbi.nlm.nih.gov/Traces/study/?acc=PRJNA393189",29622725,SRP111133,"Matthias Muhar","Apr 05, 2018"
GSE103154,"Tracing the temporal-spatial transcriptomic landscapes of the human fetal digestive tract by single cell RNA-seq analysis [adult tissues]","Expression profiling by high throughput sequencing","Homo sapiens",20,,"TXT;XLSX;SRA Run Selector","ftp://ftp.ncbi.nlm.nih.gov/geo/series/GSE103nnn/GSE103154/suppl;https://www.ncbi.nlm.nih.gov/Traces/study/?acc=PRJNA400367",29802404,SRP116290,"Rui WANG","Apr 05, 2018"
GSE103239,"Tracing the temporal-spatial transcriptomic landscapes of the human fetal digestive tract by single cell RNA-seq analysis","Expression profiling by high throughput sequencing","Homo sapiens",465,,,,29802404,,"Rui WANG","Apr 05, 2018"
GSE104630,"Innate immune memory in the brain shapes neurological disease hallmarks [RNA-seq]","Expression profiling by high throughput sequencing","Mus musculus",39,,"XLSX;SRA Run Selector","ftp://ftp.ncbi.nlm.nih.gov/geo/series/GSE104nnn/GSE104630/suppl;https://www.ncbi.nlm.nih.gov/Traces/study/?acc=PRJNA413371",29643512,SRP119455,"Jonas J Neher","Apr 05, 2018"
GSE105023,"Induction of genes encoding lignocellulolytic enzymes in the basidiomycete monokaryotic Dichomitus squalens strain CBS 464.89","Expression profiling by high throughput sequencing","Dichomitus squalens",6,,"GFF3;TXT;SRA Run Selector","ftp://ftp.ncbi.nlm.nih.gov/geo/series/GSE105nnn/GSE105023/suppl;https://www.ncbi.nlm.nih.gov/Traces/study/?acc=PRJNA414608",29572208,SRP120155,"Ronald de Vries","Apr 05, 2018"
GSE105076,"Induction of genes encoding lignocellulolytic enzymes in the basidiomycete Dichomitus squalens","Expression profiling by high throughput sequencing","Dichomitus squalens",20,,"TXT","ftp://ftp.ncbi.nlm.nih.gov/geo/series/GSE105nnn/GSE105076/suppl",29572208,,"Ronald de Vries","Apr 05, 2018"
GSE106240,"NGS of virus derived small RNAs as a diagnostics method used to determine viromes of Hungarian vineyards","Non-coding RNA profiling by high throughput sequencing","Vitis vinifera",18,,"TXT;SRA Run Selector","ftp://ftp.ncbi.nlm.nih.gov/geo/series/GSE106nnn/GSE106240/suppl;https://www.ncbi.nlm.nih.gov/Traces/study/?acc=PRJNA415982",,SRP121703,"Várallyay Éva","Apr 05, 2018"
GSE107585,"Comprehensive single cell RNAseq analysis of the kidney reveals novel cell types and unexpected cell plasticity","Expression profiling by high throughput sequencing","Mus musculus",7,,"TXT;SRA Run Selector","ftp://ftp.ncbi.nlm.nih.gov/geo/series/GSE107nnn/GSE107585/suppl;https://www.ncbi.nlm.nih.gov/Traces/study/?acc=PRJNA420723",29622724,SRP125999,"Jihwan Park","Apr 05, 2018"
GSE108302,"A  New Family of Vertebrate Specific Polycomb Proteins Encoded by the LCOR and LCORL Gene Loci Reveal Antagonism Between PRC2 Subtypes","Genome binding/occupancy profiling by high throughput sequencing","Mus musculus",5,,"BW;SRA Run Selector","ftp://ftp.ncbi.nlm.nih.gov/geo/series/GSE108nnn/GSE108302/suppl;https://www.ncbi.nlm.nih.gov/Traces/study/?acc=PRJNA423061",29628311,SRP127174,"Darren John Fitzpatrick","Apr 05, 2018"
GSE108758,"Activation of the stringent response by loading of tRNA-RelA complexes at the ribosomal A-site","Expression profiling by high throughput sequencing","Escherichia coli",16,,"GTF;SRA Run Selector","ftp://ftp.ncbi.nlm.nih.gov/geo/series/GSE108nnn/GSE108758/suppl;https://www.ncbi.nlm.nih.gov/Traces/study/?acc=PRJNA428506",29625042,SRP128048,"Kenn Gerdes","Apr 05, 2018"
GSE108907,"RNA sequencing to study transcriptomic changes in DLD-1 (colorectal adenocarcinoma) cells exposed to soft polyacrylamide matrices (~2 kPa and ~55 kPa) for short time scale of 90 minutes","Expression profiling by high throughput sequencing","Homo sapiens",6,,"FA;XLSX;SRA Run Selector","ftp://ftp.ncbi.nlm.nih.gov/geo/series/GSE108nnn/GSE108907/suppl;https://www.ncbi.nlm.nih.gov/Traces/study/?acc=PRJNA429111",29684168,SRP128490,"Kundan Sengupta","Apr 05, 2018"
GSE109089,"A CLK3-HMGA2 alternative splicing axis impacts human hematopoietic stem cell molecular identity throughout development [HSC and PROG RNA-seq]","Expression profiling by high throughput sequencing","Homo sapiens",21,,"TXT;SRA Run Selector","ftp://ftp.ncbi.nlm.nih.gov/geo/series/GSE109nnn/GSE109089/suppl;https://www.ncbi.nlm.nih.gov/Traces/study/?acc=PRJNA429647",29625070,SRP128918,"Michael Guo","Apr 05, 2018"
GSE109090,"A CLK3-HMGA2 alternative splicing axis impacts human hematopoietic stem cell molecular identity throughout development [BM low-input mRNA-seq]","Expression profiling by high throughput sequencing","Homo sapiens",6,,"TXT;SRA Run Selector","ftp://ftp.ncbi.nlm.nih.gov/geo/series/GSE109nnn/GSE109090/suppl;https://www.ncbi.nlm.nih.gov/Traces/study/?acc=PRJNA429646",29625070,SRP128920,"Michael Guo","Apr 05, 2018"
GSE109091,"A CLK3-HMGA2 alternative splicing axis impacts human hematopoietic stem cell molecular identity throughout development [ChIP-seq]","Genome binding/occupancy profiling by high throughput sequencing","Homo sapiens",18,,"TXT;SRA Run Selector","ftp://ftp.ncbi.nlm.nih.gov/geo/series/GSE109nnn/GSE109091/suppl;https://www.ncbi.nlm.nih.gov/Traces/study/?acc=PRJNA429649",29625070,SRP128922,"Michael Guo","Apr 05, 2018"
GSE109092,"A CLK3-HMGA2 alternative splicing axis impacts human hematopoietic stem cell molecular identity throughout development [HSC and PROG miRNA profiling]","Non-coding RNA profiling by array","Homo sapiens",21,,"RCC","ftp://ftp.ncbi.nlm.nih.gov/geo/series/GSE109nnn/GSE109092/suppl",29625070,,"Michael Guo","Apr 05, 2018"
GSE109093,"A CLK3-HMGA2 alternative splicing axis impacts human hematopoietic stem cell molecular identity throughout development","Expression profiling by high throughput sequencing;Genome binding/occupancy profiling by high throughput sequencing;Non-coding RNA profiling by array","Homo sapiens",74,,"RCC;TXT","ftp://ftp.ncbi.nlm.nih.gov/geo/series/GSE109nnn/GSE109093/suppl",29625070,,"Michael Guo","Apr 05, 2018"
GSE110115,"Identifiation of lncRNA expression profiles and ceRNA analysis in the spinal cord of morphine tolerance rats","Expression profiling by array;Non-coding RNA profiling by array","Rattus norvegicus",10,,"TXT","ftp://ftp.ncbi.nlm.nih.gov/geo/series/GSE110nnn/GSE110115/suppl",29636075,,"Jiali Shao","Apr 05, 2018"
GSE110302,"Direct control of SPEECHLESS by PIF4 in the high temperature response of stomatal development","Expression profiling by high throughput sequencing","Arabidopsis thaliana",16,,"TXT;SRA Run Selector","ftp://ftp.ncbi.nlm.nih.gov/geo/series/GSE110nnn/GSE110302/suppl;https://www.ncbi.nlm.nih.gov/Traces/study/?acc=PRJNA433404",29628371,SRP132408,"Jessica Kay Chang","Apr 05, 2018"
GSE111005,"Acquired resistance to MEK-CDK4/6 inhibitor combinations in cutaneous melanoma","Expression profiling by high throughput sequencing","Homo sapiens",12,,"TXT;SRA Run Selector","ftp://ftp.ncbi.nlm.nih.gov/geo/series/GSE111nnn/GSE111005/suppl;https://www.ncbi.nlm.nih.gov/Traces/study/?acc=PRJNA435576",29496664,SRP133293,"Andrew E Aplin","Apr 05, 2018"
GSE111304,"Macrophage microRNA-150 promotes pathological angiogenesis as seen in age-related macular degeneration: part I","Non-coding RNA profiling by array","Mus musculus;synthetic construct",24,,"CEL;XLSX","ftp://ftp.ncbi.nlm.nih.gov/geo/series/GSE111nnn/GSE111304/suppl",29618664,,"Jonathan Lin","Apr 05, 2018"
GSE111322,"Macrophage microRNA-150 promotes pathological angiogenesis as seen in age-related macular degeneration: part II","Expression profiling by high throughput sequencing","Mus musculus",11,,"TXT;SRA Run Selector","ftp://ftp.ncbi.nlm.nih.gov/geo/series/GSE111nnn/GSE111322/suppl;https://www.ncbi.nlm.nih.gov/Traces/study/?acc=PRJNA436592",29618664,SRP133788,"Jonathan Lin","Apr 05, 2018"
GSE111323,"Macrophage microRNA-150 promotes pathological angiogenesis as seen in age-related macular degeneration","Non-coding RNA profiling by array;Expression profiling by high throughput sequencing","Mus musculus;synthetic construct",35,,"CEL","ftp://ftp.ncbi.nlm.nih.gov/geo/series/GSE111nnn/GSE111323/suppl",29618664,,"Jonathan Lin","Apr 05, 2018"
GSE111457,"SLAM-seq defines direct gene-regulatory functions of the BRD4-MYC axis [Quant-Seq]","Expression profiling by high throughput sequencing","Homo sapiens",19,,"TXT;SRA Run Selector","ftp://ftp.ncbi.nlm.nih.gov/geo/series/GSE111nnn/GSE111457/suppl;https://www.ncbi.nlm.nih.gov/Traces/study/?acc=PRJNA437106",,SRP134014,"Matthias Muhar","Apr 05, 2018"
GSE111460,"SLAM-seq defines direct gene-regulatory functions of the BRD4-MYC axis [ChIP-Seq]","Genome binding/occupancy profiling by high throughput sequencing","Homo sapiens",14,,"BW;SRA Run Selector","ftp://ftp.ncbi.nlm.nih.gov/geo/series/GSE111nnn/GSE111460/suppl;https://www.ncbi.nlm.nih.gov/Traces/study/?acc=PRJNA437112",,SRP134016,"Matthias Muhar","Apr 05, 2018"
GSE111463,"SLAM-seq defines direct gene-regulatory functions of the BRD4-MYC axis","Expression profiling by high throughput sequencing;Genome binding/occupancy profiling by high throughput sequencing","Homo sapiens",137,,"BW;TSV","ftp://ftp.ncbi.nlm.nih.gov/geo/series/GSE111nnn/GSE111463/suppl",29622725,,"Matthias Muhar","Apr 05, 2018"
GSE111601,"Correlated metabolomic, genomic, and histologic phenotypes in histologically normal breast tissue","Expression profiling by array","Homo sapiens",99,,"TXT","ftp://ftp.ncbi.nlm.nih.gov/geo/series/GSE111nnn/GSE111601/suppl",,,"Melissa Troester","Apr 05, 2018"
GSE112486,"A CLK3-HMGA2 alternative splicing axis impacts human hematopoietic stem cell molecular identity throughout development (HPC-5F RNAseq)","Expression profiling by high throughput sequencing","Homo sapiens",8,,"TXT;SRA Run Selector","ftp://ftp.ncbi.nlm.nih.gov/geo/series/GSE112nnn/GSE112486/suppl;https://www.ncbi.nlm.nih.gov/Traces/study/?acc=PRJNA447939",29625070,SRP136698,"Michael Guo","Apr 05, 2018"
GSE112659,"Gene expression profile in porcine buccal pouch mucosal cells during long-term in vitro culture","Expression profiling by array","Sus scrofa",6,,"CEL","ftp://ftp.ncbi.nlm.nih.gov/geo/series/GSE112nnn/GSE112659/suppl",,,"Bartosz Kempisty","Apr 05, 2018"
GSE112663,"Transcriptome analysis of a MECP2 conditional KO mouse model","Expression profiling by high throughput sequencing","Mus musculus",16,,"TXT;SRA Run Selector","ftp://ftp.ncbi.nlm.nih.gov/geo/series/GSE112nnn/GSE112663/suppl;https://www.ncbi.nlm.nih.gov/Traces/study/?acc=PRJNA448674",,SRP137053,"Irina VOINEAGU","Apr 05, 2018"
GSE112676,"Whole blood transcriptome analysis in amyotrophic lateral sclerosis: a biomarker study [HT12_V3]","Expression profiling by array","Homo sapiens",741,,"TXT","ftp://ftp.ncbi.nlm.nih.gov/geo/series/GSE112nnn/GSE112676/suppl",29939990,,"Jan Herman Veldink","Apr 05, 2018"
GSE112678,"Neuro-specific HuR-deficient mice spontaneously develop motor neuron disease","Expression profiling by array","Mus musculus",6,,"CEL","ftp://ftp.ncbi.nlm.nih.gov/geo/series/GSE112nnn/GSE112678/suppl",,,"Tomasz M Herjan","Apr 05, 2018"
GSE112680,"Whole blood transcriptome analysis in amyotrophic lateral sclerosis: a biomarker study [HT12_V4]","Expression profiling by array","Homo sapiens",376,,"TXT","ftp://ftp.ncbi.nlm.nih.gov/geo/series/GSE112nnn/GSE112680/suppl",29939990,,"Jan Herman Veldink","Apr 05, 2018"
GSE112681,"Whole blood transcriptome analysis in amyotrophic lateral sclerosis: a biomarker study","Expression profiling by array","Homo sapiens",1117,,,,29939990,,"Jan Herman Veldink","Apr 05, 2018"
GSE112693,"Genome-Wide Mapping and Interrogation of the Nmp4 Antianabolic Bone Axis ","Genome binding/occupancy profiling by high throughput sequencing","Mus musculus",5,,"BW;SRA Run Selector","ftp://ftp.ncbi.nlm.nih.gov/geo/series/GSE112nnn/GSE112693/suppl;https://www.ncbi.nlm.nih.gov/Traces/study/?acc=PRJNA448749",,SRP137141,"Joseph Bidwell","Apr 05, 2018"
GSE112694,"RNA-seq analysis of osteogenic differentiating mouse wild type (WT) and Zfp384 (Nmp4) knockout mesenchymal stem/progenitor cells (MSPCs)","Expression profiling by high throughput sequencing","Mus musculus",16,,"XLSX;SRA Run Selector","ftp://ftp.ncbi.nlm.nih.gov/geo/series/GSE112nnn/GSE112694/suppl;https://www.ncbi.nlm.nih.gov/Traces/study/?acc=PRJNA448750",,SRP137142,"Joseph Bidwell","Apr 05, 2018"
GSE112696,"Epigenome analysis of normal and T cells from patients with myasthenia gravis","Methylation profiling by array","Homo sapiens",12,,"IDAT;TXT","ftp://ftp.ncbi.nlm.nih.gov/geo/series/GSE112nnn/GSE112696/suppl",,,"jingjiao chen","Apr 05, 2018"
GSE112701,"Expression data in MEFs","Expression profiling by array","Mus musculus",9,,"CEL;XLSX","ftp://ftp.ncbi.nlm.nih.gov/geo/series/GSE112nnn/GSE112701/suppl",,,"Long He","Apr 05, 2018"
GSE112704,"Building a schizophrenia genetic network: Transcription Factor 4 regulates genes involved in neuronal development and schizophrenia risk","Genome binding/occupancy profiling by high throughput sequencing","Homo sapiens",5,,"TAGALIGN;TXT;SRA Run Selector","ftp://ftp.ncbi.nlm.nih.gov/geo/series/GSE112nnn/GSE112704/suppl;https://www.ncbi.nlm.nih.gov/Traces/study/?acc=PRJNA448758",29905862,SRP137149,"Joseph L McClay","Apr 05, 2018"
GSE112706,"Targeted RNA-Seq of Human Naïve CD4+ cells","Expression profiling by high throughput sequencing","Homo sapiens",16,,"TXT;SRA Run Selector","ftp://ftp.ncbi.nlm.nih.gov/geo/series/GSE112nnn/GSE112706/suppl;https://www.ncbi.nlm.nih.gov/Traces/study/?acc=PRJNA448423",,SRP136939,"Julie E Niemela","Apr 05, 2018"
GSE112707,"Targeted RNA-Seq of Human LPS-stimulated Monocytes","Expression profiling by high throughput sequencing","Homo sapiens",18,,"TXT;SRA Run Selector","ftp://ftp.ncbi.nlm.nih.gov/geo/series/GSE112nnn/GSE112707/suppl;https://www.ncbi.nlm.nih.gov/Traces/study/?acc=PRJNA448389",,SRP136927,"Julie E Niemela","Apr 05, 2018"
GSE112709,"Extensive profiling of Foxk1 binding in genomic DNA","Genome binding/occupancy profiling by high throughput sequencing","Mus musculus",8,,"NARROWPEAK;SRA Run Selector","ftp://ftp.ncbi.nlm.nih.gov/geo/series/GSE112nnn/GSE112709/suppl;https://www.ncbi.nlm.nih.gov/Traces/study/?acc=PRJNA448767",,SRP137179,"Long He","Apr 05, 2018"
GSE112710,"Expression data of RANKL-deficient CCR6+ ILC3","Expression profiling by array","Mus musculus",6,,"CEL;CHP","ftp://ftp.ncbi.nlm.nih.gov/geo/series/GSE112nnn/GSE112710/suppl",29858011,,"Jennifer Kaoru Bando","Apr 05, 2018"
GSE112711,"Host and genetic viral adaptations enable development of an immunocompetent mouse model of Zika virus infection","Expression profiling by high throughput sequencing","Mus musculus",5,,"MTX;TSV;SRA Run Selector","ftp://ftp.ncbi.nlm.nih.gov/geo/series/GSE112nnn/GSE112711/suppl;https://www.ncbi.nlm.nih.gov/Traces/study/?acc=PRJNA448768",29746837,SRP137180,"Maxim Artyomov","Apr 05, 2018"
GSE112712,"Developmental profiling of gene expression in embryos of the spider Parasteatoda tepidariorum","Expression profiling by high throughput sequencing","Parasteatoda tepidariorum",20,,"TXT;WIG;SRA Run Selector","ftp://ftp.ncbi.nlm.nih.gov/geo/series/GSE112nnn/GSE112712/suppl;https://www.ncbi.nlm.nih.gov/Traces/study/?acc=PRJNA448775",29900384,SRP137221,"Hiroki Oda","Apr 05, 2018"
GSE79107,"A novel hybrid two-component system Lvr mediates virulence and global regulation in pathogenic Leptospira","Expression profiling by high throughput sequencing","Leptospira interrogans serovar Manilae",6,,"TXT;SRA Run Selector","ftp://ftp.ncbi.nlm.nih.gov/geo/series/GSE79nnn/GSE79107/suppl;https://www.ncbi.nlm.nih.gov/Traces/study/?acc=PRJNA314958",29600195,SRP071655,"Sameet Mehta","Apr 04, 2018"
GSE79879,"Transcriptome analysis of NKG2CBright compared to NKG2CNeg from multigravida decidua samples","Expression profiling by high throughput sequencing","Homo sapiens",2,,"XLS;SRA Run Selector","ftp://ftp.ncbi.nlm.nih.gov/geo/series/GSE79nnn/GSE79879/suppl;https://www.ncbi.nlm.nih.gov/Traces/study/?acc=PRJNA317309",29768178,SRP072832,"Moriya Gamliel","Apr 04, 2018"
GSE86064,"Mandatory Role of HMGA1 in Human Airway Epithelial Normal Differentiation and Post-injury Regeneration","Expression profiling by high throughput sequencing","Homo sapiens",77,,"CSV;SRA Run Selector","ftp://ftp.ncbi.nlm.nih.gov/geo/series/GSE86nnn/GSE86064/suppl;https://www.ncbi.nlm.nih.gov/Traces/study/?acc=PRJNA340161",29581847,SRP082973,"Yael Strulovici-Barel","Apr 04, 2018"
GSE96722,"RbFox1-Nestin hippocampus","Expression profiling by high throughput sequencing","Mus musculus",6,,"XLS;SRA Run Selector","ftp://ftp.ncbi.nlm.nih.gov/geo/series/GSE96nnn/GSE96722/suppl;https://www.ncbi.nlm.nih.gov/Traces/study/?acc=PRJNA379460",,SRP102027,"Chia-ho Lin","Apr 04, 2018"
GSE98146,"Development of miRNA expression signatures for selective intrauterine growth restriction (sIUGR) in two fetus placenta tissues","Non-coding RNA profiling by array","Homo sapiens",6,,"TXT","ftp://ftp.ncbi.nlm.nih.gov/geo/series/GSE98nnn/GSE98146/suppl",28901463,,"Jun Lin","Apr 04, 2018"
GSE100449,"Dissociable structural and functional hippocampal outputs via distinct subiculum cell classes","Expression profiling by high throughput sequencing","Mus musculus",20,,"DIFF;FPKM_TRACKING;TXT;SRA Run Selector","ftp://ftp.ncbi.nlm.nih.gov/geo/series/GSE100nnn/GSE100449/suppl;https://www.ncbi.nlm.nih.gov/Traces/study/?acc=PRJNA391825",29681453,SRP110477,"Mark Steven Cembrowski","Apr 04, 2018"
GSE101635,"PTEN loss and expression of the TMPRSS2/ERG fusion gene transform prostatic epithelial cells via enhanced FGF signaling","Expression profiling by array","Homo sapiens",8,,"TXT","ftp://ftp.ncbi.nlm.nih.gov/geo/series/GSE101nnn/GSE101635/suppl",29581856,,"Chad Creighton","Apr 04, 2018"
GSE104626,"Gene expression profiling in Hepa1c1c7 transfected Mst1r or Slpi","Expression profiling by array","Mus musculus",3,,"TXT","ftp://ftp.ncbi.nlm.nih.gov/geo/series/GSE104nnn/GSE104626/suppl",29566670,,"Keiko Nohara","Apr 04, 2018"
GSE104627,"Gene expression profiling in liver normal and tumor tissues in C3H mice","Expression profiling by array","Mus musculus",6,,"TXT","ftp://ftp.ncbi.nlm.nih.gov/geo/series/GSE104nnn/GSE104627/suppl",29566670,,"Keiko Nohara","Apr 04, 2018"
GSE106121,"Simultaneous lineage tracing and cell type identification using CRISPR/Cas9 induced genetic scars","Expression profiling by high throughput sequencing;Other","Danio rerio",36,,"CSV;MTX;TSV;TXT;SRA Run Selector","ftp://ftp.ncbi.nlm.nih.gov/geo/series/GSE106nnn/GSE106121/suppl;https://www.ncbi.nlm.nih.gov/Traces/study/?acc=PRJNA415636",29644996,SRP121343,"Bastiaan Spanjaard","Apr 04, 2018"
GSE107076,"Global dynamics of stage-specific transcription factor binding during thymocyte development","Genome binding/occupancy profiling by high throughput sequencing","Mus musculus",16,,"BED;BW;SRA Run Selector","ftp://ftp.ncbi.nlm.nih.gov/geo/series/GSE107nnn/GSE107076/suppl;https://www.ncbi.nlm.nih.gov/Traces/study/?acc=PRJNA418973",29618724,SRP125229,"Tomonori Hosoya","Apr 04, 2018"
GSE107975,"Investigation of the gamma-tubulin binding site in the nuclear and mitochondrial DNA of cells in S-phase","Genome binding/occupancy profiling by high throughput sequencing","Homo sapiens",16,,"BEDGRAPH;NARROWPEAK;SRA Run Selector","ftp://ftp.ncbi.nlm.nih.gov/geo/series/GSE107nnn/GSE107975/suppl;https://www.ncbi.nlm.nih.gov/Traces/study/?acc=PRJNA422088",,SRP126556,"Maria Alvarado Kristensson","Apr 04, 2018"
GSE108772,"Deciphering the reading of the genetic code by near-cognate tRNA","Expression profiling by high throughput sequencing","Saccharomyces cerevisiae",2,,"TXT;SRA Run Selector","ftp://ftp.ncbi.nlm.nih.gov/geo/series/GSE108nnn/GSE108772/suppl;https://www.ncbi.nlm.nih.gov/Traces/study/?acc=PRJNA428523",29507244,SRP128059,"Pierre Bertin","Apr 04, 2018"
GSE109766,"High-resolution RNA 3’-ends mapping of bacterial rho-dependent transcripts","Expression profiling by high throughput sequencing;Other","Escherichia coli",3,,"TXT;SRA Run Selector","ftp://ftp.ncbi.nlm.nih.gov/geo/series/GSE109nnn/GSE109766/suppl;https://www.ncbi.nlm.nih.gov/Traces/study/?acc=PRJNA431994",,SRP131654,"Daniel Dar","Apr 04, 2018"
GSE111084,"A20 regulates canonical wnt-signaling through an interaction with RIPK4","Expression profiling by high throughput sequencing","Homo sapiens",8,,"TXT;SRA Run Selector","ftp://ftp.ncbi.nlm.nih.gov/geo/series/GSE111nnn/GSE111084/suppl;https://www.ncbi.nlm.nih.gov/Traces/study/?acc=PRJNA435878",29718933,SRP133440,"Ling Shao","Apr 04, 2018"
GSE111420,"The DNA methylation profile of liver tumors in C3H mice and identification of differentially methylated regions involved in the regulation of tumorigenic genes","Methylation profiling by high throughput sequencing","Mus musculus",6,,"XLSX;SRA Run Selector","ftp://ftp.ncbi.nlm.nih.gov/geo/series/GSE111nnn/GSE111420/suppl;https://www.ncbi.nlm.nih.gov/Traces/study/?acc=PRJNA436968",29566670,SRP133945,"Keiko Nohara","Apr 04, 2018"
GSE111781,"Tetra-Amelia with lung aplasia phenotype","Genome variation profiling by SNP array","Homo sapiens",1,,"IDAT;TXT","ftp://ftp.ncbi.nlm.nih.gov/geo/series/GSE111nnn/GSE111781/suppl",29769720,,"Esra Yucel","Apr 04, 2018"
GSE112613,"Long noncoding RNAs/mRNAs expression profiling for 10 human HCC samples","Non-coding RNA profiling by array","Homo sapiens",10,,"TXT","ftp://ftp.ncbi.nlm.nih.gov/geo/series/GSE112nnn/GSE112613/suppl",,,"Qian Zhu","Apr 04, 2018"
GSE112619,"Dysregulated genes in connexin 30 deficient mice microglia [naive]","Expression profiling by array","Mus musculus",4,,"CEL","ftp://ftp.ncbi.nlm.nih.gov/geo/series/GSE112nnn/GSE112619/suppl",,,"Ryo Yamasaki","Apr 04, 2018"
GSE112620,"Dysregulated genes in connexin 30 deficient mice microglia [EAE]","Expression profiling by array","Mus musculus",4,,"CEL","ftp://ftp.ncbi.nlm.nih.gov/geo/series/GSE112nnn/GSE112620/suppl",,,"Ryo Yamasaki","Apr 04, 2018"
GSE112621,"Dysregulated genes in connexin 30 deficient mice microglia","Expression profiling by array","Mus musculus",8,,"CEL","ftp://ftp.ncbi.nlm.nih.gov/geo/series/GSE112nnn/GSE112621/suppl",30464764,,"Ryo Yamasaki","Apr 04, 2018"
GSE112629,"Dynamics of gene expression changes in the spinal cord during FUS-mediated proteinopathy","Expression profiling by high throughput sequencing","Mus musculus",24,,"TXT;SRA Run Selector","ftp://ftp.ncbi.nlm.nih.gov/geo/series/GSE112nnn/GSE112629/suppl;https://www.ncbi.nlm.nih.gov/Traces/study/?acc=PRJNA448573",,SRP137004,"Alexander Pertovich Rezvykh","Apr 04, 2018"
GSE112630,"Gene expression profiling of human cardiac macrophages sorted from failing human hearts","Expression profiling by array","Homo sapiens",38,,"TXT","ftp://ftp.ncbi.nlm.nih.gov/geo/series/GSE112nnn/GSE112630/suppl",29892064,,"Kory J Lavine","Apr 04, 2018"
GSE112631,"Expression of FACS-sorted CD133+ and CD133- cells of three gastric cell lines","Expression profiling by array","Homo sapiens",12,,"IDAT","ftp://ftp.ncbi.nlm.nih.gov/geo/series/GSE112nnn/GSE112631/suppl",30717708,,"Tae-Min Kim","Apr 04, 2018"
GSE112637,"Gene expression profiles of rat hypertrophic zone after treatment of CNP53 or U0126 [CNP53]","Expression profiling by array","Rattus norvegicus",2,,"TXT","ftp://ftp.ncbi.nlm.nih.gov/geo/series/GSE112nnn/GSE112637/suppl",,,"Kazunori YOSHIKIYO","Apr 04, 2018"
GSE112638,"Gene expression profiles of rat hypertrophic zone after treatment of CNP53 or U0126 [U0126]","Expression profiling by array","Rattus norvegicus",2,,"TXT","ftp://ftp.ncbi.nlm.nih.gov/geo/series/GSE112nnn/GSE112638/suppl",,,"Kazunori YOSHIKIYO","Apr 04, 2018"
GSE112639,"Gene expression profiles of rat hypertrophic zone after treatment of CNP53 or U0126","Expression profiling by array","Rattus norvegicus",4,,"TXT","ftp://ftp.ncbi.nlm.nih.gov/geo/series/GSE112nnn/GSE112639/suppl",,,"Kazunori YOSHIKIYO","Apr 04, 2018"
GSE112643,"Effects of single amino acid deficiency on mRNA translation are markedly different for methionine versus leucine","Other","Homo sapiens",8,,"TXT;SRA Run Selector","ftp://ftp.ncbi.nlm.nih.gov/geo/series/GSE112nnn/GSE112643/suppl;https://www.ncbi.nlm.nih.gov/Traces/study/?acc=PRJNA448601",29795412,SRP137018,"Yuanhui Mao","Apr 04, 2018"
GSE112649,"Alteration of TAC1 expression in Prunus species leads to pleiotropic shoot phenotypes","Expression profiling by high throughput sequencing","Prunus persica",8,,"TXT;SRA Run Selector","ftp://ftp.ncbi.nlm.nih.gov/geo/series/GSE112nnn/GSE112649/suppl;https://www.ncbi.nlm.nih.gov/Traces/study/?acc=PRJNA448600",29736251,SRP137017,"Courtney Hollender","Apr 04, 2018"
GSE112675,"Transcriptome of Brassica juncea nectaries and leaves","Expression profiling by high throughput sequencing","Brassica juncea",21,,"XLS;SRA Run Selector","ftp://ftp.ncbi.nlm.nih.gov/geo/series/GSE112nnn/GSE112675/suppl;https://www.ncbi.nlm.nih.gov/Traces/study/?acc=PRJNA448707",,SRP137085,"Marshall Hampton","Apr 04, 2018"
GSE71419,"Comparative expression data between the epidermis and dermis of wild-type (Pparb/d^fl/fl) and fibroblast-selective knockout Pparb/d (FSPCre-Pparb/d^fl/fl) mice","Expression profiling by array","Mus musculus",4,,"CEL","ftp://ftp.ncbi.nlm.nih.gov/geo/series/GSE71nnn/GSE71419/suppl",,,"Ming Keat Sng","Apr 03, 2018"
GSE73779,"MicroRNA expression data from β-hydroxy-β-methylbutyrate (HMB) pre-incubated differentiating equine satellite cells (ESC) exposed to hydrogen peroxide","Non-coding RNA profiling by array","Equus caballus",16,,"TXT","ftp://ftp.ncbi.nlm.nih.gov/geo/series/GSE73nnn/GSE73779/suppl",29662554,,"Tomasz Sadkowski","Apr 03, 2018"
GSE80385,"Transcriptome Analysis of Tendon Derived Stem Cells (TDSCs) Isolated from WT and CFTRΔF508 Mice","Expression profiling by high throughput sequencing","Mus musculus",3,,"TXT;SRA Run Selector","ftp://ftp.ncbi.nlm.nih.gov/geo/series/GSE80nnn/GSE80385/suppl;https://www.ncbi.nlm.nih.gov/Traces/study/?acc=PRJNA318779",28495756,SRP073443,"Gang LI","Apr 03, 2018"
GSE80513,"Independent validation of human CD4+ T-cell transcriptome in early arthritis","Expression profiling by array;Third-party reanalysis","Homo sapiens",178,,"IDAT;TXT;XLS","ftp://ftp.ncbi.nlm.nih.gov/geo/series/GSE80nnn/GSE80513/suppl",29193869,,"Andrew James Skelton","Apr 03, 2018"
GSE93025,"Expression data from differentiating equine satellite cells (ESC) culture incubated with HMB and exposed to hydrogen peroxide","Expression profiling by array","Equus caballus",4,,"TXT","ftp://ftp.ncbi.nlm.nih.gov/geo/series/GSE93nnn/GSE93025/suppl",29662554,,"Tomasz Sadkowski","Apr 03, 2018"
GSE93637,"TP53INP2 knockdown in 3T3-L1 preadipocytes","Expression profiling by array","Mus musculus",14,,"CEL","ftp://ftp.ncbi.nlm.nih.gov/geo/series/GSE93nnn/GSE93637/suppl",,,"Antonio Berenguer-LLergo","Apr 03, 2018"
GSE95155,"BEARscc: robustness of single-cell clusters determined using simulated technical replicates","Expression profiling by high throughput sequencing","Homo sapiens;other sequences",93,,"TSV;SRA Run Selector","ftp://ftp.ncbi.nlm.nih.gov/geo/series/GSE95nnn/GSE95155/suppl;https://www.ncbi.nlm.nih.gov/Traces/study/?acc=PRJNA376200",29567991,SRP100477,"Benjamin Schuster-Böckler","Apr 03, 2018"
GSE97141,"Deciphering the dynamic transcriptional and post-transcriptional networks of macrophages in the healthy heart and after myocardial injury [RNA-seq]","Expression profiling by high throughput sequencing","Mus musculus",12,,"TXT;SRA Run Selector","ftp://ftp.ncbi.nlm.nih.gov/geo/series/GSE97nnn/GSE97141/suppl;https://www.ncbi.nlm.nih.gov/Traces/study/?acc=PRJNA380797",,SRP102617,"Fatima Sanchez-Cabo","Apr 03, 2018"
GSE97146,"Deciphering the dynamic transcriptional and post-transcriptional networks of macrophages in the healthy heart and after myocardial injury","Non-coding RNA profiling by array","Mus musculus",11,,"TXT","ftp://ftp.ncbi.nlm.nih.gov/geo/series/GSE97nnn/GSE97146/suppl",,,"Fatima Sanchez-Cabo","Apr 03, 2018"
GSE97147,"Deciphering the dynamic transcriptional and post-transcriptional networks of macrophages in the healthy heart and after myocardial injury","Non-coding RNA profiling by array;Expression profiling by high throughput sequencing","Mus musculus",23,,"TXT","ftp://ftp.ncbi.nlm.nih.gov/geo/series/GSE97nnn/GSE97147/suppl",29642017,,"Fatima Sanchez-Cabo","Apr 03, 2018"
GSE97357,"Analysis of differential gene expression in the Streptococcus sanguinis SK36 treated with heat shock for 3 periods of time","Expression profiling by high throughput sequencing","Streptococcus sanguinis SK36",12,,"TXT;SRA Run Selector","ftp://ftp.ncbi.nlm.nih.gov/geo/series/GSE97nnn/GSE97357/suppl;https://www.ncbi.nlm.nih.gov/Traces/study/?acc=PRJNA381491",,SRP102951,"Fadi Elias El-Rami","Apr 03, 2018"
GSE97365,"MicroRNA expression data from human brain tissue with focal cortical dyplasia, type II","Non-coding RNA profiling by array","Homo sapiens;synthetic construct",14,,"CEL","ftp://ftp.ncbi.nlm.nih.gov/geo/series/GSE97nnn/GSE97365/suppl",,,"Cristiane de Souza Rocha","Apr 03, 2018"
GSE97691,"Divergence in DNA specificity among paralogous transcription factors contributes to their differential in vivo binding [RG_Runx1Runx2_v1]","Genome binding/occupancy profiling by array","Homo sapiens",4,,"TXT;XLSX","ftp://ftp.ncbi.nlm.nih.gov/geo/series/GSE97nnn/GSE97691/suppl",29605182,,"Raluca Gordan","Apr 03, 2018"
GSE97793,"Divergence in DNA specificity among paralogous transcription factors contributes to their differential in vivo binding [RG_Elk1Ets1Gabpa_v1]","Genome binding/occupancy profiling by array","Homo sapiens",4,,"TXT;XLSX","ftp://ftp.ncbi.nlm.nih.gov/geo/series/GSE97nnn/GSE97793/suppl",29605182,,"Raluca Gordan","Apr 03, 2018"
GSE97794,"Divergence in DNA specificity among paralogous transcription factors contributes to their differential in vivo binding","Genome binding/occupancy profiling by array","Homo sapiens;synthetic construct",28,,"TXT","ftp://ftp.ncbi.nlm.nih.gov/geo/series/GSE97nnn/GSE97794/suppl",29605182,,"Raluca Gordan","Apr 03, 2018"
GSE97885,"Divergence in DNA specificity among paralogous transcription factors contributes to their differential in vivo binding [RG_MycMaxMad_v1]","Other","Homo sapiens",4,,"TXT;XLSX","ftp://ftp.ncbi.nlm.nih.gov/geo/series/GSE97nnn/GSE97885/suppl",29605182,,"Raluca Gordan","Apr 03, 2018"
GSE97886,"Divergence in DNA specificity among paralogous transcription factors contributes to their differential in vivo binding [RG_E2F1-3-4_cust2_v1]","Other","Homo sapiens;synthetic construct",5,,"TXT;XLSX","ftp://ftp.ncbi.nlm.nih.gov/geo/series/GSE97nnn/GSE97886/suppl",29605182,,"Raluca Gordan","Apr 03, 2018"
GSE98206,"MALT1 Inhibition Is Efficacious in Both Naïve and Ibrutinib-Resistant Chronic Lymphocytic Leukemia.","Expression profiling by high throughput sequencing","Homo sapiens",6,,"TXT;SRA Run Selector","ftp://ftp.ncbi.nlm.nih.gov/geo/series/GSE98nnn/GSE98206/suppl;https://www.ncbi.nlm.nih.gov/Traces/study/?acc=PRJNA384250",28993409,SRP105222,"Nakhle Saba","Apr 03, 2018"
GSE100180,"Impaired chloroplast biogenesis causes color variation between two varieties/cultivars of Chinese orchid (Cymbidium longibracteatum)","Expression profiling by high throughput sequencing","Cymbidium tortisepalum var. longibracteatum",2,,"FA;TXT;SRA Run Selector","ftp://ftp.ncbi.nlm.nih.gov/geo/series/GSE100nnn/GSE100180/suppl;https://www.ncbi.nlm.nih.gov/Traces/study/?acc=PRJNA391173",,SRP109829,"Yu NMN Jiang","Apr 03, 2018"
GSE102810,"Divergence in DNA specificity among paralogous transcription factors contributes to their differential in vivo binding  [uPBM_Elk1Ets1Gabpa_MycMaxMad]","Other","Homo sapiens",3,,"TXT","ftp://ftp.ncbi.nlm.nih.gov/geo/series/GSE102nnn/GSE102810/suppl",29605182,,"Raluca Gordan","Apr 03, 2018"
GSE103585,"TP53INP2 knockout in perigonadal white adipose tissue","Expression profiling by array","Mus musculus",8,,"CEL","ftp://ftp.ncbi.nlm.nih.gov/geo/series/GSE103nnn/GSE103585/suppl",,,"Antonio Berenguer-LLergo","Apr 03, 2018"
GSE103586,"TP53INP2 knockout in inguinal white adipose tissue","Expression profiling by array","Mus musculus",8,,"CEL","ftp://ftp.ncbi.nlm.nih.gov/geo/series/GSE103nnn/GSE103586/suppl",,,"Antonio Berenguer-LLergo","Apr 03, 2018"
GSE103587,"TP53INP2 knockout in perigonadal and inguinal white adipose tissue","Expression profiling by array","Mus musculus",16,,"CEL","ftp://ftp.ncbi.nlm.nih.gov/geo/series/GSE103nnn/GSE103587/suppl",,,"Antonio Berenguer-LLergo","Apr 03, 2018"
GSE104599,"Gene Enrichment Analysis Reveals Major Regulators of Mycobacterium tuberculosis Gene Expression in Two Models of Antibiotic Tolerance","Expression profiling by high throughput sequencing","Mycobacterium tuberculosis",22,,"CSV;RPKM;SRA Run Selector","ftp://ftp.ncbi.nlm.nih.gov/geo/series/GSE104nnn/GSE104599/suppl;https://www.ncbi.nlm.nih.gov/Traces/study/?acc=PRJNA413190",29670589,SRP119427,"Petros Constantine Karakousis","Apr 03, 2018"
GSE105406,"PTCD1 is required for 16S rRNA maturation complex stability and mitochondrial ribosome assembly","Expression profiling by high throughput sequencing","Mus musculus",12,,"CSV;SRA Run Selector","ftp://ftp.ncbi.nlm.nih.gov/geo/series/GSE105nnn/GSE105406/suppl;https://www.ncbi.nlm.nih.gov/Traces/study/?acc=PRJNA415126",29617655,SRP120583,"Irina Kuznetsova","Apr 03, 2018"
GSE108287,"An integrated flow cytometry-based platform for isolation and molecular characterization of circulating tumor single cells and clusters","Expression profiling by high throughput sequencing","Mus musculus",43,,"TXT;SRA Run Selector","ftp://ftp.ncbi.nlm.nih.gov/geo/series/GSE108nnn/GSE108287/suppl;https://www.ncbi.nlm.nih.gov/Traces/study/?acc=PRJNA423033",29568081,SRP127053,"Erica Carpenter","Apr 03, 2018"
GSE109265,"Bioinformatics analysis of transcriptome related to blood stasis syndrome in diabetes mellitus patients","Expression profiling by high throughput sequencing","Homo sapiens",6,,"XLS;SRA Run Selector","ftp://ftp.ncbi.nlm.nih.gov/geo/series/GSE109nnn/GSE109265/suppl;https://www.ncbi.nlm.nih.gov/Traces/study/?acc=PRJNA430257",29437903,SRP131025,"Ruixue Chen","Apr 03, 2018"
GSE109266,"Bioinformatics analysis of microRNAs related to blood stasis syndrome in diabetes mellitus patients","Non-coding RNA profiling by high throughput sequencing","Homo sapiens",6,,"XLS;SRA Run Selector","ftp://ftp.ncbi.nlm.nih.gov/geo/series/GSE109nnn/GSE109266/suppl;https://www.ncbi.nlm.nih.gov/Traces/study/?acc=PRJNA430260",29437903,SRP131026,"Ruixue Chen","Apr 03, 2018"
GSE109833,"Global gene expression profile of primary cultured keratinocytes with or without stimulation","Expression profiling by high throughput sequencing","Mus musculus",4,,"TXT;SRA Run Selector","ftp://ftp.ncbi.nlm.nih.gov/geo/series/GSE109nnn/GSE109833/suppl;https://www.ncbi.nlm.nih.gov/Traces/study/?acc=PRJNA432151",29653697,SRP131770,"Chen Dong","Apr 03, 2018"
GSE110127,"Differential Regulation of Genes Involved in Root Morphogenesis and Cell Wall Modification is Associated with Salinity Tolerance in Chickpea","Expression profiling by high throughput sequencing","Cicer arietinum",24,,"TXT;SRA Run Selector","ftp://ftp.ncbi.nlm.nih.gov/geo/series/GSE110nnn/GSE110127/suppl;https://www.ncbi.nlm.nih.gov/Traces/study/?acc=PRJNA432923",29555923,SRP132178,"Nitin Mantri","Apr 03, 2018"
GSE110186,"NOD2- and disease-specific gene expression profiles of peripheral blood mononuclear cells from Crohn’s disease patients","Expression profiling by array","Homo sapiens",24,,"CEL;CHP","ftp://ftp.ncbi.nlm.nih.gov/geo/series/GSE110nnn/GSE110186/suppl",29568200,,"Dirk Koczan","Apr 03, 2018"
GSE110249,"Global gene expression profile of CD8+ TILs from WT and B7S1 KO mice","Expression profiling by high throughput sequencing","Mus musculus",15,,"TXT;SRA Run Selector","ftp://ftp.ncbi.nlm.nih.gov/geo/series/GSE110nnn/GSE110249/suppl;https://www.ncbi.nlm.nih.gov/Traces/study/?acc=PRJNA433480",29625896,SRP132462,"Chen Dong","Apr 03, 2018"
GSE110251,"Epigenetic profiling of OVA-specific CD8+ TILs from mice treated with control, anti-B7S1, anti-PD-1 or anti-B7S1+anti-PD-1 antibodies","Genome binding/occupancy profiling by high throughput sequencing","Mus musculus",4,,"BW;SRA Run Selector","ftp://ftp.ncbi.nlm.nih.gov/geo/series/GSE110nnn/GSE110251/suppl;https://www.ncbi.nlm.nih.gov/Traces/study/?acc=PRJNA433479",29625896,SRP132461,"Chen Dong","Apr 03, 2018"
GSE110787,"Novel Protective Role of Nicotinamide Phosphoribosyltransferase in Acetaminophen-induced Acute Liver Injury in Mice","Expression profiling by high throughput sequencing","Mus musculus",17,,"TXT;SRA Run Selector","ftp://ftp.ncbi.nlm.nih.gov/geo/series/GSE110nnn/GSE110787/suppl;https://www.ncbi.nlm.nih.gov/Traces/study/?acc=PRJNA434562",29684358,SRP133057,"Shui Q Ye","Apr 03, 2018"
GSE110952,"Functional studies of missense TREM2 mutations in human stem cell-derived microglia","Expression profiling by high throughput sequencing","Homo sapiens",11,,"TXT;SRA Run Selector","ftp://ftp.ncbi.nlm.nih.gov/geo/series/GSE110nnn/GSE110952/suppl;https://www.ncbi.nlm.nih.gov/Traces/study/?acc=PRJNA435266",29606617,SRP133230,"Sabine Dietmann","Apr 03, 2018"
GSE111968,"Transcriptomic analysis of human tonsillar TFH subsets","Expression profiling by high throughput sequencing","Homo sapiens",8,,"TXT;SRA Run Selector","ftp://ftp.ncbi.nlm.nih.gov/geo/series/GSE111nnn/GSE111968/suppl;https://www.ncbi.nlm.nih.gov/Traces/study/?acc=PRJNA438695",,SRP135900,"Vinay Mahajan","Apr 03, 2018"
GSE112583,"Transcriptome of sunflower (Helianthus annuus) nectaries and leaf","Expression profiling by high throughput sequencing","Helianthus annuus",24,,"XLS;SRA Run Selector","ftp://ftp.ncbi.nlm.nih.gov/geo/series/GSE112nnn/GSE112583/suppl;https://www.ncbi.nlm.nih.gov/Traces/study/?acc=PRJNA448335",,SRP136891,"Marshall Hampton","Apr 03, 2018"
GSE112596,"Epigenome analysis of CD4 T cells from treated and untreated patients with multiple sclerosis (MS)","Methylation profiling by array","Homo sapiens",112,,"CSV","ftp://ftp.ncbi.nlm.nih.gov/geo/series/GSE112nnn/GSE112596/suppl",30698680,,"Achillefs Ntranos","Apr 03, 2018"
GSE112610,"C. elegans: total mRNA vs. AWA-specifc mRNA","Other","Caenorhabditis elegans",4,,"TXT","ftp://ftp.ncbi.nlm.nih.gov/geo/series/GSE112nnn/GSE112610/suppl",,,"king L. Chow","Apr 03, 2018"
GSE112611,"DNA Methylation Signatures of Crohn's disease Largely a Consequence of Inflammation","Methylation profiling by array","Homo sapiens",402,,"TXT","ftp://ftp.ncbi.nlm.nih.gov/geo/series/GSE112nnn/GSE112611/suppl",,,"Varun Kilaru","Apr 03, 2018"
GSE17835,"Comparison of the responses of Mycobacterium tuberculosis and Mycobacterium bovis to nutrient starvation","Expression profiling by array","Mycobacterium tuberculosis;Mycobacterium tuberculosis variant bovis",42,,"GPR","ftp://ftp.ncbi.nlm.nih.gov/geo/series/GSE17nnn/GSE17835/suppl",,,"Saleena Ghanny","Apr 02, 2018"
GSE53125,"Gene expression data from yeast exposure to equitoxic doses of six different pesticides","Expression profiling by array","Saccharomyces cerevisiae;Schizosaccharomyces pombe",36,,"CEL","ftp://ftp.ncbi.nlm.nih.gov/geo/series/GSE53nnn/GSE53125/suppl",29611082,,"Cristina Anjinho Viegas","Apr 02, 2018"
GSE72348,"Wound healing process after ventricular resection in zebrafish: time course (zebrafish)","Expression profiling by array","Danio rerio",9,,"TXT","ftp://ftp.ncbi.nlm.nih.gov/geo/series/GSE72nnn/GSE72348/suppl",29560825,,"Yung-Jen Chuang","Apr 02, 2018"
GSE85389,"Genome-wide identification of miRNAs associated with alcoholism endophenotypes","Non-coding RNA profiling by high throughput sequencing","Mus musculus",12,,"CSV;SRA Run Selector","ftp://ftp.ncbi.nlm.nih.gov/geo/series/GSE85nnn/GSE85389/suppl;https://www.ncbi.nlm.nih.gov/Traces/study/?acc=PRJNA338479",30106247,SRP081243,"Katerina Kechris","Apr 02, 2018"
GSE95805,"Overexpression of PIK3CA in head and neck squamous cell carcinoma is associated with poor outcome and activation of the YAP pathway","Expression profiling by array","Homo sapiens",31,,"CEL","ftp://ftp.ncbi.nlm.nih.gov/geo/series/GSE95nnn/GSE95805/suppl",29598951,,"Ramón García-Escudero","Apr 02, 2018"
GSE97504,"Expression data of colonic epithelial cells colonized with B. theta","Expression profiling by array","Mus musculus",8,,"CEL","ftp://ftp.ncbi.nlm.nih.gov/geo/series/GSE97nnn/GSE97504/suppl",30042191,,"Keiichiro Suzuki","Apr 02, 2018"
GSE100274,"Chemically Induced Paneth Cells Provide Superior In Vivo Mimic to Organoid-derived Analog","Expression profiling by high throughput sequencing","Mus musculus",3,,"R;TXT;SRA Run Selector","ftp://ftp.ncbi.nlm.nih.gov/geo/series/GSE100nnn/GSE100274/suppl;https://www.ncbi.nlm.nih.gov/Traces/study/?acc=PRJNA391194",29871632,SRP109858,"Jose Ordovas-Montanes","Apr 02, 2018"
GSE102486,"A somatic role for the histone methyltransferase Setdb1 in endogenous retrovirus silencing [RNA-Seq]","Expression profiling by high throughput sequencing","Mus musculus",27,,"TXT;SRA Run Selector","ftp://ftp.ncbi.nlm.nih.gov/geo/series/GSE102nnn/GSE102486/suppl;https://www.ncbi.nlm.nih.gov/Traces/study/?acc=PRJNA398190",29703894,SRP115380,"Masaki Kato","Apr 02, 2018"
GSE102487,"A somatic role for the histone methyltransferase Setdb1 in endogenous retrovirus silencing [ChIP-Seq]","Genome binding/occupancy profiling by high throughput sequencing","Mus musculus",7,,"BED;BW;SRA Run Selector","ftp://ftp.ncbi.nlm.nih.gov/geo/series/GSE102nnn/GSE102487/suppl;https://www.ncbi.nlm.nih.gov/Traces/study/?acc=PRJNA398189",29703894,SRP115381,"Masaki Kato","Apr 02, 2018"
GSE102490,"A somatic role for the histone methyltransferase Setdb1 in endogenous retrovirus silencing","Expression profiling by high throughput sequencing;Genome binding/occupancy profiling by high throughput sequencing","Mus musculus",34,,"BW;TXT","ftp://ftp.ncbi.nlm.nih.gov/geo/series/GSE102nnn/GSE102490/suppl",29703894,,"Masaki Kato","Apr 02, 2018"
GSE110513,"Integrating single-cell transcriptomic data across different conditions, technologies, and species","Expression profiling by high throughput sequencing","Homo sapiens",13,,"CSV;SRA Run Selector","ftp://ftp.ncbi.nlm.nih.gov/geo/series/GSE110nnn/GSE110513/suppl;https://www.ncbi.nlm.nih.gov/Traces/study/?acc=PRJNA433889",29608179,SRP132740,"Andrew Butler","Apr 02, 2018"
GSE112579,"Transcriptome of tumor biopsy sample of patient with granulosa cell tumor of the ovary","Expression profiling by array;Third-party reanalysis","Homo sapiens",1,,"TXT","ftp://ftp.ncbi.nlm.nih.gov/geo/series/GSE112nnn/GSE112579/suppl",,,"Maria Vladimirovna Suntsova","Apr 02, 2018"
GSE112580,"Transcriptomic comparison of Botrytis cinerea wild type and VELVET mutants","Expression profiling by high throughput sequencing","Botrytis cinerea",16,,"XLSX;SRA Run Selector","ftp://ftp.ncbi.nlm.nih.gov/geo/series/GSE112nnn/GSE112580/suppl;https://www.ncbi.nlm.nih.gov/Traces/study/?acc=PRJNA448328",29790574,SRP136887,"Matthias Hahn","Apr 02, 2018"
GSE112582,"Gene expression signature of brown and inguinal white fat of mice kept at 30°C vs. 5°C","Expression profiling by high throughput sequencing","Mus musculus",16,,"TXT;SRA Run Selector","ftp://ftp.ncbi.nlm.nih.gov/geo/series/GSE112nnn/GSE112582/suppl;https://www.ncbi.nlm.nih.gov/Traces/study/?acc=PRJNA448334",29874595,SRP136890,"Fabiana Perocchi","Apr 02, 2018"
GSE112585,"Expression data from healthy murine bronchial epithelial cells and syngeneic murine lung squamous carcinoma (LUSC) from DBA2 mice.","Expression profiling by array","Mus musculus",16,,"CEL","ftp://ftp.ncbi.nlm.nih.gov/geo/series/GSE112nnn/GSE112585/suppl",29777108,,"Alessandro Porrello","Apr 02, 2018"
GSE28337,"Genome-wide maps of KDM5A/JARID1A/RBP2 and KDM5B/JARID1B/PLU1 in estrogen treated MCF7 cells.","Genome binding/occupancy profiling by high throughput sequencing","Homo sapiens",6,,"BED;WIG;SRA Run Selector","ftp://ftp.ncbi.nlm.nih.gov/geo/series/GSE28nnn/GSE28337/suppl;https://www.ncbi.nlm.nih.gov/Traces/study/?acc=PRJNA139465",,SRP006293,"Elizaveta V Benevolenskaya","Apr 01, 2018"
GSE28341,"Genome-wide maps of KDM5A/JARID1A/RBP2 and JARID2/JMJ in HL-1 cardiomyocytes.","Genome binding/occupancy profiling by high throughput sequencing","Mus musculus",3,,"BED;WIG;SRA Run Selector","ftp://ftp.ncbi.nlm.nih.gov/geo/series/GSE28nnn/GSE28341/suppl;https://www.ncbi.nlm.nih.gov/Traces/study/?acc=PRJNA139447",,SRP006294,"Elizaveta V Benevolenskaya","Apr 01, 2018"
GSE40622,"Expanded Genomic Profiling of Circulating Tumor Cells in Metastatic Breast Cancer Patients to Assess Biomarker Status and Biology Over Time (CALGB 40502 and CALGB 40503, Alliance).","Expression profiling by RT-PCR;Genome variation profiling by genome tiling array","Homo sapiens",275,,"TXT","ftp://ftp.ncbi.nlm.nih.gov/geo/series/GSE40nnn/GSE40622/suppl",29311117,,"Mark Magbanua","Apr 01, 2018"
GSE57289,"Expression data from Lx-2 cells in which miR214 is repressed by LNA-antimiR-214","Expression profiling by array","Homo sapiens;Mus musculus",6,,"CEL","ftp://ftp.ncbi.nlm.nih.gov/geo/series/GSE57nnn/GSE57289/suppl",,,"Masao Honda","Apr 01, 2018"
GSE61125,"Transcriptional and Epigenomic profile of GSK126 or dox-mediated Ezh2 inhibition in KrasG12D/+;Trp53-/-;Ezh2i-GFP-2A-rTA;Luc lung tumors in vivo","Expression profiling by high throughput sequencing","Mus musculus",18,,"BW;TXT;SRA Run Selector","ftp://ftp.ncbi.nlm.nih.gov/geo/series/GSE61nnn/GSE61125/suppl;https://www.ncbi.nlm.nih.gov/Traces/study/?acc=PRJNA260292",30487290,SRP046252,"Gaetano Gargiulo","Apr 01, 2018"
GSE67487,"Genomic  characterization of mesothelioma patients by CGH arrays.","Genome variation profiling by genome tiling array","Homo sapiens",33,,"TXT","ftp://ftp.ncbi.nlm.nih.gov/geo/series/GSE67nnn/GSE67487/suppl",,,"frédéric leprêtre","Apr 01, 2018"
GSE78112,"Gene expression profile of AU019823-gene-trapped early mesodermal cells and their revertant cells","Expression profiling by array","Mus musculus",2,,"TXT","ftp://ftp.ncbi.nlm.nih.gov/geo/series/GSE78nnn/GSE78112/suppl",,,"Satoshi Kondo","Apr 01, 2018"
GSE79838,"Methylome analysis of colorectal cancer cell line DNA (HCT116) and colorectal cancer patient derived xenografts (PDXs) using MeDIP-seq and cfMeDIP-seq","Methylation profiling by high throughput sequencing","Homo sapiens;Mus musculus",24,,"WIG;SRA Run Selector","ftp://ftp.ncbi.nlm.nih.gov/geo/series/GSE79nnn/GSE79838/suppl;https://www.ncbi.nlm.nih.gov/Traces/study/?acc=PRJNA317165",30429608,SRP072765,"Daniel De Carvalho","Apr 01, 2018"
GSE85168,"Oncogenic RAS blocks myogenic differentiation","Expression profiling by array","Mus musculus",4,,"CEL","ftp://ftp.ncbi.nlm.nih.gov/geo/series/GSE85nnn/GSE85168/suppl",29973406,,"Javed Khan","Apr 01, 2018"
GSE85169,"MEK inhibition profoundly reprograms myogenic super enhancers in mutant-RAS driven Rhabdomyosarcoma","Genome binding/occupancy profiling by high throughput sequencing","Homo sapiens",38,,"BED;SRA Run Selector","ftp://ftp.ncbi.nlm.nih.gov/geo/series/GSE85nnn/GSE85169/suppl;https://www.ncbi.nlm.nih.gov/Traces/study/?acc=PRJNA336374",29973406,SRP080881,"Javed Khan","Apr 01, 2018"
GSE85170,"MEK inhibition rewires enhancer landscapes in RAS-driven Rhabdomyosarcoma to unlock a myogenic differentation block","Expression profiling by high throughput sequencing","Homo sapiens",18,,"FPKM_TRACKING;SRA Run Selector","ftp://ftp.ncbi.nlm.nih.gov/geo/series/GSE85nnn/GSE85170/suppl;https://www.ncbi.nlm.nih.gov/Traces/study/?acc=PRJNA336381",29973406,SRP080882,"Javed Khan","Apr 01, 2018"
GSE85171,"Epigenetic Reprogramming of mutant RAS-driven Rhabdomyosarcoma via MEK Inhibition","Expression profiling by array;Expression profiling by high throughput sequencing;Genome binding/occupancy profiling by high throughput sequencing","Homo sapiens;Mus musculus",60,,"BED;CEL;FPKM_TRACKING","ftp://ftp.ncbi.nlm.nih.gov/geo/series/GSE85nnn/GSE85171/suppl",29973406,,"Javed Khan","Apr 01, 2018"
GSE89429,"Expression analysis of Hepatocyte like-cells derived SHEDs (SHED-Hep cells)","Expression profiling by array","Homo sapiens",15,,"PAIR","ftp://ftp.ncbi.nlm.nih.gov/geo/series/GSE89nnn/GSE89429/suppl",,,"Junko K Fujiyoshi","Apr 01, 2018"
GSE90000,"Gene expression profile among undifferentiated iPS cells (Und. iPSCs) , mesoderm cells (KDR+PDGFRα+ (KP)) at day 3(d3) to (d5) , and d5 KP derived-cardiomyocytes (CMs d5-19).","Expression profiling by array","Homo sapiens",5,,"CEL;CHP","ftp://ftp.ncbi.nlm.nih.gov/geo/series/GSE90nnn/GSE90000/suppl",,,"Jun K Yamashita","Apr 01, 2018"
GSE90064,"Involvement of kallikrein-related peptidase 6 in epithelial to mesenchymal transition induced by ΔNp63 downregulation in oral squamous cell carcinoma through activation of protease activated receptors","Expression profiling by array","Homo sapiens",2,,"TXT","ftp://ftp.ncbi.nlm.nih.gov/geo/series/GSE90nnn/GSE90064/suppl",,,"Naoki Kaneko","Apr 01, 2018"
GSE92883,"Drought responsive transcriptome profiling in roots of contrasting rice genotypes IR20 and Nootripathu","Expression profiling by array","Oryza sativa;Oryza sativa Indica Group",8,,"CEL;CHP","ftp://ftp.ncbi.nlm.nih.gov/geo/series/GSE92nnn/GSE92883/suppl",,,"Raveendran Muthurajan","Apr 01, 2018"
GSE95119,"Gene expression profile of tumors developed in the spleen of p53-haploinsufficient mice","Expression profiling by array","Mus musculus",3,,"TXT","ftp://ftp.ncbi.nlm.nih.gov/geo/series/GSE95nnn/GSE95119/suppl",,,"Yusuke Furukawa","Apr 01, 2018"
GSE95800,"Effect of Seven-up RNAi on wandering third instar larval fat body gene expression in Drosophila melanogaster","Expression profiling by high throughput sequencing","Drosophila melanogaster",12,,"XLSX;SRA Run Selector","ftp://ftp.ncbi.nlm.nih.gov/geo/series/GSE95nnn/GSE95800/suppl;https://www.ncbi.nlm.nih.gov/Traces/study/?acc=PRJNA378430",29487137,SRP101520,"Laura Palanker Musselman","Apr 01, 2018"
GSE96927,"Chromatin accessibility profiling identifies cis-regulatory modules in an early embryonic cell lineage","Genome binding/occupancy profiling by high throughput sequencing","Strongylocentrotus purpuratus",10,,"BED;TXT;SRA Run Selector","ftp://ftp.ncbi.nlm.nih.gov/geo/series/GSE96nnn/GSE96927/suppl;https://www.ncbi.nlm.nih.gov/Traces/study/?acc=PRJNA380123",29558892,SRP102309,"Charles A Ettensohn","Apr 01, 2018"
GSE97307,"Total RNAseq of intestinal stem cells (ISCs) and progenitor cells (EBs) with expression of Lamin Dm0 and/or UPD","Expression profiling by high throughput sequencing","Drosophila melanogaster",12,,"TXT;SRA Run Selector","ftp://ftp.ncbi.nlm.nih.gov/geo/series/GSE97nnn/GSE97307/suppl;https://www.ncbi.nlm.nih.gov/Traces/study/?acc=PRJNA381233",29210315,SRP102852,"Gabriela Salinas-Riester","Apr 01, 2018"
GSE97335,"Transcriptomic and hormonal control of Boron uptake, accumulation and toxicity tolerance in Poplar","Expression profiling by array","Populus alba;Populus nigra;Populus sp.",16,,"CEL","ftp://ftp.ncbi.nlm.nih.gov/geo/series/GSE97nnn/GSE97335/suppl",,,"Kubilay Yıldırım","Apr 01, 2018"
GSE97633,"Identification of genes involved in symbiosis of green hydra and Chlorella","Expression profiling by array","Hydra viridissima",12,,"TXT","ftp://ftp.ncbi.nlm.nih.gov/geo/series/GSE97nnn/GSE97633/suppl",29848439,,"Mayuko Hamada","Apr 01, 2018"
GSE97771,"Immunomodulation and effects on microbiota after in ovo administration of chicken cathelicidin-2","Expression profiling by array","Gallus gallus",12,,"TXT","ftp://ftp.ncbi.nlm.nih.gov/geo/series/GSE97nnn/GSE97771/suppl",,,"Aldert Zomer","Apr 01, 2018"
GSE98065,"Role of histone demethylase Kdm6a in pancreatic cancer (PrimeView)","Expression profiling by array","Homo sapiens",8,,"CEL;XLSX","ftp://ftp.ncbi.nlm.nih.gov/geo/series/GSE98nnn/GSE98065/suppl",29533787,,"Alexandros Tzatsos","Apr 01, 2018"
GSE98066,"Role of histone demethylase Kdm6a in pancreatic cancer (MoGene-2_0)","Expression profiling by array","Mus musculus",8,,"CEL;XLSX","ftp://ftp.ncbi.nlm.nih.gov/geo/series/GSE98nnn/GSE98066/suppl",29533787,,"Alexandros Tzatsos","Apr 01, 2018"
GSE98067,"Role of histone demethylase Kdm6a in pancreatic cancer","Expression profiling by array","Homo sapiens;Mus musculus",16,,"CEL","ftp://ftp.ncbi.nlm.nih.gov/geo/series/GSE98nnn/GSE98067/suppl",29533787,,"Alexandros Tzatsos","Apr 01, 2018"
GSE98180,"Whole-transcript Expression data from skin of different coat color in Chinese Merion (Junken type)","Expression profiling by array","Ovis aries",6,,"CEL","ftp://ftp.ncbi.nlm.nih.gov/geo/series/GSE98nnn/GSE98180/suppl",,,"dai rong","Apr 01, 2018"
GSE98568,"Role of histone demethylase Kdm6a in pancreatic cancer (ChIP-Seq)","Genome binding/occupancy profiling by high throughput sequencing","Mus musculus",9,,"BED;SRA Run Selector","ftp://ftp.ncbi.nlm.nih.gov/geo/series/GSE98nnn/GSE98568/suppl;https://www.ncbi.nlm.nih.gov/Traces/study/?acc=PRJNA385528",29533787,SRP106494,"Alexandros Tzatsos","Apr 01, 2018"
GSE99232,"Transcriptome profile of wildtype and Ret homozygote null male mouse guts at E10.5","Expression profiling by high throughput sequencing","Mus musculus",6,,"TXT;SRA Run Selector","ftp://ftp.ncbi.nlm.nih.gov/geo/series/GSE99nnn/GSE99232/suppl;https://www.ncbi.nlm.nih.gov/Traces/study/?acc=PRJNA387609",,SRP107881,"Sumantra Chatterjee","Apr 01, 2018"
GSE99880,"High level efficacy of lufenuron against sea lice (Lepeophtheirus salmonis) linked to rapid impact on moulting processes","Expression profiling by array","Lepeophtheirus salmonis",21,,"TXT","ftp://ftp.ncbi.nlm.nih.gov/geo/series/GSE99nnn/GSE99880/suppl",,,"Ben F Koop","Apr 01, 2018"
GSE101866,"Expression data from TNF-α treated chordoma cell lines U-CH1 and MUG-Chor1 (Short-term)","Expression profiling by array","Homo sapiens",8,,"CEL;CHP","ftp://ftp.ncbi.nlm.nih.gov/geo/series/GSE101nnn/GSE101866/suppl",,,"Sukru Gulluoglu","Apr 01, 2018"
GSE101867,"Expression data from TNF-α treated chordoma cell lines U-CH1 and MUG-Chor1 (Long-term)","Expression profiling by array","Homo sapiens",10,,"CEL;CHP","ftp://ftp.ncbi.nlm.nih.gov/geo/series/GSE101nnn/GSE101867/suppl",,,"Sukru Gulluoglu","Apr 01, 2018"
GSE103459,"Expression date from WT RAW264.7 and HuR-deficient RAW264.7 stimulated with poly(I:C) using lipofectamine","Expression profiling by array","Mus musculus",2,,"CEL;CHP","ftp://ftp.ncbi.nlm.nih.gov/geo/series/GSE103nnn/GSE103459/suppl",29678949,,"Takuya Sueyoshi","Apr 01, 2018"
GSE104395,"Cdk4 is a critical regulator of age-associated hepatic steatosis.","Expression profiling by high throughput sequencing","Mus musculus",9,,"TXT","ftp://ftp.ncbi.nlm.nih.gov/geo/series/GSE104nnn/GSE104395/suppl",30109252,,"Rebekah Karns","Apr 01, 2018"
GSE104483,"Next Generation Sequencing of Wild Type and AtSRT1 transgene plants Transcriptomes","Expression profiling by high throughput sequencing","Arabidopsis thaliana",9,,"XLSX;SRA Run Selector","ftp://ftp.ncbi.nlm.nih.gov/geo/series/GSE104nnn/GSE104483/suppl;https://www.ncbi.nlm.nih.gov/Traces/study/?acc=PRJNA412814",,SRP119244,"Xiaoyun Liu","Apr 01, 2018"
GSE104703,"Gene expression profiling in mouse strains carrying a knockout mutation in the vomeronasal receptor gene Vmn2r1","Other","Mus musculus",24,,"TXT","ftp://ftp.ncbi.nlm.nih.gov/geo/series/GSE104nnn/GSE104703/suppl",29465786,,"Peter Mombaerts","Apr 01, 2018"
GSE104739,"Role of histone demethylase Kdm6a in pancreatic cancer - ChIP-Seq","Genome binding/occupancy profiling by high throughput sequencing","Mus musculus",12,,"BED;SRA Run Selector","ftp://ftp.ncbi.nlm.nih.gov/geo/series/GSE104nnn/GSE104739/suppl;https://www.ncbi.nlm.nih.gov/Traces/study/?acc=PRJNA413702",29533787,SRP119614,"Alexandros Tzatsos","Apr 01, 2018"
GSE105152,"Trnascriptome analysis of HeLa cells infected with rTHOV-wt, -dML, -SW mutant or mock-treated","Expression profiling by high throughput sequencing","Homo sapiens",12,,"TSV;SRA Run Selector","ftp://ftp.ncbi.nlm.nih.gov/geo/series/GSE105nnn/GSE105152/suppl;https://www.ncbi.nlm.nih.gov/Traces/study/?acc=PRJNA414970",29709033,SRP120487,"Andreas Pichlmair","Apr 01, 2018"
GSE105153,"Transcriptome of TNF-a-treated and untreated HeLa cells before and after TFIIB knockdown","Expression profiling by high throughput sequencing","Homo sapiens",12,,"TSV;SRA Run Selector","ftp://ftp.ncbi.nlm.nih.gov/geo/series/GSE105nnn/GSE105153/suppl;https://www.ncbi.nlm.nih.gov/Traces/study/?acc=PRJNA414971",29709033,SRP120486,"Andreas Pichlmair","Apr 01, 2018"
GSE105154,"Viral targeting of TFIIB impairs de novo polymerase II recruitment and affects antiviral immunity","Expression profiling by high throughput sequencing","Homo sapiens",24,,,,29709033,,"Andreas Pichlmair","Apr 01, 2018"
GSE105223,"Exacerbating role of angiopoietin-2 in cardiac hypoxia and inflammation after myocardial infarction","Expression profiling by high throughput sequencing","Mus musculus",7,,"TXT;SRA Run Selector","ftp://ftp.ncbi.nlm.nih.gov/geo/series/GSE105nnn/GSE105223/suppl;https://www.ncbi.nlm.nih.gov/Traces/study/?acc=PRJNA415063",,SRP120555,"Gou Young Koh","Apr 01, 2018"
GSE106855,"Reprograming of Glucose Metabolism by Zerumbone Suppresses Hepatocarcinogenesis","Expression profiling by array","Homo sapiens",4,,"CEL;CHP","ftp://ftp.ncbi.nlm.nih.gov/geo/series/GSE106nnn/GSE106855/suppl",,,"Lianbo Yu","Apr 01, 2018"
GSE106957,"Derivation and functional annotation of human hematopoietic subpopulations from single-cell DNA methylation data","Methylation profiling by high throughput sequencing","Homo sapiens",233,,"BED","ftp://ftp.ncbi.nlm.nih.gov/geo/series/GSE106nnn/GSE106957/suppl",30078558,,"Martin Hirst","Apr 01, 2018"
GSE107074,"Expression data from KOBU-induced Arabidopsis","Expression profiling by array","Arabidopsis thaliana",16,,"CEL;CHP","ftp://ftp.ncbi.nlm.nih.gov/geo/series/GSE107nnn/GSE107074/suppl",,,"Satoshi Naramoto","Apr 01, 2018"
GSE107499,"Expression data from Ulcerative Colitis subjects","Expression profiling by array","Homo sapiens",119,,"CEL","ftp://ftp.ncbi.nlm.nih.gov/geo/series/GSE107nnn/GSE107499/suppl",,,"William Gordon","Apr 01, 2018"
GSE107593,"UC Colon RNAseq subset analysis","Expression profiling by high throughput sequencing","Homo sapiens",48,,"TXT;SRA Run Selector","ftp://ftp.ncbi.nlm.nih.gov/geo/series/GSE107nnn/GSE107593/suppl;https://www.ncbi.nlm.nih.gov/Traces/study/?acc=PRJNA420681",,SRP125961,"William Gordon","Apr 01, 2018"
GSE107597,"Ulcerative Colitis subjects","Expression profiling by array;Expression profiling by high throughput sequencing","Homo sapiens",167,,"CEL","ftp://ftp.ncbi.nlm.nih.gov/geo/series/GSE107nnn/GSE107597/suppl",,,"William Gordon","Apr 01, 2018"
GSE107932,"Global transcriptional changes in U87MG glioblastoma cells upon shRNA-mediated TRIM52 knockdown","Expression profiling by high throughput sequencing","Homo sapiens",8,,"CSV;TXT;SRA Run Selector","ftp://ftp.ncbi.nlm.nih.gov/geo/series/GSE107nnn/GSE107932/suppl;https://www.ncbi.nlm.nih.gov/Traces/study/?acc=PRJNA421947",29568378,SRP126511,"Stefan Benke","Apr 01, 2018"
GSE108012,"RNA-seq of induced brain microvascular endothelial cells from cerebral childhood adrenoleukodystrophy patients and wild-type controls","Expression profiling by high throughput sequencing","Homo sapiens",18,,"TXT;SRA Run Selector","ftp://ftp.ncbi.nlm.nih.gov/geo/series/GSE108nnn/GSE108012/suppl;https://www.ncbi.nlm.nih.gov/Traces/study/?acc=PRJNA422218",,SRP126635,"Jakub Tolar","Apr 01, 2018"
GSE108480,"Differential 3’ Processing of Specific Transcripts Expands Regulatory and Protein Diversity Across Neuronal Cell Types","Expression profiling by high throughput sequencing;Other","Mus musculus",18,,"TXT;SRA Run Selector","ftp://ftp.ncbi.nlm.nih.gov/geo/series/GSE108nnn/GSE108480/suppl;https://www.ncbi.nlm.nih.gov/Traces/study/?acc=PRJNA427352",29578408,SRP127471,"Saša Jereb","Apr 01, 2018"
GSE108535,"Systematic Dissection of Sequence Elements Controlling σ70 Promoters Using a Genomically-Encoded Multiplexed Reporter Assay in E. coli","Other","Escherichia coli",10,,"TXT;SRA Run Selector","ftp://ftp.ncbi.nlm.nih.gov/geo/series/GSE108nnn/GSE108535/suppl;https://www.ncbi.nlm.nih.gov/Traces/study/?acc=PRJNA427577",29388765,SRP127571,"Guillaume Urtecho","Apr 01, 2018"
GSE108849,"Single-cell RNA-seq of fibroblasts from recessive dystrophic epidermolysis bullosa patients and wild-type controls","Expression profiling by high throughput sequencing","Homo sapiens",543,,"TXT;SRA Run Selector","ftp://ftp.ncbi.nlm.nih.gov/geo/series/GSE108nnn/GSE108849/suppl;https://www.ncbi.nlm.nih.gov/Traces/study/?acc=PRJNA428940",,SRP130949,"Jakub Tolar","Apr 01, 2018"
GSE109270,"RNA seq_PDX2_SHP099","Expression profiling by high throughput sequencing","Homo sapiens",12,,"XLSX;SRA Run Selector","ftp://ftp.ncbi.nlm.nih.gov/geo/series/GSE109nnn/GSE109270/suppl;https://www.ncbi.nlm.nih.gov/Traces/study/?acc=PRJNA430265",29808006,SRP131028,"Sara Mainardi","Apr 01, 2018"
GSE109396,"Expression data from SUM149 inflammatory breast cancer cells cultured in monolayer or Matrigel","Expression profiling by array","Homo sapiens",6,,"CEL","ftp://ftp.ncbi.nlm.nih.gov/geo/series/GSE109nnn/GSE109396/suppl",,,"Kazuharu Kai","Apr 01, 2018"
GSE109574,"Quiescent tissue stem cells evade immune surveillance","Expression profiling by high throughput sequencing","Mus musculus",7,,"XLSX;SRA Run Selector","ftp://ftp.ncbi.nlm.nih.gov/geo/series/GSE109nnn/GSE109574/suppl;https://www.ncbi.nlm.nih.gov/Traces/study/?acc=PRJNA431410",,SRP131260,"Brian Brown","Apr 01, 2018"
GSE109710,"Tumor infiltrating lymphocytes in patients receiving trastuzumab/pertuzumab-based chemotherapy: A TRYPHAENA substudy","Expression profiling by array","Homo sapiens",173,,"TXT","ftp://ftp.ncbi.nlm.nih.gov/geo/series/GSE109nnn/GSE109710/suppl",29788230,,"Yacine Bareche","Apr 01, 2018"
GSE109805,"Comparison of gene expression profiles of ex vivo sorted Common Lymphoid Progenitors (CLPs) and in vitro cultured cCLPs.","Expression profiling by high throughput sequencing","Mus musculus",8,,"TXT;SRA Run Selector","ftp://ftp.ncbi.nlm.nih.gov/geo/series/GSE109nnn/GSE109805/suppl;https://www.ncbi.nlm.nih.gov/Traces/study/?acc=PRJNA432065",,SRP131688,"Pawel Durek","Apr 01, 2018"
GSE110043,"Epigenome analysis of alcohol consumption in whole blood (WB) samples","Methylation profiling by genome tiling array","Homo sapiens",94,,"TXT","ftp://ftp.ncbi.nlm.nih.gov/geo/series/GSE110nnn/GSE110043/suppl",,,"Robert Alan Philibert","Apr 01, 2018"
GSE110221,"Single-cell genetic analysis of clonal dynamics in colorectal adenomas indicates CDX2 gains as a predictor of recurrence","Genome variation profiling by genome tiling array","Homo sapiens",54,,"TXT","ftp://ftp.ncbi.nlm.nih.gov/geo/series/GSE110nnn/GSE110221/suppl",,,"Yue Hu","Apr 01, 2018"
GSE110438,"Effect of topical treatment with either lung surfactant or selective MMP inhibitor on excisional wounds in mice","Expression profiling by array","Mus musculus",36,,"GPR","ftp://ftp.ncbi.nlm.nih.gov/geo/series/GSE110nnn/GSE110438/suppl",,,"Frank Stahl","Apr 01, 2018"
GSE110605,"Molecular basis of flowering under natural long-day conditions in Arabidopsis","Expression profiling by high throughput sequencing","Arabidopsis thaliana",24,,"TXT;SRA Run Selector","ftp://ftp.ncbi.nlm.nih.gov/geo/series/GSE110nnn/GSE110605/suppl;https://www.ncbi.nlm.nih.gov/Traces/study/?acc=PRJNA434094",30250277,SRP132865,"Takato Imaizumi","Apr 01, 2018"
GSE111320,"Development and Verification of an RNA-Seq Assay for the Detection of Gene Fusions in Tumors","Expression profiling by high throughput sequencing","Homo sapiens",54,,"XLS;SRA Run Selector","ftp://ftp.ncbi.nlm.nih.gov/geo/series/GSE111nnn/GSE111320/suppl;https://www.ncbi.nlm.nih.gov/Traces/study/?acc=PRJNA436593",29929942,SRP133789,"Numrah Mohammadali Fadra","Apr 01, 2018"
GSE111345,"RNA-seq analysis of RALD iPSCs after in vitro differentiation","Expression profiling by high throughput sequencing","Homo sapiens",8,,"XLSX","ftp://ftp.ncbi.nlm.nih.gov/geo/series/GSE111nnn/GSE111345/suppl",29983389,,"Kenji Kubara","Apr 01, 2018"
GSE111478,"miRNA data from extracellular vesicles secreted by Nippostrongylus brasiliensis","Non-coding RNA profiling by high throughput sequencing","Nippostrongylus brasiliensis",3,,"BED;SRA Run Selector","ftp://ftp.ncbi.nlm.nih.gov/geo/series/GSE111nnn/GSE111478/suppl;https://www.ncbi.nlm.nih.gov/Traces/study/?acc=PRJNA437143",29760697,SRP134030,"Ramon Marc Eichenberger","Apr 01, 2018"
GSE111621,"DNA 5-methylcytosine in Paramecium","Methylation profiling by high throughput sequencing","Paramecium tetraurelia",3,,"TXT;SRA Run Selector","ftp://ftp.ncbi.nlm.nih.gov/geo/series/GSE111nnn/GSE111621/suppl;https://www.ncbi.nlm.nih.gov/Traces/study/?acc=PRJNA437583",,SRP134240,"Daniel Hogan","Apr 01, 2018"
GSE112063,"Quantitative reverse transcription PCR analysis of human breast tumor cells in the PAM50 genes","Expression profiling by RT-PCR","Homo sapiens",246,,"TXT","ftp://ftp.ncbi.nlm.nih.gov/geo/series/GSE112nnn/GSE112063/suppl",29650789,,"Nicola J Camp","Apr 01, 2018"
GSE112092,"Gene expression of the bacterium Glutamicibacter arilaitensis when grown with Penicillium in cheese","Expression profiling by high throughput sequencing","Glutamicibacter arilaitensis",8,,"TXT;SRA Run Selector","ftp://ftp.ncbi.nlm.nih.gov/geo/series/GSE112nnn/GSE112092/suppl;https://www.ncbi.nlm.nih.gov/Traces/study/?acc=PRJNA439279",,SRP136106,"Benjamin Wolfe","Apr 01, 2018"
GSE112251,"Tumor immune evasion arises through loss of TNF sensitivity [Ado]","Expression profiling by high throughput sequencing","Mus musculus",24,,"CSV;SRA Run Selector","ftp://ftp.ncbi.nlm.nih.gov/geo/series/GSE112nnn/GSE112251/suppl;https://www.ncbi.nlm.nih.gov/Traces/study/?acc=PRJNA445398",,SRP136331,"Stephin J Vervoort","Apr 01, 2018"
GSE112252,"Tumor immune evasion arises through loss of TNF sensitivity [MC38]","Expression profiling by high throughput sequencing","Mus musculus",28,,"CSV;SRA Run Selector","ftp://ftp.ncbi.nlm.nih.gov/geo/series/GSE112nnn/GSE112252/suppl;https://www.ncbi.nlm.nih.gov/Traces/study/?acc=PRJNA445399",,SRP136332,"Stephin J Vervoort","Apr 01, 2018"
GSE112253,"Tumor immune evasion arises through loss of TNF sensitivity","Expression profiling by high throughput sequencing","Mus musculus",52,,,,,,"Stephin J Vervoort","Apr 01, 2018"
GSE112499,"RNA-seq analysis of FACS-sorted control and Tsc2-deleted nociceptors","Expression profiling by high throughput sequencing","Mus musculus",24,,"CSV;TXT;SRA Run Selector","ftp://ftp.ncbi.nlm.nih.gov/geo/series/GSE112nnn/GSE112499/suppl;https://www.ncbi.nlm.nih.gov/Traces/study/?acc=PRJNA447995",29766046,SRP136714,"Dan Carlin","Apr 01, 2018"
GSE112575,"Frontal cortex transcriptomic analysis of a TDP-43 Q331K knock-in mouse [20month]","Expression profiling by high throughput sequencing","Mus musculus",28,,"TXT;SRA Run Selector","ftp://ftp.ncbi.nlm.nih.gov/geo/series/GSE112nnn/GSE112575/suppl;https://www.ncbi.nlm.nih.gov/Traces/study/?acc=PRJNA448283",,SRP136879,"Felix Krueger","Apr 01, 2018"
GSE59158,"BRD4 links carbohydrate and lipid synthetic pathways to a core transcriptional network for a cell-type specific metabolic response (ChIP-Seq 3T3-L1)","Genome binding/occupancy profiling by high throughput sequencing","Mus musculus",2,,"BED;WIG;SRA Run Selector","ftp://ftp.ncbi.nlm.nih.gov/geo/series/GSE59nnn/GSE59158/suppl;https://www.ncbi.nlm.nih.gov/Traces/study/?acc=PRJNA254509",,SRP044117,"Martin J. Walsh","Mar 31, 2018"
GSE59159,"BRD4 links carbohydrate and lipid synthetic pathways to a core transcriptional network for a cell-type specific metabolic response (RNA-Seq 3T3-L1)","Expression profiling by high throughput sequencing","Mus musculus",3,,"TXT;SRA Run Selector","ftp://ftp.ncbi.nlm.nih.gov/geo/series/GSE59nnn/GSE59159/suppl;https://www.ncbi.nlm.nih.gov/Traces/study/?acc=PRJNA254512",,SRP044118,"Martin J. Walsh","Mar 31, 2018"
GSE59160,"BRD4 links carbohydrate and lipid synthetic pathways to a core transcriptional network for a cell-type specific metabolic response (RNA-seq Liver)","Expression profiling by high throughput sequencing","Mus musculus",5,,"TXT;SRA Run Selector","ftp://ftp.ncbi.nlm.nih.gov/geo/series/GSE59nnn/GSE59160/suppl;https://www.ncbi.nlm.nih.gov/Traces/study/?acc=PRJNA254511",,SRP044119,"Martin J. Walsh","Mar 31, 2018"
GSE59161,"BRD4 links carbohydrate and lipid synthetic pathways to a core transcriptional network for a cell-type specific metabolic response (RNA-seq Fat)","Expression profiling by high throughput sequencing","Mus musculus",5,,"TXT;SRA Run Selector","ftp://ftp.ncbi.nlm.nih.gov/geo/series/GSE59nnn/GSE59161/suppl;https://www.ncbi.nlm.nih.gov/Traces/study/?acc=PRJNA254510",,SRP044120,"Martin J. Walsh","Mar 31, 2018"
GSE59162,"BRD4 directs glycolytic metabolism through a comprehensive epigenomic and transcriptional network","Expression profiling by high throughput sequencing;Genome binding/occupancy profiling by high throughput sequencing","Mus musculus",15,,,,,,"Martin J. Walsh","Mar 31, 2018"
GSE66904,"Human OCI-AML3 cells: Control vs. Atg5-shRNA  or NPM1-shRNA inducibly expressed","Expression profiling by array","Homo sapiens",8,,"TXT","ftp://ftp.ncbi.nlm.nih.gov/geo/series/GSE66nnn/GSE66904/suppl",,,"Min huang","Mar 31, 2018"
GSE77089,"Transcriptomic responses of Clostridium (Ruminiclostridium) thermocellum ATCC27405 and ethanol tolerant strains to ethanol stress","Expression profiling by array","Hungateiclostridium thermocellum ATCC 27405",52,,"PAIR","ftp://ftp.ncbi.nlm.nih.gov/geo/series/GSE77nnn/GSE77089/suppl",,,"Jason Whitham","Mar 31, 2018"
GSE77627,"Whole genome profiling of liver biopsies discloses potential biomarkers for diagnosis of idiopathic non-cirrhotic portal hypertension","Expression profiling by array","Homo sapiens",54,,"TXT","ftp://ftp.ncbi.nlm.nih.gov/geo/series/GSE77nnn/GSE77627/suppl",,,"Juanjo Lozano","Mar 31, 2018"
GSE79011,"Transcriptome profile of rice genotypes IR24 and IRBB67 in interaction with Xanthomonas oryzae pv. oryzae under two temperature regimes","Expression profiling by high throughput sequencing","Oryza sativa",48,,"CSV;SRA Run Selector","ftp://ftp.ncbi.nlm.nih.gov/geo/series/GSE79nnn/GSE79011/suppl;https://www.ncbi.nlm.nih.gov/Traces/study/?acc=PRJNA314700",,SRP071314,"Sylvestre Gerbert Dossa","Mar 31, 2018"
GSE81264,"Comprehensive analysis of area-specific and time-dependent changes in gene expression in the motor cortex of macaque monkeys during recovery from spinal cord injury","Expression profiling by array","Macaca mulatta",54,,"TXT","ftp://ftp.ncbi.nlm.nih.gov/geo/series/GSE81nnn/GSE81264/suppl",,,"Toshio Kojima","Mar 31, 2018"
GSE88882,"Gfi1b - A key player in genesis and maintenance of AML and MDS [expression microarray]","Expression profiling by array","Mus musculus",6,,"CEL;TXT","ftp://ftp.ncbi.nlm.nih.gov/geo/series/GSE88nnn/GSE88882/suppl",29326122,,"Cyrus Khandanpour","Mar 31, 2018"
GSE88934,"Gfi1b - A key player in genesis and maintenance of AML and MDS [ChIP-seq]","Genome binding/occupancy profiling by high throughput sequencing","Mus musculus",4,,"TXT;SRA Run Selector","ftp://ftp.ncbi.nlm.nih.gov/geo/series/GSE88nnn/GSE88934/suppl;https://www.ncbi.nlm.nih.gov/Traces/study/?acc=PRJNA349148",29326122,SRP091765,"Cyrus Khandanpour","Mar 31, 2018"
GSE88935,"Gfi1b - A key player in genesis and maintenance of AML and MDS","Expression profiling by array;Genome binding/occupancy profiling by high throughput sequencing","Mus musculus",10,,"CEL","ftp://ftp.ncbi.nlm.nih.gov/geo/series/GSE88nnn/GSE88935/suppl",29326122,,"Cyrus Khandanpour","Mar 31, 2018"
GSE90007,"Depletion of DNMT1 in differentiated human cells highlights key classes of sensitive genes and an interplay with polycomb repression [methylation]","Methylation profiling by genome tiling array","Homo sapiens",12,,"TXT","ftp://ftp.ncbi.nlm.nih.gov/geo/series/GSE90nnn/GSE90007/suppl",29598829,,"Colum Patrick Walsh","Mar 31, 2018"
GSE90011,"Depletion of DNMT1 in differentiated human cells highlights key classes of sensitive genes and an interplay with polycomb repression [expression]","Expression profiling by array","Homo sapiens",12,,"IDAT;TXT","ftp://ftp.ncbi.nlm.nih.gov/geo/series/GSE90nnn/GSE90011/suppl",29598829,,"Colum Patrick Walsh","Mar 31, 2018"
GSE90012,"Depletion of DNMT1 in differentiated human cells highlights key classes of sensitive genes and an interplay with polycomb repression ","Expression profiling by array;Methylation profiling by genome tiling array","Homo sapiens",24,,"IDAT","ftp://ftp.ncbi.nlm.nih.gov/geo/series/GSE90nnn/GSE90012/suppl",29598829,,"Colum Patrick Walsh","Mar 31, 2018"
GSE90965,"Overexpression of 3 transcription factors uniquely induced by salt in Arabidopsis","Expression profiling by array","Arabidopsis thaliana",6,,"TXT","ftp://ftp.ncbi.nlm.nih.gov/geo/series/GSE90nnn/GSE90965/suppl",,,"AYAN SADHUKHAN","Mar 31, 2018"
GSE93362,"Differential gene expression of M. tuberculosis in adipocytes and preadipocytes reveals redundancy of iron storage machinery in a fat rich host","Expression profiling by high throughput sequencing","Mycobacterium tuberculosis H37Rv",6,,"CSV;SRA Run Selector","ftp://ftp.ncbi.nlm.nih.gov/geo/series/GSE93nnn/GSE93362/suppl;https://www.ncbi.nlm.nih.gov/Traces/study/?acc=PRJNA360809",29632245,SRP096356,"Sheetal Gandotra","Mar 31, 2018"
GSE94141,"Gene expression profiles of RALD iPSCs cultured with or without bFGF","Expression profiling by array","Homo sapiens",8,,"TXT","ftp://ftp.ncbi.nlm.nih.gov/geo/series/GSE94nnn/GSE94141/suppl",29983389,,"Kenji Kubara","Mar 31, 2018"
GSE96519,"Transcriptome of the distal late segment of the zebrafish mesonephros","Expression profiling by high throughput sequencing","Danio rerio",6,,"TXT;SRA Run Selector","ftp://ftp.ncbi.nlm.nih.gov/geo/series/GSE96nnn/GSE96519/suppl;https://www.ncbi.nlm.nih.gov/Traces/study/?acc=PRJNA378882",,SRP101756,"Yuya Sugano","Mar 31, 2018"
GSE96742,"PCALCL cell line Mac1:vehicle control vs.shEZH2","Expression profiling by array","Homo sapiens",6,,"TXT","ftp://ftp.ncbi.nlm.nih.gov/geo/series/GSE96nnn/GSE96742/suppl",29248547,,"Yi Shengguo","Mar 31, 2018"
GSE96926,"Transcriptome analysis of Arid1a-deficient IPMN and Brg1-deficient IPMN","Expression profiling by array","Mus musculus",5,,"TXT","ftp://ftp.ncbi.nlm.nih.gov/geo/series/GSE96nnn/GSE96926/suppl",,,"Yoshito Kimura","Mar 31, 2018"
GSE97044,"Dynamic Changes in the Expressions of Elastogenesis- and Elastinolysis-Associated Genes and Remodeling of the Elastin Network in Volume-Overloaded Heart","Expression profiling by array","Rattus norvegicus",16,,"CEL","ftp://ftp.ncbi.nlm.nih.gov/geo/series/GSE97nnn/GSE97044/suppl",,,"Yun-Shien Lee","Mar 31, 2018"
GSE97287,"Acute v. baseline PBMC gene expression in patients with Systemic Capillary Leak Syndrome","Expression profiling by array","Homo sapiens",19,,"TXT","ftp://ftp.ncbi.nlm.nih.gov/geo/series/GSE97nnn/GSE97287/suppl",29360169,,"Timothy G Myers","Mar 31, 2018"
GSE97308,"Aluminum Oxide Nanoparticles and Aluminum Ion Leading to Distinct Physiological and Molecular Responses in Arabidopsis thaliana","Expression profiling by high throughput sequencing","Arabidopsis thaliana",6,,"TXT;SRA Run Selector","ftp://ftp.ncbi.nlm.nih.gov/geo/series/GSE97nnn/GSE97308/suppl;https://www.ncbi.nlm.nih.gov/Traces/study/?acc=PRJNA381354",,SRP102893,"Yujian Jin","Mar 31, 2018"
GSE97429,"Gene expression in the liver remnant is significantly affected by the size of partial hepatectomy - an experimental rat study","Expression profiling by array","Rattus norvegicus",30,,"CEL","ftp://ftp.ncbi.nlm.nih.gov/geo/series/GSE97nnn/GSE97429/suppl",28488569,,"Anders Riegels Knudsen","Mar 31, 2018"
GSE97506,"Differentially expressed circulating miRNAs during interferon therapy for 48 weeks to reduce HBsAg levels in HBeAg negative chronic hepatitis B patients","Non-coding RNA profiling by array","Homo sapiens",22,,"TXT","ftp://ftp.ncbi.nlm.nih.gov/geo/series/GSE97nnn/GSE97506/suppl",,,"Satoshi Kondo","Mar 31, 2018"
GSE98305,"Regional preferences of DNA methylation changes in response to X-ray-irradiation [Agilent-069114 array]","Methylation profiling by genome tiling array","Homo sapiens",66,,"TXT","ftp://ftp.ncbi.nlm.nih.gov/geo/series/GSE98nnn/GSE98305/suppl",,,"Benjamin Becker","Mar 31, 2018"
GSE98307,"Regional preferences of DNA methylation changes in response to X-ray-irradiation [Agilent-021850 array]","Methylation profiling by genome tiling array","Homo sapiens",12,,"TXT","ftp://ftp.ncbi.nlm.nih.gov/geo/series/GSE98nnn/GSE98307/suppl",,,"Benjamin Becker","Mar 31, 2018"
GSE98308,"Regional preferences of DNA methylation changes in response to X-ray-irradiation","Methylation profiling by genome tiling array","Homo sapiens",78,,"TXT","ftp://ftp.ncbi.nlm.nih.gov/geo/series/GSE98nnn/GSE98308/suppl",,,"Benjamin Becker","Mar 31, 2018"
GSE98687,"Gene expression altered by csi-miR156a overexpression in citrus callus","Expression profiling by high throughput sequencing","Citrus hindsii",8,,"TXT;SRA Run Selector","ftp://ftp.ncbi.nlm.nih.gov/geo/series/GSE98nnn/GSE98687/suppl;https://www.ncbi.nlm.nih.gov/Traces/study/?acc=PRJNA385912",29659948,SRP106681,"Jianmei Long","Mar 31, 2018"
GSE99576,"Exploring the link between ER stress and autophagy in Arabidopsis","Expression profiling by high throughput sequencing","Arabidopsis thaliana",18,,"TXT;SRA Run Selector","ftp://ftp.ncbi.nlm.nih.gov/geo/series/GSE99nnn/GSE99576/suppl;https://www.ncbi.nlm.nih.gov/Traces/study/?acc=PRJNA388950",,SRP108535,"Stephen Howell","Mar 31, 2018"
GSE104126,"MicroRNA expression profiles predict the response to PegIFNα-2a treatment of Chronic Hepatitis B","Non-coding RNA profiling by array","Homo sapiens;Mus musculus;Rattus norvegicus",20,,"GPR","ftp://ftp.ncbi.nlm.nih.gov/geo/series/GSE104nnn/GSE104126/suppl",29685146,,"YanLin Yang","Mar 31, 2018"
GSE104636,"Expression profile comparison between paired tumor- and normal tissue-associated MSCs from lung carcinoma patients","Expression profiling by array","Homo sapiens",18,,"CEL","ftp://ftp.ncbi.nlm.nih.gov/geo/series/GSE104nnn/GSE104636/suppl",29503225,,"Mathieu Quinodoz","Mar 31, 2018"
GSE104858,"Effect of human pulmonary MSCs isolated from normal and tumor tissues on the expression profile of primary lung cancer cells","Expression profiling by high throughput sequencing","Homo sapiens",12,,"TXT;SRA Run Selector","ftp://ftp.ncbi.nlm.nih.gov/geo/series/GSE104nnn/GSE104858/suppl;https://www.ncbi.nlm.nih.gov/Traces/study/?acc=PRJNA413364",29503225,SRP119503,"Mathieu Quinodoz","Mar 31, 2018"
GSE106641,"Expression data of small and large luteal cells from bovine mature CL","Expression profiling by array","Bos taurus",8,,"CEL","ftp://ftp.ncbi.nlm.nih.gov/geo/series/GSE106nnn/GSE106641/suppl",29900371,,"Vijay simha Baddela","Mar 31, 2018"
GSE107674,"Viral miRNAs alter cellular miRNAs profiles","Non-coding RNA profiling by array","Homo sapiens;synthetic construct",32,,"TXT","ftp://ftp.ncbi.nlm.nih.gov/geo/series/GSE107nnn/GSE107674/suppl",,,"Afsar Naqvi","Mar 31, 2018"
GSE108504,"Rice (Nipponbare) transcriptome upon inoculation with Malian Xanthomonas oryzae pv. oryzae strain MAI1","Expression profiling by high throughput sequencing","Oryza sativa Japonica Group",6,,"TXT;SRA Run Selector","ftp://ftp.ncbi.nlm.nih.gov/geo/series/GSE108nnn/GSE108504/suppl;https://www.ncbi.nlm.nih.gov/Traces/study/?acc=PRJNA427491",29864161,SRP127526,"Alvaro Luis Pérez-Quintero","Mar 31, 2018"
GSE108602,"Identification of cell-free DNA in gastric cancer patient","Genome variation profiling by genome tiling array","Homo sapiens",2,,"TXT","ftp://ftp.ncbi.nlm.nih.gov/geo/series/GSE108nnn/GSE108602/suppl",,,"Jinjong Bong","Mar 31, 2018"
GSE108638,"Widespread Changes in Transcriptome Profile of Human Mesenchymal Stem Cells Induced by Two-Dimensional (2D) Nanosilicates","Expression profiling by high throughput sequencing","Homo sapiens",4,,"TXT;SRA Run Selector","ftp://ftp.ncbi.nlm.nih.gov/geo/series/GSE108nnn/GSE108638/suppl;https://www.ncbi.nlm.nih.gov/Traces/study/?acc=PRJNA427920",29643075,SRP127737,"Irtisha Singh","Mar 31, 2018"
GSE108904,"Heart tissue expression data from dTGR rats treated with or without BAY 41-8543 and Sprague Dawley control rats","Expression profiling by array","Rattus norvegicus",28,,"CEL","ftp://ftp.ncbi.nlm.nih.gov/geo/series/GSE108nnn/GSE108904/suppl",29467337,,"Ralf Lesche","Mar 31, 2018"
GSE109036,"A selection of Saccharomyces cerevisiae promoters for biotechnological applications aiming at the use of synthetic glycerol medium","Expression profiling by high throughput sequencing","Saccharomyces cerevisiae",1,,"XLS;SRA Run Selector","ftp://ftp.ncbi.nlm.nih.gov/geo/series/GSE109nnn/GSE109036/suppl;https://www.ncbi.nlm.nih.gov/Traces/study/?acc=PRJNA429459",,SRP128703,"Ping-Wei Ho","Mar 31, 2018"
GSE109727,"Anopheles gambiae midgut tissue: Oral exposure to Chromobacterium sp. Panama filtered cell-free biofilm supernatant vs. Oral exposure to LB.","Expression profiling by array","Anopheles gambiae",4,,"TXT","ftp://ftp.ncbi.nlm.nih.gov/geo/series/GSE109nnn/GSE109727/suppl",29622036,,"George Dimopoulos","Mar 31, 2018"
GSE110080,"Iron starvation in Bifidobacterium breve UCC2003 increases bile resistance through enhanced expression of a bile salt hydrolase","Expression profiling by array","Bifidobacterium breve UCC2003",5,,"TXT","ftp://ftp.ncbi.nlm.nih.gov/geo/series/GSE110nnn/GSE110080/suppl",,,"Noreen Lanigan","Mar 31, 2018"
GSE110215,"X Chromosome Dosage Modulates Multiple Molecular and Cellular Properties of Mouse Pluripotent Stem Cells Independently of Global DNA Methylation Levels","Expression profiling by high throughput sequencing;Genome binding/occupancy profiling by high throughput sequencing","Mus musculus;Mus musculus musculus x M. m. castaneus",52,,"BW;TXT;XLSX;SRA Run Selector","ftp://ftp.ncbi.nlm.nih.gov/geo/series/GSE110nnn/GSE110215/suppl;https://www.ncbi.nlm.nih.gov/Traces/study/?acc=PRJNA433190",,SRP132293,"Vincent Pasque","Mar 31, 2018"
GSE112034,"Comparative transcriptome analysis of the petals in doubled haploid and autotetraploid Chinese cabbages","Expression profiling by high throughput sequencing","Brassica rapa subsp. pekinensis",6,,"FASTA;XLS;SRA Run Selector","ftp://ftp.ncbi.nlm.nih.gov/geo/series/GSE112nnn/GSE112034/suppl;https://www.ncbi.nlm.nih.gov/Traces/study/?acc=PRJNA438987",,SRP136018,"Yiheng Wang","Mar 31, 2018"
GSE112035,"Comparative microRNAome analysis of the petals in doubled haploid and autotetraploid Chinese cabbages","Non-coding RNA profiling by high throughput sequencing","Brassica rapa subsp. pekinensis",2,,"FA;XLS;SRA Run Selector","ftp://ftp.ncbi.nlm.nih.gov/geo/series/GSE112nnn/GSE112035/suppl;https://www.ncbi.nlm.nih.gov/Traces/study/?acc=PRJNA438986",,SRP136020,"Yiheng Wang","Mar 31, 2018"
GSE112382,"Polycomb repressive complex 1 (PRC1) role in skin epithelium development [Epi Ring1a/b dKO]","Expression profiling by high throughput sequencing","Mus musculus",6,,"TSV;XLSX;SRA Run Selector","ftp://ftp.ncbi.nlm.nih.gov/geo/series/GSE112nnn/GSE112382/suppl;https://www.ncbi.nlm.nih.gov/Traces/study/?acc=PRJNA445861",29727681,SRP136552,"Dejian Zhao","Mar 31, 2018"
GSE112386,"Polycomb repressive complex 1 (PRC1) role in skin epithelium development [HF]","Expression profiling by high throughput sequencing","Mus musculus",6,,"TSV;XLSX;SRA Run Selector","ftp://ftp.ncbi.nlm.nih.gov/geo/series/GSE112nnn/GSE112386/suppl;https://www.ncbi.nlm.nih.gov/Traces/study/?acc=PRJNA445884",29727681,SRP136563,"Dejian Zhao","Mar 31, 2018"
GSE112398,"Polycomb repressive complex 1 (PRC1) role in skin epithelium development [Epidermis I53A]","Expression profiling by high throughput sequencing","Mus musculus",4,,"TSV;XLSX;SRA Run Selector","ftp://ftp.ncbi.nlm.nih.gov/geo/series/GSE112nnn/GSE112398/suppl;https://www.ncbi.nlm.nih.gov/Traces/study/?acc=PRJNA445886",29727681,SRP136565,"Dejian Zhao","Mar 31, 2018"
GSE112400,"Polycomb repressive complex 1 (PRC1) role in skin epithelium development [HF I53A]","Expression profiling by high throughput sequencing","Mus musculus",6,,"TSV;XLSX;SRA Run Selector","ftp://ftp.ncbi.nlm.nih.gov/geo/series/GSE112nnn/GSE112400/suppl;https://www.ncbi.nlm.nih.gov/Traces/study/?acc=PRJNA445891",29727681,SRP136568,"Dejian Zhao","Mar 31, 2018"
GSE112402,"Polycomb repressive complex 1 (PRC1) role in skin epithelium development [Epi Eed cKO]","Expression profiling by high throughput sequencing","Mus musculus",6,,"TSV;XLSX;SRA Run Selector","ftp://ftp.ncbi.nlm.nih.gov/geo/series/GSE112nnn/GSE112402/suppl;https://www.ncbi.nlm.nih.gov/Traces/study/?acc=PRJNA446059",29727681,SRP136649,"Dejian Zhao","Mar 31, 2018"
GSE112403,"Polycomb repressive complex 1 (PRC1) role in skin epithelium development [Epi ChIP-seq]","Genome binding/occupancy profiling by high throughput sequencing","Mus musculus",14,,"TDF;XLS;SRA Run Selector","ftp://ftp.ncbi.nlm.nih.gov/geo/series/GSE112nnn/GSE112403/suppl;https://www.ncbi.nlm.nih.gov/Traces/study/?acc=PRJNA446062",29727681,SRP136651,"Dejian Zhao","Mar 31, 2018"
GSE112450,"Polycomb repressive complex 1 (PRC1) role in skin epithelium development [ChIP-seq Auts2, Bmi1, Rybp]","Genome binding/occupancy profiling by high throughput sequencing","Mus musculus",6,,"TDF;SRA Run Selector","ftp://ftp.ncbi.nlm.nih.gov/geo/series/GSE112nnn/GSE112450/suppl;https://www.ncbi.nlm.nih.gov/Traces/study/?acc=PRJNA446723",29727681,SRP136725,"Dejian Zhao","Mar 31, 2018"
GSE112456,"Polycomb repressive complex 1 (PRC1) role in skin epithelium development [ChIP-seq Auts2, Cbx8, Kdm2b, L3mbtl2]","Genome binding/occupancy profiling by high throughput sequencing","Mus musculus",8,,"TDF;SRA Run Selector","ftp://ftp.ncbi.nlm.nih.gov/geo/series/GSE112nnn/GSE112456/suppl;https://www.ncbi.nlm.nih.gov/Traces/study/?acc=PRJNA447393",29727681,SRP136726,"Dejian Zhao","Mar 31, 2018"
GSE112457,"Polycomb repressive complex 1 (PRC1) role in skin epithelium development [ChIP-seq Ring1b, Suz12, H3K27me3]","Genome binding/occupancy profiling by high throughput sequencing","Mus musculus",16,,"TDF;SRA Run Selector","ftp://ftp.ncbi.nlm.nih.gov/geo/series/GSE112nnn/GSE112457/suppl;https://www.ncbi.nlm.nih.gov/Traces/study/?acc=PRJNA447895",29727681,SRP136728,"Dejian Zhao","Mar 31, 2018"
GSE112460,"PRC1 fine-tunes gene repression and activation to safeguard skin development and stem cell specification","Expression profiling by high throughput sequencing;Genome binding/occupancy profiling by high throughput sequencing","Mus musculus",72,,"TDF;TSV;XLS","ftp://ftp.ncbi.nlm.nih.gov/geo/series/GSE112nnn/GSE112460/suppl",29727681,,"Dejian Zhao","Mar 31, 2018"
GSE112514,"Towne induced changes to human foreskin fibroblast transcriptional activity.","Expression profiling by array","Homo sapiens",6,,"TXT","ftp://ftp.ncbi.nlm.nih.gov/geo/series/GSE112nnn/GSE112514/suppl",,,"Philip E. Pellett","Mar 31, 2018"
GSE112527,"Gene expression profiling of porcine skeletal muscle satellite cells after challenge with poly I:C ","Expression profiling by high throughput sequencing","Sus scrofa",21,,"GTF;SRA Run Selector","ftp://ftp.ncbi.nlm.nih.gov/geo/series/GSE112nnn/GSE112527/suppl;https://www.ncbi.nlm.nih.gov/Traces/study/?acc=PRJNA448132",,SRP136801,"Thuy Nhien Tran Thi","Mar 31, 2018"
GSE112549,"Expression data from mouse bone marrow late pre-B cells","Expression profiling by array","Mus musculus",8,,"CEL;CHP","ftp://ftp.ncbi.nlm.nih.gov/geo/series/GSE112nnn/GSE112549/suppl",,,"Stephen Noel Waggoner","Mar 31, 2018"
GSE112556,"microRNA expression patterns from humans with dialated cardiomyopathy","Non-coding RNA profiling by array","Homo sapiens",6,,"TXT","ftp://ftp.ncbi.nlm.nih.gov/geo/series/GSE112nnn/GSE112556/suppl",,,"Lichan Tao","Mar 31, 2018"
GSE112559,"Transcriptome analysis of  Streptomyces natalensis HW-2 to fungal elicitor using RNA-sequencing","Expression profiling by high throughput sequencing","Streptomyces natalensis",4,,"TXT;SRA Run Selector","ftp://ftp.ncbi.nlm.nih.gov/geo/series/GSE112nnn/GSE112559/suppl;https://www.ncbi.nlm.nih.gov/Traces/study/?acc=PRJNA448178",,SRP136837,"wei lan lan","Mar 31, 2018"
GSE112562,"Transcriptomic analysis of skin pigmentation variation in the Virginia opossum (Didelphis virginiana).","Expression profiling by high throughput sequencing","Didelphis virginiana",13,,"TXT;SRA Run Selector","ftp://ftp.ncbi.nlm.nih.gov/geo/series/GSE112nnn/GSE112562/suppl;https://www.ncbi.nlm.nih.gov/Traces/study/?acc=PRJNA448179",,SRP136840,"Sergio F. Nigenda-Morales","Mar 31, 2018"
GSE72687,"RNA expression in MDA-MB-231 cells transfected with scramble, LSD1 or HDAC5 shRNA (HG-U133A_2)","Expression profiling by array","Homo sapiens",12,,"CEL","ftp://ftp.ncbi.nlm.nih.gov/geo/series/GSE72nnn/GSE72687/suppl",29633255,,"Yi Huang","Mar 30, 2018"
GSE83695,"C. elegans FBF iCLIP from spermatogenic and oogenic germlines","Expression profiling by high throughput sequencing","Caenorhabditis elegans",18,,"TXT;SRA Run Selector","ftp://ftp.ncbi.nlm.nih.gov/geo/series/GSE83nnn/GSE83695/suppl;https://www.ncbi.nlm.nih.gov/Traces/study/?acc=PRJNA326738",30459181,SRP077050,"Marv Wickens","Mar 30, 2018"
GSE92921,"Prognostic Model for Stage II/III Colon Cancer Based on Gene Expression Subtypes and KRAS Mutation Status","Expression profiling by array","Homo sapiens",59,,"CEL;CHP","ftp://ftp.ncbi.nlm.nih.gov/geo/series/GSE92nnn/GSE92921/suppl",,,"Yuichiro Yoshida","Mar 30, 2018"
GSE97218,"Analysis of differential gene expression in the Streptococcus sanguinis SK36 treated with sub-inhibitory dose of Ampicillin for 3 time periods.","Expression profiling by high throughput sequencing","Streptococcus sanguinis",12,,"TXT;SRA Run Selector","ftp://ftp.ncbi.nlm.nih.gov/geo/series/GSE97nnn/GSE97218/suppl;https://www.ncbi.nlm.nih.gov/Traces/study/?acc=PRJNA381005",29393020,SRP102729,"Fadi Elias El-Rami","Mar 30, 2018"
GSE99757,"Low-input and multiplexed microfluidic assay reveals epigenomic variation across cerebellum and prefrontal cortex","Expression profiling by high throughput sequencing;Genome binding/occupancy profiling by high throughput sequencing","Homo sapiens;Mus musculus",176,,"BW;TXT;SRA Run Selector","ftp://ftp.ncbi.nlm.nih.gov/geo/series/GSE99nnn/GSE99757/suppl;https://www.ncbi.nlm.nih.gov/Traces/study/?acc=PRJNA389549",29675472,SRP108745,"Chang Lu","Mar 30, 2018"
GSE101118,"Crown transcriptome analysis of Norstar (NO), Manitou (MA), and the near-isogenic lines (NIL) spring Norstar (SN) and winter Manitou (WM) under field conditions","Expression profiling by high throughput sequencing","Triticum aestivum",80,,"TXT;SRA Run Selector","ftp://ftp.ncbi.nlm.nih.gov/geo/series/GSE101nnn/GSE101118/suppl;https://www.ncbi.nlm.nih.gov/Traces/study/?acc=PRJNA393734",29259104,SRP111489,"Qiang Li","Mar 30, 2018"
GSE102200,"Expression alternations in liraglutide treated rats cardiac muscle","Expression profiling by array;Non-coding RNA profiling by array","Rattus norvegicus;synthetic construct",12,,"CEL","ftp://ftp.ncbi.nlm.nih.gov/geo/series/GSE102nnn/GSE102200/suppl",,,"Qian Zhang","Mar 30, 2018"
GSE102990,"Whole-organism clone-tracing using single-cell sequencing","Expression profiling by high throughput sequencing","Danio rerio",56,,"TXT;SRA Run Selector","ftp://ftp.ncbi.nlm.nih.gov/geo/series/GSE102nnn/GSE102990/suppl;https://www.ncbi.nlm.nih.gov/Traces/study/?acc=PRJNA399711",29590089,SRP116018,"Anna Alemany","Mar 30, 2018"
GSE104676,"Direct Promoter Repression by BCL11A Controls the Fetal to Adult Hemoglobin Switch","Genome binding/occupancy profiling by high throughput sequencing","Homo sapiens",31,,"BED;BW;NARROWPEAK;SRA Run Selector","ftp://ftp.ncbi.nlm.nih.gov/geo/series/GSE104nnn/GSE104676/suppl;https://www.ncbi.nlm.nih.gov/Traces/study/?acc=PRJNA413473",29606353,SRP119506,"Stuart Orkin","Mar 30, 2018"
GSE104778,"Identification of sex-specific DNA methylation changes driven by specific chemicals in cord blood in a Faroese birth cohort","Methylation profiling by genome tiling array","Homo sapiens",72,,"IDAT;TXT","ftp://ftp.ncbi.nlm.nih.gov/geo/series/GSE104nnn/GSE104778/suppl",29560787,,"Yuetkin Leung","Mar 30, 2018"
GSE106600," HM450K-based DNA methylation analysis of normal and Chronic Phase-Chronic Myeloid Leukemia (CP-CML)","Methylation profiling by genome tiling array","Homo sapiens",23,,"IDAT;TXT","ftp://ftp.ncbi.nlm.nih.gov/geo/series/GSE106nnn/GSE106600/suppl",29575763,,"franck court","Mar 30, 2018"
GSE108262,"Comparison of STEEL siRNA-treated and control siRNA-treated human endothelial cells","Expression profiling by array","Homo sapiens",14,,"TXT","ftp://ftp.ncbi.nlm.nih.gov/geo/series/GSE108nnn/GSE108262/suppl",29467285,,"Philip A Marsden","Mar 30, 2018"
GSE108318,"Long non-coding RNA profiling in 6 cell types","Non-coding RNA profiling by array;Expression profiling by array","Homo sapiens",18,,"PAIR","ftp://ftp.ncbi.nlm.nih.gov/geo/series/GSE108nnn/GSE108318/suppl",29467285,,"Philip A Marsden","Mar 30, 2018"
GSE108321,"Angiogenic patterning by STEEL, an endothelial-enriched long noncoding RNA","Expression profiling by array;Non-coding RNA profiling by array","Homo sapiens",32,,"PAIR;TXT","ftp://ftp.ncbi.nlm.nih.gov/geo/series/GSE108nnn/GSE108321/suppl",29467285,,"Philip A Marsden","Mar 30, 2018"
GSE108345,"mRNA expression from three human gastric cancer cell lines (MKN1, NUGC4 and AZ521) following either 10ug/ml Pam3Cys-Ser-(Lys)4 and FSL-1 or no treatment.","Expression profiling by array","Homo sapiens",18,,"CEL","ftp://ftp.ncbi.nlm.nih.gov/geo/series/GSE108nnn/GSE108345/suppl",,,"Liang Yu","Mar 30, 2018"
GSE108740,"Transcriptomics of Toxoplasma gondii enteroepithelial stages","Expression profiling by high throughput sequencing","Toxoplasma gondii",18,,"XLSX;SRA Run Selector","ftp://ftp.ncbi.nlm.nih.gov/geo/series/GSE108nnn/GSE108740/suppl;https://www.ncbi.nlm.nih.gov/Traces/study/?acc=PRJNA428456",30728393,SRP130930,"Chandra Ramakrishnan","Mar 30, 2018"
GSE110569,"Hepatic phosphorylation of transcription factor SREBP-1a interferes with gene regulation and peroxisomal function","Expression profiling by array","Mus musculus",24,,"CEL;CHP","ftp://ftp.ncbi.nlm.nih.gov/geo/series/GSE110nnn/GSE110569/suppl",29587401,,"Birgit Knebel","Mar 30, 2018"
GSE110628,"Transcriptional responses of K. pneumoniae, S. maltophilia, P.aeruginosa, and B. thailandensis exposed to lung surfactant","Expression profiling by array","Burkholderia thailandensis E264;Klebsiella pneumoniae MGH 78578;Pseudomonas aeruginosa PA14;Stenotrophomonas maltophilia K279a",8,,"CEL;CHP;TXT","ftp://ftp.ncbi.nlm.nih.gov/geo/series/GSE110nnn/GSE110628/suppl",29712730,,"Matthew J Wargo","Mar 30, 2018"
GSE111060,"Targeting Sphingosine Kinase Isoforms Effectively Reduces Growth and Survival of Neoplastic Mast Cells with D816V-KIT","Expression profiling by RT-PCR","Homo sapiens",6,,"XLSX","ftp://ftp.ncbi.nlm.nih.gov/geo/series/GSE111nnn/GSE111060/suppl",29643855,,"Ana Olivera","Mar 30, 2018"
GSE111137,"Expression data of innate or antigen-induced memory cells","Expression profiling by array","Mus musculus",29,,"CEL","ftp://ftp.ncbi.nlm.nih.gov/geo/series/GSE111nnn/GSE111137/suppl",29632146,,"Simon de Bernard","Mar 30, 2018"
GSE111300,"Expression data from sorted mouse E17.5 lung ciliated cells","Expression profiling by array","Mus musculus",5,,"CEL","ftp://ftp.ncbi.nlm.nih.gov/geo/series/GSE111nnn/GSE111300/suppl",,,"Charles Bradshaw","Mar 30, 2018"
GSE111511,"PARN and TOE1 constitute a 3′ end maturation module for nuclear non-coding RNAs","Expression profiling by high throughput sequencing","Homo sapiens",4,,"CSV;SRA Run Selector","ftp://ftp.ncbi.nlm.nih.gov/geo/series/GSE111nnn/GSE111511/suppl;https://www.ncbi.nlm.nih.gov/Traces/study/?acc=PRJNA437251",29669292,SRP134089,"Ahyeon Son","Mar 30, 2018"
GSE111548,"Metabolic and Transcriptional Profiles of Dunaliella viridis Supplemented With Ammonium Derived From Glutamine","Expression profiling by high throughput sequencing","Dunaliella viridis",39,,"FASTA;TXT;SRA Run Selector","ftp://ftp.ncbi.nlm.nih.gov/geo/series/GSE111nnn/GSE111548/suppl;https://www.ncbi.nlm.nih.gov/Traces/study/?acc=PRJNA437385",,SRP134153,"Heike Sederoff","Mar 30, 2018"
GSE111607,"Comparative transcriptome analysis of the leaves in doubled haploid and autotetraploid Chinese cabbages","Expression profiling by high throughput sequencing","Brassica rapa subsp. pekinensis",6,,"FASTA;TXT;SRA Run Selector","ftp://ftp.ncbi.nlm.nih.gov/geo/series/GSE111nnn/GSE111607/suppl;https://www.ncbi.nlm.nih.gov/Traces/study/?acc=PRJNA437495",,SRP134210,"Yiheng Wang","Mar 30, 2018"
GSE111610,"Comparative microRNAome analysis of the leaves in doubled haploid and autotetraploid Chinese cabbages","Expression profiling by high throughput sequencing","Brassica rapa subsp. pekinensis",2,,"FA;TXT;SRA Run Selector","ftp://ftp.ncbi.nlm.nih.gov/geo/series/GSE111nnn/GSE111610/suppl;https://www.ncbi.nlm.nih.gov/Traces/study/?acc=PRJNA437498",,SRP134211,"Yiheng Wang","Mar 30, 2018"
GSE111876,"GABA regulates release of inflammatory cytokines from peripheral blood mononuclear cells and CD4+ T cells and is immunosuppressive in type 1 diabetes","Expression profiling by high throughput sequencing","Homo sapiens",49,,"TXT;SRA Run Selector","ftp://ftp.ncbi.nlm.nih.gov/geo/series/GSE111nnn/GSE111876/suppl;https://www.ncbi.nlm.nih.gov/Traces/study/?acc=PRJNA438490",29627388,SRP135788,"Bryndis Birnir","Mar 30, 2018"
GSE112119,"Expression data from RH30 vector and RH30 IκBα SR cells","Expression profiling by array","Homo sapiens",6,,"CEL;CHP","ftp://ftp.ncbi.nlm.nih.gov/geo/series/GSE112nnn/GSE112119/suppl",29696133,,"Peter Yu","Mar 30, 2018"
GSE112476,"Tipifarnib inhibits HRAS-driven dedifferentiated thyroid cancers: Adaptive responses and acquired mutations in Nf1 and Gnas are dirivers of resistance","Expression profiling by array","Mus musculus",11,,"CEL;TXT","ftp://ftp.ncbi.nlm.nih.gov/geo/series/GSE112nnn/GSE112476/suppl",,,"Brian Roy Untch","Mar 30, 2018"
GSE112485,"Microarray expression data from FVB mice with induced hepatoblastoma (liver tumors)","Expression profiling by array","Mus musculus",6,,"CEL;XLSX","ftp://ftp.ncbi.nlm.nih.gov/geo/series/GSE112nnn/GSE112485/suppl",29920228,,"Satdarshan Monga","Mar 30, 2018"
GSE112489,"Effect of land use and soil organic matter quality on the structure and function of microbial communities in pastoral soils: implications for disease suppression","Other","Archaea;Bacteria;Eukaryota;uncultured soil bacterium",50,,"TXT","ftp://ftp.ncbi.nlm.nih.gov/geo/series/GSE112nnn/GSE112489/suppl",29734390,,"Paul Maclean","Mar 30, 2018"
GSE112490,"Newly identified interferon tau-responded cytidine/uridine monophosphate kinase 2 and Hes family BHLH transcription factor 4 genes in bovine peripheral blood cells at peri-implantation period","Expression profiling by array","Bos taurus",8,,"TXT","ftp://ftp.ncbi.nlm.nih.gov/geo/series/GSE112nnn/GSE112490/suppl",,,"Keiichiro Kizaki","Mar 30, 2018"
GSE112492,"Differential miRNA expression profiles of colorectal DLD1 and HT29 cell lines grown under 3D cell culture conditions","Non-coding RNA profiling by high throughput sequencing","Homo sapiens",8,,"TXT;SRA Run Selector","ftp://ftp.ncbi.nlm.nih.gov/geo/series/GSE112nnn/GSE112492/suppl;https://www.ncbi.nlm.nih.gov/Traces/study/?acc=PRJNA447961",,SRP136703,"Vaidotas Stankevicius","Mar 30, 2018"
GSE112494,"Genome-wide chromatin accessibility profiles of TET2-disrupted T cells from a chronic lymphocytic leukemia (CLL) patient.","Genome binding/occupancy profiling by high throughput sequencing","Homo sapiens",4,,"BEDGRAPH;SRA Run Selector","ftp://ftp.ncbi.nlm.nih.gov/geo/series/GSE112nnn/GSE112494/suppl;https://www.ncbi.nlm.nih.gov/Traces/study/?acc=PRJNA447963",29849141,SRP136706,"J Joseph Melenhorst","Mar 30, 2018"
GSE112500,"Comparison of transcriptomic landscapes of different lamb muscles using RNA-Seq","Expression profiling by high throughput sequencing","Ovis aries",36,,"TXT;SRA Run Selector","ftp://ftp.ncbi.nlm.nih.gov/geo/series/GSE112nnn/GSE112500/suppl;https://www.ncbi.nlm.nih.gov/Traces/study/?acc=PRJNA447998",30040835,SRP136719,"Francisco Peñagaricano","Mar 30, 2018"
GSE94004,"RNA-seq analysis of differential gene expression in jejunal epithelial from Holstein Friesian bulls undergoing diet restriction and compensatory growth","Expression profiling by high throughput sequencing","Bos taurus",40,,"TXT;SRA Run Selector","ftp://ftp.ncbi.nlm.nih.gov/geo/series/GSE94nnn/GSE94004/suppl;https://www.ncbi.nlm.nih.gov/Traces/study/?acc=PRJNA363038",29554113,SRP097677,"Kate Keogh","Mar 29, 2018"
GSE96706,"Collateral sensitivity of antibiotic resistant bacteria to antimicrobial peptides","Expression profiling by high throughput sequencing","Escherichia coli",84,,"CSV;XLSX;SRA Run Selector","ftp://ftp.ncbi.nlm.nih.gov/geo/series/GSE96nnn/GSE96706/suppl;https://www.ncbi.nlm.nih.gov/Traces/study/?acc=PRJNA379428",29795541,SRP102011,"Balazs Balint","Mar 29, 2018"
GSE97169,"Gene expression in the Bmi1 knockout Huh7 and Hep3B cells","Expression profiling by array","Homo sapiens",4,,"CEL","ftp://ftp.ncbi.nlm.nih.gov/geo/series/GSE97nnn/GSE97169/suppl",,,"Yuyuan Chen","Mar 29, 2018"
GSE97170,"Gene expression in the liver of Bmi1 knockout mice","Expression profiling by array","Mus musculus",6,,"CEL","ftp://ftp.ncbi.nlm.nih.gov/geo/series/GSE97nnn/GSE97170/suppl",,,"Yuyuan Chen","Mar 29, 2018"
GSE97172,"Targets of Bmi1 in HCC pathogenesis","Expression profiling by array","Homo sapiens;Mus musculus",10,,"CEL","ftp://ftp.ncbi.nlm.nih.gov/geo/series/GSE97nnn/GSE97172/suppl",,,"Yuyuan Chen","Mar 29, 2018"
GSE97310,"Single-cell RNA-seq reveals the transcriptional landscape and heterogeneity of aortic macrophages in murine atherosclerosis","Expression profiling by high throughput sequencing","Mus musculus",3,,"CSV;H5;TXT;SRA Run Selector","ftp://ftp.ncbi.nlm.nih.gov/geo/series/GSE97nnn/GSE97310/suppl;https://www.ncbi.nlm.nih.gov/Traces/study/?acc=PRJNA381358",29545365,SRP102896,"Antoine-Emmanuel Saliba","Mar 29, 2018"
GSE101725,"Gene expression changes in Fbxw11 variants overexpressed in L1210 cell line","Expression profiling by array","Mus musculus",4,,"TXT","ftp://ftp.ncbi.nlm.nih.gov/geo/series/GSE101nnn/GSE101725/suppl",29555946,,"Guo Guang Zheng","Mar 29, 2018"
GSE103473,"Altered MicroRNA Profile in Osteoporosis Caused by Impaired WNT signaling","Other","Homo sapiens",24,,"TXT","ftp://ftp.ncbi.nlm.nih.gov/geo/series/GSE103nnn/GSE103473/suppl",29506076,,"Matthias Hackl","Mar 29, 2018"
GSE104154,"Single Cell Analysis of Pulmonary Fibrotic Mesenchymal Cells Indicates a New Subtype","Expression profiling by high throughput sequencing","Mus musculus",6,,"CSV;SRA Run Selector","ftp://ftp.ncbi.nlm.nih.gov/geo/series/GSE104nnn/GSE104154/suppl;https://www.ncbi.nlm.nih.gov/Traces/study/?acc=PRJNA411830",29590628,SRP118702,"yizhou wang","Mar 29, 2018"
GSE104621,"N6-methyladenosine modification  in lytic viral gene expression during Kaposi's sarcoma-associated herpesvirus infection [MeRIP-seq]","Methylation profiling by high throughput sequencing","Homo sapiens",8,,"TXT;SRA Run Selector","ftp://ftp.ncbi.nlm.nih.gov/geo/series/GSE104nnn/GSE104621/suppl;https://www.ncbi.nlm.nih.gov/Traces/study/?acc=PRJNA413317",29659627,SRP119449,"Britt Glaunsinger","Mar 29, 2018"
GSE106292,"Gene expression profiling of human musculoskeletal tissue samples","Expression profiling by high throughput sequencing","Homo sapiens",35,,"XLSX;SRA Run Selector","ftp://ftp.ncbi.nlm.nih.gov/geo/series/GSE106nnn/GSE106292/suppl;https://www.ncbi.nlm.nih.gov/Traces/study/?acc=PRJNA416136",29255171,SRP122535,"Denis A Evseenko","Mar 29, 2018"
GSE106973,"Single cell RNA sequencing of murine basophil/mast cell progenitors and granulocyte/monocyte progenitors","Expression profiling by high throughput sequencing","Mus musculus",141,,"FA;TXT;SRA Run Selector","ftp://ftp.ncbi.nlm.nih.gov/geo/series/GSE106nnn/GSE106973/suppl;https://www.ncbi.nlm.nih.gov/Traces/study/?acc=PRJNA418700",29588278,SRP125087,"Evangelia Diamanti","Mar 29, 2018"
GSE107727,"A single cell hematopoietic landscape resolves 8 lineage trajectories and defects in Kit mutant mice","Expression profiling by high throughput sequencing","Mus musculus",8,,"TXT;SRA Run Selector","ftp://ftp.ncbi.nlm.nih.gov/geo/series/GSE107nnn/GSE107727/suppl;https://www.ncbi.nlm.nih.gov/Traces/study/?acc=PRJNA421199",29588278,SRP126188,"Rebecca Hannah","Mar 29, 2018"
GSE107773,"Interplay between Nsd1 and PRC2 demarcates regions of H3K27me2 and H3K27me3.","Genome binding/occupancy profiling by high throughput sequencing","Mus musculus",9,,"BW;SRA Run Selector","ftp://ftp.ncbi.nlm.nih.gov/geo/series/GSE107nnn/GSE107773/suppl;https://www.ncbi.nlm.nih.gov/Traces/study/?acc=PRJNA421335",29606589,SRP126274,"Darren John Fitzpatrick","Mar 29, 2018"
GSE109732,"Development of plasma cell-prone germinal center B cells","Expression profiling by high throughput sequencing","Mus musculus",15,,"TXT;SRA Run Selector","ftp://ftp.ncbi.nlm.nih.gov/geo/series/GSE109nnn/GSE109732/suppl;https://www.ncbi.nlm.nih.gov/Traces/study/?acc=PRJNA431808",29669250,SRP131526,"Eri Nishiyama","Mar 29, 2018"
GSE111315,"Effect of human CD5 molecule-like (CD5L) overexpression on PMA-differentiated THP1 human monocyte-like cells","Expression profiling by array","Homo sapiens",5,,"GPR","ftp://ftp.ncbi.nlm.nih.gov/geo/series/GSE111nnn/GSE111315/suppl",,,"Maria Rosa Sarrias","Mar 29, 2018"
GSE112153,"Ldb1 mediates trans enhancement in mammals","Expression profiling by high throughput sequencing;Genome binding/occupancy profiling by high throughput sequencing","Mus musculus",28,,"BED;BIGWIG;SRA Run Selector","ftp://ftp.ncbi.nlm.nih.gov/geo/series/GSE112nnn/GSE112153/suppl;https://www.ncbi.nlm.nih.gov/Traces/study/?acc=PRJNA439446",30626972,SRP136181,"Kevin Monahan","Mar 29, 2018"
GSE112334,"An Intermediate Pluripotent State Controlled by microRNAs is Required for the Naïve to Primed Stem Cell Transition","Expression profiling by high throughput sequencing;Non-coding RNA profiling by high throughput sequencing","Mus musculus",42,,"TXT;SRA Run Selector","ftp://ftp.ncbi.nlm.nih.gov/geo/series/GSE112nnn/GSE112334/suppl;https://www.ncbi.nlm.nih.gov/Traces/study/?acc=PRJNA445698",29804889,SRP136472,"Peng Du","Mar 29, 2018"
GSE112362,"The Promyelocytic Leukemia Zinc Finger Dependent Transcriptome during Human Endometrial Stromal Cell Decidualization","Expression profiling by high throughput sequencing","Homo sapiens",12,,"TXT;SRA Run Selector","ftp://ftp.ncbi.nlm.nih.gov/geo/series/GSE112nnn/GSE112362/suppl;https://www.ncbi.nlm.nih.gov/Traces/study/?acc=PRJNA445798",29186366,SRP136521,"Maria Magdalena Szwarc","Mar 29, 2018"
GSE112418,"EHEC Tir regulate the expression of  genes in primary macrophages","Expression profiling by high throughput sequencing","Mus musculus",4,,"XLS;SRA Run Selector","ftp://ftp.ncbi.nlm.nih.gov/geo/series/GSE112nnn/GSE112418/suppl;https://www.ncbi.nlm.nih.gov/Traces/study/?acc=PRJNA445962",,SRP136607,"ruixue zhou","Mar 29, 2018"
GSE112419,"MOF forms a positive feedback regulation with ERα to suppress endometrial cancer progression","Expression profiling by array","Homo sapiens",12,,"CEL;CHP","ftp://ftp.ncbi.nlm.nih.gov/geo/series/GSE112nnn/GSE112419/suppl",,,"Wensu Liu","Mar 29, 2018"
GSE112421,"In vivo transcriptome analysis of avian pathogenic Escherichia coli under the control of RstA/RstB two-component regulatory system","Expression profiling by array","Escherichia coli APEC O2;Escherichia coli CFT073;Escherichia coli O157:H7 str. EDL933;Escherichia coli O157:H7 str. Sakai;Escherichia coli str. K-12 substr. MG1655",6,,"TXT","ftp://ftp.ncbi.nlm.nih.gov/geo/series/GSE112nnn/GSE112421/suppl",,,"Qingqing Gao","Mar 29, 2018"
GSE112432,"Nuclear localization of intracellular domain of LDL receptor-related protein 1B induced expresion data","Expression profiling by array","Homo sapiens",2,,"CEL","ftp://ftp.ncbi.nlm.nih.gov/geo/series/GSE112nnn/GSE112432/suppl",,,"Tamotsu Takeuchi","Mar 29, 2018"
GSE112447,"Gene expression analisys of GD2+ cells from metastatic NB, unselected bone marrow from metastatic NB, primary tumors from stage 4 NB (alive and dead at 5 years of follow-up) and primary tumor from localized NB","Expression profiling by array","Homo sapiens",57,,"TXT","ftp://ftp.ncbi.nlm.nih.gov/geo/series/GSE112nnn/GSE112447/suppl",,,"Sara Stigliani","Mar 29, 2018"
GSE112449,"Microarray analysis comparing gene expression of callus tissue extracted from either Cyp24a1-null mice or their control heterozygous littermates","Expression profiling by array","Mus musculus",6,,"CEL;CHP","ftp://ftp.ncbi.nlm.nih.gov/geo/series/GSE112nnn/GSE112449/suppl",30010626,,"Corine Martineau","Mar 29, 2018"
GSE112462,"CIRCULATING MICRORNAs PREDICT SURVIVAL OF PATIENTS WITH TUMORS OF GLIAL ORIGIN","Other","Homo sapiens",36,,"RCC","ftp://ftp.ncbi.nlm.nih.gov/geo/series/GSE112nnn/GSE112462/suppl",29643013,,"Alessandra Drusco","Mar 29, 2018"
GSE112466,"Tumor-independent host gene expression changes induced by tyrosine kinase inhibitors","Expression profiling by array","Mus musculus",18,,"TXT","ftp://ftp.ncbi.nlm.nih.gov/geo/series/GSE112nnn/GSE112466/suppl",,,"John M.L. Ebos","Mar 29, 2018"
GSE112467,"Tumor-independent host gene expression changes induced by VEGFR2 antibody","Expression profiling by array","Mus musculus",6,,"TXT","ftp://ftp.ncbi.nlm.nih.gov/geo/series/GSE112nnn/GSE112467/suppl",,,"John M.L. Ebos","Mar 29, 2018"
GSE112468,"Tumor-independent host gene expression changes induced by PD-1 pathway inhibitors","Expression profiling by array","Mus musculus",12,,"TXT","ftp://ftp.ncbi.nlm.nih.gov/geo/series/GSE112nnn/GSE112468/suppl",,,"John M.L. Ebos","Mar 29, 2018"
GSE112469,"Impact of ERG and PTEN loss on RNA expression","Expression profiling by high throughput sequencing","Mus musculus",18,,"XLSX;SRA Run Selector","ftp://ftp.ncbi.nlm.nih.gov/geo/series/GSE112nnn/GSE112469/suppl;https://www.ncbi.nlm.nih.gov/Traces/study/?acc=PRJNA446562",,SRP136734,"Brett Carver","Mar 29, 2018"
GSE67392,"Genome-wide changes in DNA methylation upon Dnmt3b loss in melanoma","Methylation profiling by high throughput sequencing","Mus musculus",4,,"TXT;SRA Run Selector","ftp://ftp.ncbi.nlm.nih.gov/geo/series/GSE67nnn/GSE67392/suppl;https://www.ncbi.nlm.nih.gov/Traces/study/?acc=PRJNA279803",,SRP056653,"Goran Micevic","Mar 28, 2018"
GSE89951,"CHD7 specifies stem cell identity and neurogenic potential in neural progenitors by regulating SOX21 and BRN2 expression in human central nervous system","Expression profiling by array","Homo sapiens",18,,"IDAT;TXT","ftp://ftp.ncbi.nlm.nih.gov/geo/series/GSE89nnn/GSE89951/suppl",29440260,,"Tsukasa Sanosaka","Mar 28, 2018"
GSE89957,"Analysis of human ES cell differentiation establishes that the dominant isoforms of the lncRNAs RMST and FIRRE are circular","Expression profiling by high throughput sequencing;Non-coding RNA profiling by high throughput sequencing;Other","Homo sapiens",31,,"BED;XLSX;SRA Run Selector","ftp://ftp.ncbi.nlm.nih.gov/geo/series/GSE89nnn/GSE89957/suppl;https://www.ncbi.nlm.nih.gov/Traces/study/?acc=PRJNA354310",29678151,SRP093677,"Michael Jackson","Mar 28, 2018"
GSE95211,"Evolutionary Convergence of Pathway-specific Enzyme Expression Stoichiometry","Other","Bacillus subtilis subsp. subtilis str. 168;Caulobacter vibrioides;Escherichia coli str. K-12 substr. MG1655;Vibrio natriegens NBRC 15636 = ATCC 14048 = DSM 759",21,,"WIG;SRA Run Selector","ftp://ftp.ncbi.nlm.nih.gov/geo/series/GSE95nnn/GSE95211/suppl;https://www.ncbi.nlm.nih.gov/Traces/study/?acc=PRJNA376419",29606352,SRP100536,"Jean-Benoit Lalanne","Mar 28, 2018"
GSE98744,"RNA-seq of naked mole-rat liver from young and old animals","Expression profiling by high throughput sequencing","Heterocephalus glaber",9,,"XLS;SRA Run Selector","ftp://ftp.ncbi.nlm.nih.gov/geo/series/GSE98nnn/GSE98744/suppl;https://www.ncbi.nlm.nih.gov/Traces/study/?acc=PRJNA386219",29570707,SRP106851,"Marco Groth","Mar 28, 2018"
GSE98895,"Gene expression profiles of PBMCs in healthy subjects (CTRL) and patients with Metabolic Syndrome (MS)  - PART 1 - Genes","Expression profiling by array","Homo sapiens",40,,"TXT","ftp://ftp.ncbi.nlm.nih.gov/geo/series/GSE98nnn/GSE98895/suppl",29584810,,"Antonio Moschetta","Mar 28, 2018"
GSE98896,"Gene expression profiles of PBMCs in healthy subjects (CTRL) and patients with Metabolic Syndrome (MS)  - PART 2 - miRNAs","Non-coding RNA profiling by array","Homo sapiens",40,,"TXT","ftp://ftp.ncbi.nlm.nih.gov/geo/series/GSE98nnn/GSE98896/suppl",29584810,,"Antonio Moschetta","Mar 28, 2018"
GSE98897,"Gene expression profiles of PBMCs in healthy subjects (CTRL) and patients with Metabolic Syndrome (MS)","Expression profiling by array;Non-coding RNA profiling by array","Homo sapiens",80,,,,29584810,,"Antonio Moschetta","Mar 28, 2018"
GSE99010,"The synergestic effects of western diet and carbon tetrachloride (CCl4) to develop non-alcoholic steatohepatitis (NASH) and liver tumor in mice","Expression profiling by high throughput sequencing","Mus musculus",10,,"TXT;SRA Run Selector","ftp://ftp.ncbi.nlm.nih.gov/geo/series/GSE99nnn/GSE99010/suppl;https://www.ncbi.nlm.nih.gov/Traces/study/?acc=PRJNA386995",29572095,SRP107196,"Yujin Hoshida","Mar 28, 2018"
GSE102194,"Gene expression alternations in liraglutide treated rats cardiac muscle","Expression profiling by array","Rattus norvegicus",6,,"CEL","ftp://ftp.ncbi.nlm.nih.gov/geo/series/GSE102nnn/GSE102194/suppl",29440457,,"Qian Zhang","Mar 28, 2018"
GSE104269,"Modulation of synaptic phosphodiesterase PDE2A activity is a new therapeutic approach for Fragile X Syndrome in newborns and adolescents.","Expression profiling by high throughput sequencing","Mus musculus",11,,"TXT;SRA Run Selector","ftp://ftp.ncbi.nlm.nih.gov/geo/series/GSE104nnn/GSE104269/suppl;https://www.ncbi.nlm.nih.gov/Traces/study/?acc=PRJNA412231",29668986,SRP118913,"Kevin Lebrigand","Mar 28, 2018"
GSE108120,"Regulation and function of H3K36 di-methylation by the trithorax-group protein complex AMC","Expression profiling by high throughput sequencing","Drosophila melanogaster",20,,"TXT;SRA Run Selector","ftp://ftp.ncbi.nlm.nih.gov/geo/series/GSE108nnn/GSE108120/suppl;https://www.ncbi.nlm.nih.gov/Traces/study/?acc=PRJNA422516",29540501,SRP126819,"Jürg Müller","Mar 28, 2018"
GSE108170,"Transcriptome analysis of CHARGE patients iPSC-derived neural stem/progenitor cells","Expression profiling by array","Homo sapiens",12,,"IDAT;TXT","ftp://ftp.ncbi.nlm.nih.gov/geo/series/GSE108nnn/GSE108170/suppl",29440260,,"Tsukasa Sanosaka","Mar 28, 2018"
GSE108205,"ChIP-seq with DNA methylation inhibitor in HCT116","Genome binding/occupancy profiling by high throughput sequencing","Homo sapiens",4,,"XLSX;SRA Run Selector","ftp://ftp.ncbi.nlm.nih.gov/geo/series/GSE108nnn/GSE108205/suppl;https://www.ncbi.nlm.nih.gov/Traces/study/?acc=PRJNA422959",29970451,SRP127036,"Peter A Jones","Mar 28, 2018"
GSE108210,"DNA methylation inhibitor in HCT116","Expression profiling by high throughput sequencing;Genome binding/occupancy profiling by high throughput sequencing","Homo sapiens",34,,,,29970451,,"Peter A Jones","Mar 28, 2018"
GSE108275,"Analysis of gene expression profile in the control and CHD7-knockdown hiPSC-derived lt-NES cells (scRNA-Seq)","Expression profiling by high throughput sequencing","Homo sapiens",92,,"TXT;SRA Run Selector","ftp://ftp.ncbi.nlm.nih.gov/geo/series/GSE108nnn/GSE108275/suppl;https://www.ncbi.nlm.nih.gov/Traces/study/?acc=PRJNA423024",29440260,SRP127035,"Tsukasa Sanosaka","Mar 28, 2018"
GSE108506,"The role of CHD7 in human central nervous system development (ChIP-Seq)","Genome binding/occupancy profiling by high throughput sequencing","Homo sapiens",63,,"BW;SRA Run Selector","ftp://ftp.ncbi.nlm.nih.gov/geo/series/GSE108nnn/GSE108506/suppl;https://www.ncbi.nlm.nih.gov/Traces/study/?acc=PRJNA427521",29440260,SRP130911,"Tsukasa Sanosaka","Mar 28, 2018"
GSE109623,"Dynamic and integrated transcriptional code orchestrates the angiogenic response [Nanostring]","Non-coding RNA profiling by array","Homo sapiens",8,,"RCC","ftp://ftp.ncbi.nlm.nih.gov/geo/series/GSE109nnn/GSE109623/suppl",,,"bing zhang","Mar 28, 2018"
GSE109625,"Dynamic and integrated transcriptional code orchestrates the angiogenic response [Seq]","Expression profiling by high throughput sequencing;Genome binding/occupancy profiling by high throughput sequencing","Homo sapiens",65,,"BED;TDF;TXT;SRA Run Selector","ftp://ftp.ncbi.nlm.nih.gov/geo/series/GSE109nnn/GSE109625/suppl;https://www.ncbi.nlm.nih.gov/Traces/study/?acc=PRJNA431557",,SRP131219,"bing zhang","Mar 28, 2018"
GSE109626,"Dynamic and integrated transcriptional code orchestrates the angiogenic response","Expression profiling by high throughput sequencing;Genome binding/occupancy profiling by high throughput sequencing;Non-coding RNA profiling by array","Homo sapiens",69,,"BED;RCC;TDF","ftp://ftp.ncbi.nlm.nih.gov/geo/series/GSE109nnn/GSE109626/suppl",,,"bing zhang","Mar 28, 2018"
GSE110409,"Spontaneous mutations in CYC8 and MIG1 suppress the short chronological lifespan of budding yeast lacking SNF1/AMPK","Expression profiling by high throughput sequencing","Saccharomyces cerevisiae",24,,"TXT;SRA Run Selector","ftp://ftp.ncbi.nlm.nih.gov/geo/series/GSE110nnn/GSE110409/suppl;https://www.ncbi.nlm.nih.gov/Traces/study/?acc=PRJNA433655",29796388,SRP132578,"Jeffrey S Smith","Mar 28, 2018"
GSE111327,"Chromatin remodeler CHD7 regulates the stem cell identity of human neural progenitors","Expression profiling by array;Expression profiling by high throughput sequencing;Genome binding/occupancy profiling by high throughput sequencing","Homo sapiens",185,,"BW;IDAT","ftp://ftp.ncbi.nlm.nih.gov/geo/series/GSE111nnn/GSE111327/suppl",29440260,,"Tsukasa Sanosaka","Mar 28, 2018"
GSE111730,"RNA-seq of bone marrow derived macrophages stimulated with monophosphoryl lipid A (MPLA)","Expression profiling by high throughput sequencing","Mus musculus",12,,"CSV;SRA Run Selector","ftp://ftp.ncbi.nlm.nih.gov/geo/series/GSE111nnn/GSE111730/suppl;https://www.ncbi.nlm.nih.gov/Traces/study/?acc=PRJNA437979",29686054,SRP134976,"Benjamin Ari Fensterheim","Mar 28, 2018"
GSE112335,"Choline Kinase Alpha (CHKα) as a Therapeutic Target in Pancreatic Ductal Adenocarcinoma: Expression, Predictive Value, and Sensitivity to Inhibitors","Expression profiling by high throughput sequencing","Homo sapiens",6,,"TXT;WIG;SRA Run Selector","ftp://ftp.ncbi.nlm.nih.gov/geo/series/GSE112nnn/GSE112335/suppl;https://www.ncbi.nlm.nih.gov/Traces/study/?acc=PRJNA445696",26769123,SRP136473,"Enrique Carrillo de Santa Pau","Mar 28, 2018"
GSE112364,"RNAseq profiliing of Xenopus laevis animal caps expressing Xnr2 at st14","Expression profiling by high throughput sequencing","Xenopus laevis",2,,"TXT;SRA Run Selector","ftp://ftp.ncbi.nlm.nih.gov/geo/series/GSE112nnn/GSE112364/suppl;https://www.ncbi.nlm.nih.gov/Traces/study/?acc=PRJNA445807",29738711,SRP136530,"Chris Kintner","Mar 28, 2018"
GSE112365,"A SIRT1-centered Circuitry Regulates Breast Cancer Stemness and Metastasis","Expression profiling by high throughput sequencing","Homo sapiens",9,,"TXT;SRA Run Selector","ftp://ftp.ncbi.nlm.nih.gov/geo/series/GSE112nnn/GSE112365/suppl;https://www.ncbi.nlm.nih.gov/Traces/study/?acc=PRJNA445823",30038266,SRP136531,"Xiaolong Tang","Mar 28, 2018"
GSE112371,"Dual inhibition of Src and MEK decreases the growth of human ovarian cancer cells","Expression profiling by array","Homo sapiens",12,,"TXT","ftp://ftp.ncbi.nlm.nih.gov/geo/series/GSE112nnn/GSE112371/suppl",29959144,,"Gao Zhang","Mar 28, 2018"
GSE63217,"Inhibitors of LSD1 target demethylase-independent activity to induce differentiation in acute myeloid leukemia [RNA-Seq experiments]","Expression profiling by high throughput sequencing","Homo sapiens",4,,"TXT;SRA Run Selector","ftp://ftp.ncbi.nlm.nih.gov/geo/series/GSE63nnn/GSE63217/suppl;https://www.ncbi.nlm.nih.gov/Traces/study/?acc=PRJNA267008",29590629,SRP049731,"Tim C Somervaille","Mar 27, 2018"
GSE63218,"Inhibitors of LSD1 target demethylase-independent activity to induce differentiation in acute myeloid leukemia [ChIP-Seq: histone modifications]","Genome binding/occupancy profiling by high throughput sequencing","Homo sapiens",6,,"TXT;SRA Run Selector","ftp://ftp.ncbi.nlm.nih.gov/geo/series/GSE63nnn/GSE63218/suppl;https://www.ncbi.nlm.nih.gov/Traces/study/?acc=PRJNA267007",29590629,SRP049732,"Tim C Somervaille","Mar 27, 2018"
GSE63222,"Inhibitors of LSD1 target demethylase-independent activity to induce differentiation in acute myeloid leukemia","Expression profiling by high throughput sequencing;Genome binding/occupancy profiling by high throughput sequencing","Homo sapiens",28,,"BW;TXT","ftp://ftp.ncbi.nlm.nih.gov/geo/series/GSE63nnn/GSE63222/suppl",29590629,,"Tim C Somervaille","Mar 27, 2018"
GSE90769,"Inhibitors of LSD1 target demethylase-independent activity to induce differentiation in acute myeloid leukemia [anti-LSD1, MYB, and GFI1 ChIP-Seq]","Genome binding/occupancy profiling by high throughput sequencing","Homo sapiens",6,,"TXT;SRA Run Selector","ftp://ftp.ncbi.nlm.nih.gov/geo/series/GSE90nnn/GSE90769/suppl;https://www.ncbi.nlm.nih.gov/Traces/study/?acc=PRJNA355867",29590629,SRP094439,"Tim C Somervaille","Mar 27, 2018"
GSE90770,"Inhibitors of LSD1 target demethylase-independent activity to induce differentiation in acute myeloid leukemia [ATAC-Seq]","Genome binding/occupancy profiling by high throughput sequencing","Homo sapiens",2,,"TXT;SRA Run Selector","ftp://ftp.ncbi.nlm.nih.gov/geo/series/GSE90nnn/GSE90770/suppl;https://www.ncbi.nlm.nih.gov/Traces/study/?acc=PRJNA355877",29590629,SRP094442,"Tim C Somervaille","Mar 27, 2018"
GSE95314,"Gene expression profiling in the seminal vesicles (SVs) from neonatal DES-treated mice [array]","Expression profiling by array","Mus musculus",12,,"CEL;CHP","ftp://ftp.ncbi.nlm.nih.gov/geo/series/GSE95nnn/GSE95314/suppl",29666266,,"Yin Li","Mar 27, 2018"
GSE96783,"Allergen-induced activation of NK cell genes represents an early life immune response in development of allergic asthma","Expression profiling by high throughput sequencing","Homo sapiens",513,,"TXT;SRA Run Selector","ftp://ftp.ncbi.nlm.nih.gov/geo/series/GSE96nnn/GSE96783/suppl;https://www.ncbi.nlm.nih.gov/Traces/study/?acc=PRJNA379624",29518416,SRP102104,"Scott Presnell","Mar 27, 2018"
GSE96923,"Expression data from pmel1 CD8+ T cells stimulated with agonist anti-CD27, blockade of PD-1/L1 or both together","Expression profiling by array","Mus musculus",9,,"CEL","ftp://ftp.ncbi.nlm.nih.gov/geo/series/GSE96nnn/GSE96923/suppl",29514845,,"Sarah Louise Buchan","Mar 27, 2018"
GSE97073,"Impact of conditional uterine deletion of Esr1, Foxa2 or Foxo1 on DES-induced gene expression","Expression profiling by array","Mus musculus",32,,"TXT","ftp://ftp.ncbi.nlm.nih.gov/geo/series/GSE97nnn/GSE97073/suppl",29648668,,"Wendy Jefferson","Mar 27, 2018"
GSE97694,"Division-Specific Accessibility Program of B cell Differentiation","Genome binding/occupancy profiling by high throughput sequencing","Mus musculus",10,,"BW;SRA Run Selector","ftp://ftp.ncbi.nlm.nih.gov/geo/series/GSE97nnn/GSE97694/suppl;https://www.ncbi.nlm.nih.gov/Traces/study/?acc=PRJNA382687",29703886,SRP103833,"Chris Scharer","Mar 27, 2018"
GSE97696,"Chemical Inhibition of Ezh2 Alters Ex Vivo B cell Differentiation and Gene Expression Dynamics","Expression profiling by high throughput sequencing","Mus musculus",15,,"BW;CSV;SRA Run Selector","ftp://ftp.ncbi.nlm.nih.gov/geo/series/GSE97nnn/GSE97696/suppl;https://www.ncbi.nlm.nih.gov/Traces/study/?acc=PRJNA382685",29703886,SRP103834,"Chris Scharer","Mar 27, 2018"
GSE97698,"Epigenetic regulation of in vivo B cell Differentiation","Expression profiling by high throughput sequencing;Genome binding/occupancy profiling by high throughput sequencing","Mus musculus",25,,"BW","ftp://ftp.ncbi.nlm.nih.gov/geo/series/GSE97nnn/GSE97698/suppl",29703886,,"Chris Scharer","Mar 27, 2018"
GSE99655,"Host- and stage-dependent secretome of the arbuscular mycorrhizal fungus Rhizophagus irregularis","Expression profiling by high throughput sequencing","Rhizophagus irregularis",18,,"XLSX;SRA Run Selector","ftp://ftp.ncbi.nlm.nih.gov/geo/series/GSE99nnn/GSE99655/suppl;https://www.ncbi.nlm.nih.gov/Traces/study/?acc=PRJNA389248",29570877,SRP108590,"Tian Zeng","Mar 27, 2018"
GSE100701,"Lifelong calorie restriction and markers of colonic health in aging mice","Expression profiling by array","Mus musculus",42,,"CEL","ftp://ftp.ncbi.nlm.nih.gov/geo/series/GSE100nnn/GSE100701/suppl",29571009,,"Guido Hooiveld","Mar 27, 2018"
GSE101622,"Genome-wide association study and transcriptome analysis of the white/red earlobe color in Qingyuan Partridge chicken","Expression profiling by high throughput sequencing","Gallus gallus",6,,"TXT;SRA Run Selector","ftp://ftp.ncbi.nlm.nih.gov/geo/series/GSE101nnn/GSE101622/suppl;https://www.ncbi.nlm.nih.gov/Traces/study/?acc=PRJNA395012",29705805,SRP112878,"Wei Luo","Mar 27, 2018"
GSE102448,"Genome-wide transcriptome in the mouse seminal vesicles (SVs) and uterus (U) following neonatal DES exposure [RNA-seq]","Expression profiling by high throughput sequencing","Mus musculus",24,,"BW;SRA Run Selector","ftp://ftp.ncbi.nlm.nih.gov/geo/series/GSE102nnn/GSE102448/suppl;https://www.ncbi.nlm.nih.gov/Traces/study/?acc=PRJNA397760",29666266,SRP115139,"Yin Li","Mar 27, 2018"
GSE102449,"DNA methylation profiling by MBD-Seq in the mouse seminal vesicles (SVs) and uterus (U) following neonatal DES exposure","Methylation profiling by high throughput sequencing","Mus musculus",10,,"BW;SRA Run Selector","ftp://ftp.ncbi.nlm.nih.gov/geo/series/GSE102nnn/GSE102449/suppl;https://www.ncbi.nlm.nih.gov/Traces/study/?acc=PRJNA397759",29666266,SRP115140,"Yin Li","Mar 27, 2018"
GSE102450,"Gene expression and DNA methylation profiling in the seminal vesicles (SVs) from neonatal DES-treated mice","Expression profiling by array;Expression profiling by high throughput sequencing;Methylation profiling by high throughput sequencing","Mus musculus",46,,"BW;CEL;CHP","ftp://ftp.ncbi.nlm.nih.gov/geo/series/GSE102nnn/GSE102450/suppl",29666266,,"Yin Li","Mar 27, 2018"
GSE104400,"ERα Dependent Alterations in the Epigenetic Landscape of the Mouse Uterus Following Neonatal Estrogen Exposure [RNA-Seq]","Expression profiling by high throughput sequencing","Mus musculus",8,,"BIGWIG;SRA Run Selector","ftp://ftp.ncbi.nlm.nih.gov/geo/series/GSE104nnn/GSE104400/suppl;https://www.ncbi.nlm.nih.gov/Traces/study/?acc=PRJNA412538",29648668,SRP119088,"Wendy Jefferson","Mar 27, 2018"
GSE104401,"ERα Dependent Alterations in the Epigenetic Landscape of the Mouse Uterus Following Neonatal Estrogen Exposure [ChIP-Seq]","Genome binding/occupancy profiling by high throughput sequencing","Mus musculus",20,,"BW;SRA Run Selector","ftp://ftp.ncbi.nlm.nih.gov/geo/series/GSE104nnn/GSE104401/suppl;https://www.ncbi.nlm.nih.gov/Traces/study/?acc=PRJNA412539",29648668,SRP119089,"Wendy Jefferson","Mar 27, 2018"
GSE104402,"ERα Dependent Alterations in the Epigenetic Landscape of the Mouse Uterus Following Neonatal Estrogen Exposure","Expression profiling by high throughput sequencing;Genome binding/occupancy profiling by high throughput sequencing;Expression profiling by array","Mus musculus",60,,"BIGWIG;BW;TXT","ftp://ftp.ncbi.nlm.nih.gov/geo/series/GSE104nnn/GSE104402/suppl",29648668,,"Wendy Jefferson","Mar 27, 2018"
GSE104661,"NFAT3-regulated genes in human aortic smooth muscle cells (ASMC)","Expression profiling by array","Homo sapiens",4,,"TXT","ftp://ftp.ncbi.nlm.nih.gov/geo/series/GSE104nnn/GSE104661/suppl",29180489,,"Osamu Kaminuma","Mar 27, 2018"
GSE105060,"Total differential RNA-seq in the marine proteobacterium Vibrio harveyi","Expression profiling by high throughput sequencing","Vibrio harveyi NBRC 15634 = ATCC 14126",6,,"GFF;GTF;TXT;SRA Run Selector","ftp://ftp.ncbi.nlm.nih.gov/geo/series/GSE105nnn/GSE105060/suppl;https://www.ncbi.nlm.nih.gov/Traces/study/?acc=PRJNA414534",30423347,SRP120115,"Ander Hernández Plágaro","Mar 27, 2018"
GSE107870,"Expression data from human macrophages treate with miR-1246 mimic/inhibitor","Expression profiling by array","Homo sapiens",6,,"CEL","ftp://ftp.ncbi.nlm.nih.gov/geo/series/GSE107nnn/GSE107870/suppl",29472616,,"Ana I Robles","Mar 27, 2018"
GSE110158,"Genome-wide identification of ParB binding sites in Pseudomonas aeruginosa","Genome binding/occupancy profiling by high throughput sequencing","Pseudomonas aeruginosa",13,,"BIGWIG;SRA Run Selector","ftp://ftp.ncbi.nlm.nih.gov/geo/series/GSE110nnn/GSE110158/suppl;https://www.ncbi.nlm.nih.gov/Traces/study/?acc=PRJNA432963",,SRP132209,"Adam Kawałek","Mar 27, 2018"
GSE110597,"Placental miR-340 mediates vulnerability to activity based anorexia in mice","Non-coding RNA profiling by array","Mus musculus",8,,"TXT","ftp://ftp.ncbi.nlm.nih.gov/geo/series/GSE110nnn/GSE110597/suppl",29686286,,"Mira Alexandra Jakovcevski","Mar 27, 2018"
GSE112068,"Study of dynamic transcriptome profiling in DNA damage-induced cellular senescence and transient cell-cycle arrest","Expression profiling by high throughput sequencing","Homo sapiens",23,,"TXT;SRA Run Selector","ftp://ftp.ncbi.nlm.nih.gov/geo/series/GSE112nnn/GSE112068/suppl;https://www.ncbi.nlm.nih.gov/Traces/study/?acc=PRJNA439216",,SRP136071,"Zhen Zhao","Mar 27, 2018"
GSE112074,"Inhibitors of LSD1 target demethylase-independent activity to induce differentiation in acute myeloid leukemia [anti-H3K9 ac, anti-H3K27, RCOR1, SPI1, and MLL4 ChIP-Seq]","Genome binding/occupancy profiling by high throughput sequencing","Homo sapiens",10,,"BW;SRA Run Selector","ftp://ftp.ncbi.nlm.nih.gov/geo/series/GSE112nnn/GSE112074/suppl;https://www.ncbi.nlm.nih.gov/Traces/study/?acc=PRJNA439261",29590629,SRP136095,"Tim C Somervaille","Mar 27, 2018"
GSE112307,"Microarray analysis of subcutaneous adipose tissue obtained in 27 moderate obese women","Expression profiling by array","Homo sapiens",54,,"TXT","ftp://ftp.ncbi.nlm.nih.gov/geo/series/GSE112nnn/GSE112307/suppl",,,"veronique PELLOUX","Mar 27, 2018"
GSE112326,"Genome-wide maps of SMAD2-chromatin binding state in TGFbeta-treated vascular smooth muscle cells","Genome binding/occupancy profiling by high throughput sequencing","Homo sapiens",6,,"BIGWIG;SRA Run Selector","ftp://ftp.ncbi.nlm.nih.gov/geo/series/GSE112nnn/GSE112326/suppl;https://www.ncbi.nlm.nih.gov/Traces/study/?acc=PRJNA445689",,SRP136462,"zehua chen","Mar 27, 2018"
GSE112343,"Large differences in small RNA composition between human biofluids - 10 biofluids","Non-coding RNA profiling by high throughput sequencing","Homo sapiens",12,,"TAR;SRA Run Selector","ftp://ftp.ncbi.nlm.nih.gov/geo/series/GSE112nnn/GSE112343/suppl;https://www.ncbi.nlm.nih.gov/Traces/study/?acc=PRJNA445720",30380423,SRP136488,"David Erle","Mar 27, 2018"
GSE112349,"Expression data from heat-damaged MHCC97H treated by HGF","Expression profiling by array","Homo sapiens",3,,"CEL","ftp://ftp.ncbi.nlm.nih.gov/geo/series/GSE112nnn/GSE112349/suppl",,,"Rui Zhang","Mar 27, 2018"
GSE112354,"Transcriptome analysis of gene expression of PAK-AR2 and 1-9","Expression profiling by high throughput sequencing","Pseudomonas aeruginosa",2,,"TXT;SRA Run Selector","ftp://ftp.ncbi.nlm.nih.gov/geo/series/GSE112nnn/GSE112354/suppl;https://www.ncbi.nlm.nih.gov/Traces/study/?acc=PRJNA445735",29748556,SRP136496,"jia jia You","Mar 27, 2018"
GSE61274,"Gene expression in protoapothecia from Pyronema confluens","Expression profiling by high throughput sequencing","Pyronema omphalodes CBS 100304",9,,"TXT;SRA Run Selector","ftp://ftp.ncbi.nlm.nih.gov/geo/series/GSE61nnn/GSE61274/suppl;https://www.ncbi.nlm.nih.gov/Traces/study/?acc=PRJNA260634",30420746,SRP046753,"Minou Nowrousian","Mar 26, 2018"
GSE85605,"Cancer Associated Fibroblasts are defined by a core set of epigenome changes that contribute to the tumor phenotype [Illumina_Omini 2.5-8_SNP]","Genome variation profiling by SNP array;SNP genotyping by SNP array","Homo sapiens",8,,"IDAT;TXT","ftp://ftp.ncbi.nlm.nih.gov/geo/series/GSE85nnn/GSE85605/suppl",29650553,,"Ruth Pidsley","Mar 26, 2018"
GSE85606,"Cancer Associated Fibroblasts are defined by a core set of epigenome changes that contribute to the tumor phenotype [RNA-seq]","Expression profiling by high throughput sequencing","Homo sapiens",8,,"CSV;SRA Run Selector","ftp://ftp.ncbi.nlm.nih.gov/geo/series/GSE85nnn/GSE85606/suppl;https://www.ncbi.nlm.nih.gov/Traces/study/?acc=PRJNA338944",29650553,SRP082150,"Ruth Pidsley","Mar 26, 2018"
GSE85609,"Cancer Associated Fibroblasts are defined by a core set of epigenome changes that contribute to the tumor phenotype [WGBS]","Methylation profiling by high throughput sequencing","Homo sapiens",8,,"TSV;SRA Run Selector","ftp://ftp.ncbi.nlm.nih.gov/geo/series/GSE85nnn/GSE85609/suppl;https://www.ncbi.nlm.nih.gov/Traces/study/?acc=PRJNA338951",29650553,SRP082156,"Ruth Pidsley","Mar 26, 2018"
GSE86256,"Cancer Associated Fibroblasts are defined by a core set of epigenome changes that contribute to the tumor phenotype [HuGene-1_0-st]","Expression profiling by array","Homo sapiens",14,,"CEL;TXT","ftp://ftp.ncbi.nlm.nih.gov/geo/series/GSE86nnn/GSE86256/suppl",29650553,,"Ruth Pidsley","Mar 26, 2018"
GSE86258,"Cancer Associated Fibroblasts are defined by a core set of epigenome changes that contribute to the tumor phenotype [Illumina HM450]","Methylation profiling by genome tiling array","Homo sapiens",14,,"IDAT;TXT","ftp://ftp.ncbi.nlm.nih.gov/geo/series/GSE86nnn/GSE86258/suppl",29650553,,"Ruth Pidsley","Mar 26, 2018"
GSE86260,"Cancer Associated Fibroblasts are defined by a core set of epigenome changes that contribute to the tumor phenotype","Genome variation profiling by SNP array;SNP genotyping by SNP array;Expression profiling by high throughput sequencing;Methylation profiling by high throughput sequencing;Expression profiling by array;Methylation profiling by genome tiling array","Homo sapiens",52,,"CEL;IDAT","ftp://ftp.ncbi.nlm.nih.gov/geo/series/GSE86nnn/GSE86260/suppl",29650553,,"Ruth Pidsley","Mar 26, 2018"
GSE90642,"Profiling of N6-Adenosine (m6A) Methylation in HepG2 cells","Other","Homo sapiens",8,,"XLSX;SRA Run Selector","ftp://ftp.ncbi.nlm.nih.gov/geo/series/GSE90nnn/GSE90642/suppl;https://www.ncbi.nlm.nih.gov/Traces/study/?acc=PRJNA355271",29476152,SRP094051,"Jianjun Chen","Mar 26, 2018"
GSE95665,"Arabidopsis ZED1-related kinases mediate temperature-sensitive intersection of immune response and growth homeostasis","Expression profiling by high throughput sequencing","Arabidopsis thaliana",16,,"TXT;SRA Run Selector","ftp://ftp.ncbi.nlm.nih.gov/geo/series/GSE95nnn/GSE95665/suppl;https://www.ncbi.nlm.nih.gov/Traces/study/?acc=PRJNA377889",28499073,SRP101351,"Wang Zhicai","Mar 26, 2018"
GSE98076,"ChIP-Seq analysis of transcription factors CREB and C/EBP beta in vasopressin-responsive mouse renal collecting duct mpkCCD cells","Genome binding/occupancy profiling by high throughput sequencing","Mus musculus",22,,"BED;BEDGRAPH;SRA Run Selector","ftp://ftp.ncbi.nlm.nih.gov/geo/series/GSE98nnn/GSE98076/suppl;https://www.ncbi.nlm.nih.gov/Traces/study/?acc=PRJNA383865",29572403,SRP104762,"Hyun Jun Jung","Mar 26, 2018"
GSE99086,"Retinoic Acid Related Receptor Orphan Receptor a (RORa) expressing T regulatory cells thwart type-2 cutaneous allergic inflammation","Expression profiling by high throughput sequencing","Mus musculus",15,,"TXT;SRA Run Selector","ftp://ftp.ncbi.nlm.nih.gov/geo/series/GSE99nnn/GSE99086/suppl;https://www.ncbi.nlm.nih.gov/Traces/study/?acc=PRJNA387247",29500225,SRP107386,"Ramesh Shivdasani","Mar 26, 2018"
GSE101423,"Clock-dependent chromatin topology modulates circadian transcription and behavior","Expression profiling by high throughput sequencing;Other","Mus musculus",221,,"TXT;SRA Run Selector","ftp://ftp.ncbi.nlm.nih.gov/geo/series/GSE101nnn/GSE101423/suppl;https://www.ncbi.nlm.nih.gov/Traces/study/?acc=PRJNA394154",29572261,SRP111878,"Felix Naef","Mar 26, 2018"
GSE101922,"PtWOX11 Promote de novo Shoot Regeneration by Involving a Two- Step Mechanism in Poplar","Expression profiling by high throughput sequencing","Populus alba x Populus glandulosa",24,,"BW;SRA Run Selector","ftp://ftp.ncbi.nlm.nih.gov/geo/series/GSE101nnn/GSE101922/suppl;https://www.ncbi.nlm.nih.gov/Traces/study/?acc=PRJNA395928",,SRP113628,"Bobin Liu","Mar 26, 2018"
GSE102270,"RNA-seq analysis of gene expression profile in Uhrf1 WT and KO germinal center B cells","Expression profiling by high throughput sequencing","Mus musculus",4,,"TXT;SRA Run Selector","ftp://ftp.ncbi.nlm.nih.gov/geo/series/GSE102nnn/GSE102270/suppl;https://www.ncbi.nlm.nih.gov/Traces/study/?acc=PRJNA397185",29618490,SRP114838,"Xiaoming Wang","Mar 26, 2018"
GSE104456,"Profiling of cytosine DNA-methylation in the Arabidopsis CAF-1 mutant fas2","Methylation profiling by high throughput sequencing","Arabidopsis thaliana",3,,"BW;SRA Run Selector","ftp://ftp.ncbi.nlm.nih.gov/geo/series/GSE104nnn/GSE104456/suppl;https://www.ncbi.nlm.nih.gov/Traces/study/?acc=PRJNA412659",29573427,SRP119161,"Minerva Susana Trejo Arellano","Mar 26, 2018"
GSE106288,"Human MAIT cells exit peripheral tissues and re-circulate via lymph in steady state conditions","Expression profiling by high throughput sequencing","Homo sapiens",14,,"TXT;SRA Run Selector","ftp://ftp.ncbi.nlm.nih.gov/geo/series/GSE106nnn/GSE106288/suppl;https://www.ncbi.nlm.nih.gov/Traces/study/?acc=PRJNA416130",29618662,SRP122527,"Valentin Voillet","Mar 26, 2018"
GSE108786,"ATAC-Seq analysis in vasopressin-responsive mouse renal collecting duct mpkCCD cells","Genome binding/occupancy profiling by high throughput sequencing","Mus musculus",4,,"BED;BW;SRA Run Selector","ftp://ftp.ncbi.nlm.nih.gov/geo/series/GSE108nnn/GSE108786/suppl;https://www.ncbi.nlm.nih.gov/Traces/study/?acc=PRJNA428530",29572403,SRP130938,"Hyun Jun Jung","Mar 26, 2018"
GSE111431,"Microprocessor depends on hemin to recognize the apical loop of primary microRNA","Non-coding RNA profiling by high throughput sequencing","Homo sapiens",17,,"CSV;SRA Run Selector","ftp://ftp.ncbi.nlm.nih.gov/geo/series/GSE111nnn/GSE111431/suppl;https://www.ncbi.nlm.nih.gov/Traces/study/?acc=PRJNA436986",29750274,SRP133955,"Joha Park","Mar 26, 2018"
GSE111946,"microRNA-218 modulates gene expression in fibroblast-like synovial cells in rheumatoid arthritis","Expression profiling by array","Homo sapiens",4,,"TXT","ftp://ftp.ncbi.nlm.nih.gov/geo/series/GSE111nnn/GSE111946/suppl",30157923,,"Naoki Iwamoto","Mar 26, 2018"
GSE67559,"SRA of transcriptome of Hevea brasiliensis","Expression profiling by high throughput sequencing","Hevea brasiliensis",6,,"FA;TXT;SRA Run Selector","ftp://ftp.ncbi.nlm.nih.gov/geo/series/GSE67nnn/GSE67559/suppl;https://www.ncbi.nlm.nih.gov/Traces/study/?acc=PRJNA280256",,SRP056852,"Wei-Min Tian","Mar 25, 2018"
GSE100832,"OCEAN-C: mapping hubs of open chromatin interactions across the genome reveals gene regulatory networks","Genome binding/occupancy profiling by high throughput sequencing;Other","Homo sapiens",8,,"BED;SRA Run Selector","ftp://ftp.ncbi.nlm.nih.gov/geo/series/GSE100nnn/GSE100832/suppl;https://www.ncbi.nlm.nih.gov/Traces/study/?acc=PRJNA393197",29690904,SRP111140,"lumeng Jia","Mar 25, 2018"
GSE108175,"Genome-wide expression reveals multiple systemic effects of anticoagulant poisons in bobcats (Lynx rufus)","Expression profiling by high throughput sequencing","Lynx rufus",52,,"TXT;SRA Run Selector","ftp://ftp.ncbi.nlm.nih.gov/geo/series/GSE108nnn/GSE108175/suppl;https://www.ncbi.nlm.nih.gov/Traces/study/?acc=PRJNA422754",29427407,SRP126924,"Alice Mouton","Mar 25, 2018"
GSE67274,"Impact of Vitamine D depletion and repletion on rat skeletal muscle","Expression profiling by array","Rattus norvegicus",14,,"TXT","ftp://ftp.ncbi.nlm.nih.gov/geo/series/GSE67nnn/GSE67274/suppl",,,"emmanuelle meugnier","Mar 24, 2018"
GSE96969,"Genome-wide analysis identifies Nr4a1 as a key mediator of T cell tolerance","Genome binding/occupancy profiling by high throughput sequencing","Mus musculus",20,,"WIG;SRA Run Selector","ftp://ftp.ncbi.nlm.nih.gov/geo/series/GSE96nnn/GSE96969/suppl;https://www.ncbi.nlm.nih.gov/Traces/study/?acc=PRJNA380245",,SRP102368,"Huiping Lu","Mar 24, 2018"
GSE112248,"AKBA regulates mRNA expression of mouse epidermis.","Expression profiling by high throughput sequencing","Mus musculus",6,,"TXT;SRA Run Selector","ftp://ftp.ncbi.nlm.nih.gov/geo/series/GSE112nnn/GSE112248/suppl;https://www.ncbi.nlm.nih.gov/Traces/study/?acc=PRJNA445382",30591370,SRP136319,"Jing Bai","Mar 24, 2018"
GSE112272,"Development of gene expression signatures during fasting and refeeding (compensatory growth) for zebrafish liver","Expression profiling by array","Danio rerio",16,,"TXT","ftp://ftp.ncbi.nlm.nih.gov/geo/series/GSE112nnn/GSE112272/suppl",,,"jirong jia","Mar 24, 2018"
GSE112290,"In Vitro Culture of the Insect Endosymbiont Spiroplasma poulsonii Highlights Bacterial Genes Involved in Host-Symbiont Interaction","Expression profiling by high throughput sequencing","Spiroplasma poulsonii",6,,"TXT;SRA Run Selector","ftp://ftp.ncbi.nlm.nih.gov/geo/series/GSE112nnn/GSE112290/suppl;https://www.ncbi.nlm.nih.gov/Traces/study/?acc=PRJNA445479",,SRP136361,"Sandra Calderon","Mar 24, 2018"
GSE112292,"Transcriptome profiling reveals cleft palate-related genes in Chinese sturgeon (Acipenser sinensis)","Expression profiling by high throughput sequencing","Acipenser sinensis",6,,"FA;TXT;SRA Run Selector","ftp://ftp.ncbi.nlm.nih.gov/geo/series/GSE112nnn/GSE112292/suppl;https://www.ncbi.nlm.nih.gov/Traces/study/?acc=PRJNA445484",29733966,SRP136367,"Jing Yang","Mar 24, 2018"
GSE66580,"Ribosome profiling reveals changes in translational status of soybean transcripts during immature cotyledon development","Expression profiling by high throughput sequencing","Glycine max",20,,"TXT;SRA Run Selector","ftp://ftp.ncbi.nlm.nih.gov/geo/series/GSE66nnn/GSE66580/suppl;https://www.ncbi.nlm.nih.gov/Traces/study/?acc=PRJNA277363",,SRP055880,"Lila O. Vodkin","Mar 23, 2018"
GSE67199,"Gene expression in beta-cells in mice submitted to a high-fat diet","Expression profiling by array","Mus musculus",8,,"TXT","ftp://ftp.ncbi.nlm.nih.gov/geo/series/GSE67nnn/GSE67199/suppl",,,"emmanuelle meugnier","Mar 23, 2018"
GSE67504,"Glycyrrhizin, silymarin, and ursodeoxycholic acid regulate a common hepatoprotective pathway in HepG2 cells","Expression profiling by array","Homo sapiens",12,,"GPR","ftp://ftp.ncbi.nlm.nih.gov/geo/series/GSE67nnn/GSE67504/suppl",26141764,,"Chien-Yun Hsiang","Mar 23, 2018"
GSE79538,"Rheb1-mTORC1 maintains macrophage differentiation and phagocytosis in mice","Expression profiling by array","Mus musculus",14,,"TXT","ftp://ftp.ncbi.nlm.nih.gov/geo/series/GSE79nnn/GSE79538/suppl",30262562,,"wang xiaomin","Mar 23, 2018"
GSE83999,"Modulation of ESRP2 and MBNL2 in normal kidney and clear cell renal cell carcinoma cell lines for analysis of stability programs","Expression profiling by high throughput sequencing","Homo sapiens",12,,"TXT;SRA Run Selector","ftp://ftp.ncbi.nlm.nih.gov/geo/series/GSE83nnn/GSE83999/suppl;https://www.ncbi.nlm.nih.gov/Traces/study/?acc=PRJNA327769",29742422,SRP077885,"Hamed S Najafabadi","Mar 23, 2018"
GSE89851,"The effect of new probiotic mixture in DSS (dextran sulphate sodium) – induced colitis mouse model","Expression profiling by array","Mus musculus",20,,"CEL","ftp://ftp.ncbi.nlm.nih.gov/geo/series/GSE89nnn/GSE89851/suppl",29633647,,"Peter Juvan","Mar 23, 2018"
GSE102002,"c-kitCre Knock-ins Fail to Identify, Effectively Recombine and Fate-Map Cardiac Stem Cells","Expression profiling by high throughput sequencing","Mus musculus",12,,"XLSX;SRA Run Selector","ftp://ftp.ncbi.nlm.nih.gov/geo/series/GSE102nnn/GSE102002/suppl;https://www.ncbi.nlm.nih.gov/Traces/study/?acc=PRJNA396178",29565363,SRP113768,"Daniele Torella","Mar 23, 2018"
GSE105115,"Comprehensive identification and spatial mapping of habenular neuronal types using single cell RNAseq","Expression profiling by high throughput sequencing","Danio rerio",1143,,"TXT","ftp://ftp.ncbi.nlm.nih.gov/geo/series/GSE105nnn/GSE105115/suppl",29576475,,"Shristi Pandey","Mar 23, 2018"
GSE106400,"Gene expression profile of Ba/F3 variant (#BEB1) cells that have binding ability to Ecrg4","Expression profiling by array","Mus musculus",2,,"TXT","ftp://ftp.ncbi.nlm.nih.gov/geo/series/GSE106nnn/GSE106400/suppl",29511297,,"Kei Enomoto","Mar 23, 2018"
GSE107284,"Transcriptomic profiling of ex vivo isolated  CD3+CD4+ T cells from spleens of colitic Rag-/- mice received naïve ERαfl/fl and CD4CreERαfl/fl CD4+ T cells","Expression profiling by high throughput sequencing","Mus musculus",4,,"TXT;SRA Run Selector","ftp://ftp.ncbi.nlm.nih.gov/geo/series/GSE107nnn/GSE107284/suppl;https://www.ncbi.nlm.nih.gov/Traces/study/?acc=PRJNA419546",29666308,SRP125505,"Imran Ahammad Mohammad","Mar 23, 2018"
GSE107532,"Gcn4 binding in coding regions can activate internal and canonical 5’ promoters in yeast [ChIP-seq]","Genome binding/occupancy profiling by high throughput sequencing","Saccharomyces cerevisiae",42,,"BW;SRA Run Selector","ftp://ftp.ncbi.nlm.nih.gov/geo/series/GSE107nnn/GSE107532/suppl;https://www.ncbi.nlm.nih.gov/Traces/study/?acc=PRJNA420488",29628310,SRP125888,"Yashpal Rawal","Mar 23, 2018"
GSE109158,"10X genomics analysis of adult and larval habenula from the gng8-GFP transgenic line","Expression profiling by high throughput sequencing","Danio rerio",3,,"TXT;SRA Run Selector","ftp://ftp.ncbi.nlm.nih.gov/geo/series/GSE109nnn/GSE109158/suppl;https://www.ncbi.nlm.nih.gov/Traces/study/?acc=PRJNA429936",29576475,SRP131047,"Shristi Pandey","Mar 23, 2018"
GSE109159,"Smart-seq2 analysis of larval zebrafish habenula from the gng8-GFP transgenic line","Expression profiling by high throughput sequencing","Danio rerio",1140,,"MATRIX;SRA Run Selector","ftp://ftp.ncbi.nlm.nih.gov/geo/series/GSE109nnn/GSE109159/suppl;https://www.ncbi.nlm.nih.gov/Traces/study/?acc=PRJNA429937",29576475,SRP129440,"Shristi Pandey","Mar 23, 2018"
GSE110231,"Analysis of altered miRNA expression profiles in the streptozotocin-induced diabetic rats compared to normal SD rats","Non-coding RNA profiling by array","Rattus norvegicus;synthetic construct",6,,"CEL;TXT","ftp://ftp.ncbi.nlm.nih.gov/geo/series/GSE110nnn/GSE110231/suppl",,,"Guojun Guo","Mar 23, 2018"
GSE110233,"Analysis of altered lncRNA and mRNA expression profiles in the streptozotocin-induced diabetic rats compared to normal SD rats","Expression profiling by array","Rattus norvegicus",6,,"CEL;TXT","ftp://ftp.ncbi.nlm.nih.gov/geo/series/GSE110nnn/GSE110233/suppl",,,"Guojun Guo","Mar 23, 2018"
GSE110234,"Analysis of altered miRNA, lncRNA and mRNA expression profiles in the streptozotocin-induced diabetic rats compared to normal SD rats","Non-coding RNA profiling by array;Expression profiling by array","Rattus norvegicus;synthetic construct",12,,"CEL","ftp://ftp.ncbi.nlm.nih.gov/geo/series/GSE110nnn/GSE110234/suppl",30118515,,"Guojun Guo","Mar 23, 2018"
GSE110335,"Glycyrrhetinic acid antagonizes pressure-induced venous remodeling in mice","Expression profiling by array","Homo sapiens",6,,"CEL","ftp://ftp.ncbi.nlm.nih.gov/geo/series/GSE110nnn/GSE110335/suppl",29670539,,"Carsten Sticht","Mar 23, 2018"
GSE110379,"SWI/SNF and RSC cooperate to reposition and evict promoter nucleosomes at highly expressed genes in yeast","Genome binding/occupancy profiling by high throughput sequencing","Saccharomyces cerevisiae",92,,"BW;SRA Run Selector","ftp://ftp.ncbi.nlm.nih.gov/geo/series/GSE110nnn/GSE110379/suppl;https://www.ncbi.nlm.nih.gov/Traces/study/?acc=PRJNA433556",,SRP132515,"Yashpal Rawal","Mar 23, 2018"
GSE111508,"Multi-environment fitness landscapes of a tRNA gene","Genome variation profiling by high throughput sequencing","Saccharomyces cerevisiae",5,,"TXT;SRA Run Selector","ftp://ftp.ncbi.nlm.nih.gov/geo/series/GSE111nnn/GSE111508/suppl;https://www.ncbi.nlm.nih.gov/Traces/study/?acc=PRJNA437246",,SRP134087,"Chuan Li","Mar 23, 2018"
GSE112007,"Next Generation Sequencing Facilitates Quantitative of Transcriptomes in Various Cells Treated with or without LD100 and siRNA of SOD1","Expression profiling by high throughput sequencing","Homo sapiens",21,,"TXT;SRA Run Selector","ftp://ftp.ncbi.nlm.nih.gov/geo/series/GSE112nnn/GSE112007/suppl;https://www.ncbi.nlm.nih.gov/Traces/study/?acc=PRJNA438935",,SRP135989,"Xiang Li","Mar 23, 2018"
GSE112201,"RNA Misplicing in Fuchs Endothelial Corneal Dystrophy II","Expression profiling by high throughput sequencing","Homo sapiens",24,,"TSV;SRA Run Selector","ftp://ftp.ncbi.nlm.nih.gov/geo/series/GSE112nnn/GSE112201/suppl;https://www.ncbi.nlm.nih.gov/Traces/study/?acc=PRJNA445238",29966009,SRP136239,"Michael P Fautsch","Mar 23, 2018"
GSE112206,"Intratumoral CpG-B promotes anti-tumoral neutrophil, cDC, and T cell cooperation without reprograming tolerogenic pDC","Expression profiling by high throughput sequencing","Mus musculus",14,,"TXT;SRA Run Selector","ftp://ftp.ncbi.nlm.nih.gov/geo/series/GSE112nnn/GSE112206/suppl;https://www.ncbi.nlm.nih.gov/Traces/study/?acc=PRJNA445268",29588348,SRP136246,"Sylvain LEMEILLE","Mar 23, 2018"
GSE112216,"Gene chip analysis of NPCs with and without cocultured with ASCs","Expression profiling by array","Homo sapiens",6,,"CEL","ftp://ftp.ncbi.nlm.nih.gov/geo/series/GSE112nnn/GSE112216/suppl",30115120,,"Zhihua Han Han","Mar 23, 2018"
GSE112235,"BP180 dysfunction triggers spontaneous skin inflammation in mice","Expression profiling by array","Mus musculus",6,,"TXT","ftp://ftp.ncbi.nlm.nih.gov/geo/series/GSE112nnn/GSE112235/suppl",29866844,,"Zhi Liu","Mar 23, 2018"
GSE112239,"Molecular profiling of SV-BR-1-GM, a clinically effective GM-CSF-secreting human breast cancer cell line","Expression profiling by array","Homo sapiens",22,,"IDAT;TXT","ftp://ftp.ncbi.nlm.nih.gov/geo/series/GSE112nnn/GSE112239/suppl",29867922,,"Markus Daniel Lacher","Mar 23, 2018"
GSE39884,"Small RNAs in undifferentiated and differentiating mouse embryonic stem cells","Non-coding RNA profiling by high throughput sequencing;Expression profiling by high throughput sequencing","Mus musculus",9,,"BIGWIG;SRA Run Selector","ftp://ftp.ncbi.nlm.nih.gov/geo/series/GSE39nnn/GSE39884/suppl;https://www.ncbi.nlm.nih.gov/Traces/study/?acc=PRJNA171949",,SRP014691,"Diane E Trout","Mar 22, 2018"
GSE93045,"Transcriptomic analysis genes involved in the establishment and maintenance of FMDV persistent infection","Expression profiling by high throughput sequencing","Mesocricetus auratus",9,,"TXT;SRA Run Selector","ftp://ftp.ncbi.nlm.nih.gov/geo/series/GSE93nnn/GSE93045/suppl;https://www.ncbi.nlm.nih.gov/Traces/study/?acc=PRJNA359677",29568077,SRP095892,"han ling ling","Mar 22, 2018"
GSE93935,"Studying iPSCs from a hibernating mammal reveals molecular mechanisms of cold resistance in neural tissues","Expression profiling by high throughput sequencing","Homo sapiens;Ictidomys tridecemlineatus",18,,"TXT;SRA Run Selector","ftp://ftp.ncbi.nlm.nih.gov/geo/series/GSE93nnn/GSE93935/suppl;https://www.ncbi.nlm.nih.gov/Traces/study/?acc=PRJNA362861",29576452,SRP097613,"Yizhao Luan","Mar 22, 2018"
GSE94516,"β2→1-fructans modulate the immune system in vivo in a microbiota-dependent and -independent fashion","Expression profiling by array","Mus musculus",24,,"CEL","ftp://ftp.ncbi.nlm.nih.gov/geo/series/GSE94nnn/GSE94516/suppl",28261212,,"Guido Hooiveld","Mar 22, 2018"
GSE94635,"Late cornified envelope 1C (LCE1C) gene is a transcriptional target of TAp63.","Expression profiling by array","Homo sapiens",4,,"TXT","ftp://ftp.ncbi.nlm.nih.gov/geo/series/GSE94nnn/GSE94635/suppl",29559659,,"Daisuke Okuzaki","Mar 22, 2018"
GSE100374,"HIV-1 infection of human monocyte-derived dendritic cells with and without the integrase inhibitor, Raltegravir (gene expression).","Expression profiling by array","Homo sapiens",32,,"TXT","ftp://ftp.ncbi.nlm.nih.gov/geo/series/GSE100nnn/GSE100374/suppl",29544097,,"Jarrod S Johnson","Mar 22, 2018"
GSE100376,"HIV-1 infection of human monocyte-derived dendritic cells with and without the integrase inhibitor, Raltegravir (ATAC-Seq).","Genome binding/occupancy profiling by high throughput sequencing","Homo sapiens",24,,"BW;SRA Run Selector","ftp://ftp.ncbi.nlm.nih.gov/geo/series/GSE100nnn/GSE100376/suppl;https://www.ncbi.nlm.nih.gov/Traces/study/?acc=PRJNA391485",29544097,SRP110173,"Jarrod S Johnson","Mar 22, 2018"
GSE100377,"HIV-1 infection of human monocyte-derived dendritic cells with and without the integrase inhibitor, Raltegravir","Expression profiling by array;Genome binding/occupancy profiling by high throughput sequencing","Homo sapiens",56,,"BW;TXT","ftp://ftp.ncbi.nlm.nih.gov/geo/series/GSE100nnn/GSE100377/suppl",29544097,,"Jarrod S Johnson","Mar 22, 2018"
GSE104091,"The striatal kinase DCLK3 produces neuroprotection against mutant huntingtin","Expression profiling by high throughput sequencing","Homo sapiens",12,,"TXT;SRA Run Selector","ftp://ftp.ncbi.nlm.nih.gov/geo/series/GSE104nnn/GSE104091/suppl;https://www.ncbi.nlm.nih.gov/Traces/study/?acc=PRJNA408232",29534157,SRP118468,"MARGOT JARRIGE","Mar 22, 2018"
GSE107177,"Firefly genomes illuminate parallel origins of bioluminescence in beetles","Methylation profiling by high throughput sequencing","Photinus pyralis",4,,"TSV;SRA Run Selector","ftp://ftp.ncbi.nlm.nih.gov/geo/series/GSE107nnn/GSE107177/suppl;https://www.ncbi.nlm.nih.gov/Traces/study/?acc=PRJNA419213",30324905,SRP125333,"Robert J Schmitz","Mar 22, 2018"
GSE109588,"Transcription start site analysis reveals widespread divergent transcription in D. melanogaster and core promoter-encoded enhancer activities","Expression profiling by high throughput sequencing","Drosophila melanogaster",8,,"BED;SRA Run Selector","ftp://ftp.ncbi.nlm.nih.gov/geo/series/GSE109nnn/GSE109588/suppl;https://www.ncbi.nlm.nih.gov/Traces/study/?acc=PRJNA431435",29659982,SRP131270,"Robin Andersson","Mar 22, 2018"
GSE110826,"Human iPSC-derived cells and microengineered Organ-Chip enhance neural development.","Expression profiling by high throughput sequencing","Homo sapiens",15,,"TXT;SRA Run Selector","ftp://ftp.ncbi.nlm.nih.gov/geo/series/GSE110nnn/GSE110826/suppl;https://www.ncbi.nlm.nih.gov/Traces/study/?acc=PRJNA434669",,SRP133108,"Samuel A Sances","Mar 22, 2018"
GSE112121,"Spatiotemporal transcriptome of the mouse dentate gyrus","Expression profiling by array","Mus musculus",4,,"TXT","ftp://ftp.ncbi.nlm.nih.gov/geo/series/GSE112nnn/GSE112121/suppl",30365199,,"Tetsuya Imura","Mar 22, 2018"
GSE112142,"Genome-wide map of H3K27me3 before and after AKBA treatment in HaCaT cells","Genome binding/occupancy profiling by high throughput sequencing","Homo sapiens",4,,"BED;BW;SRA Run Selector","ftp://ftp.ncbi.nlm.nih.gov/geo/series/GSE112nnn/GSE112142/suppl;https://www.ncbi.nlm.nih.gov/Traces/study/?acc=PRJNA439422",30591370,SRP136168,"Hong Lin Wang","Mar 22, 2018"
GSE112149,"In vitro transcriptomic profiling of P. falciparum under 4 hr artemisinin challenge (900nM), from 10 HPI","Expression profiling by array","Plasmodium falciparum",24,,"GPR","ftp://ftp.ncbi.nlm.nih.gov/geo/series/GSE112nnn/GSE112149/suppl",29538461,,"Frances Maureen Casica Rocamora","Mar 22, 2018"
GSE112150,"Steady-state in vitro transcriptomic profiling of P. falciparum across parasite's intraerythrocytic life cycle","Expression profiling by array","Plasmodium falciparum",24,,"GPR","ftp://ftp.ncbi.nlm.nih.gov/geo/series/GSE112nnn/GSE112150/suppl",29538461,,"Frances Maureen Casica Rocamora","Mar 22, 2018"
GSE112151,"Steady-state in vitro transcriptomic profiling of P. falciparum from 10-20 HPI","Expression profiling by array","Plasmodium falciparum",24,,"GPR","ftp://ftp.ncbi.nlm.nih.gov/geo/series/GSE112nnn/GSE112151/suppl",29538461,,"Frances Maureen Casica Rocamora","Mar 22, 2018"
GSE112162,"Rhizophora mucronata Lam. de novo transcriptome - Gene expression estimation","Expression profiling by high throughput sequencing","Rhizophora mucronata",1,,"TXT;SRA Run Selector","ftp://ftp.ncbi.nlm.nih.gov/geo/series/GSE112nnn/GSE112162/suppl;https://www.ncbi.nlm.nih.gov/Traces/study/?acc=PRJNA345155",,SRP093200,"Anu Augustine","Mar 22, 2018"
GSE112163,"Caveolin-1 promotes the human trophoblasts cells invasion through FAK signaling pathway in the early placental development","Non-coding RNA profiling by array","Mus musculus",9,,"TXT","ftp://ftp.ncbi.nlm.nih.gov/geo/series/GSE112nnn/GSE112163/suppl",,,"Zhihui Dai","Mar 22, 2018"
GSE112169,"Selective degradation of DNA uptake apparatus by HtrA accelerates bacterial recovery from competence state","Expression profiling by high throughput sequencing","Streptococcus pneumoniae",6,,"XLSX;SRA Run Selector","ftp://ftp.ncbi.nlm.nih.gov/geo/series/GSE112nnn/GSE112169/suppl;https://www.ncbi.nlm.nih.gov/Traces/study/?acc=PRJNA442025",,SRP136193,"Yanni Liu","Mar 22, 2018"
GSE112172,"The DYRK1A kinase positively regulates angiogenic responses in endothelial cells","Expression profiling by array","Homo sapiens",27,,"TXT","ftp://ftp.ncbi.nlm.nih.gov/geo/series/GSE112nnn/GSE112172/suppl",29742440,,"Susana de la Luna","Mar 22, 2018"
GSE112173,"Genomic profiles of  unresectable localized peripheral neuroblastic tumours without MYCN amplificatioun of children over the age of 12 months","Genome variation profiling by array;Genome variation profiling by genome tiling array","Homo sapiens",26,,"GPR;PAIR;TXT","ftp://ftp.ncbi.nlm.nih.gov/geo/series/GSE112nnn/GSE112173/suppl",25356804,,"Nathalie Clément","Mar 22, 2018"
GSE80990,"Mitochondrial retrograde signaling in mammals is mediated by the transcriptional cofactor GPS2 via direct mitochondria-to-nucleus translocation [GRO-seq]","Expression profiling by high throughput sequencing","Mus musculus",4,,"BED;BEDGRAPH;SRA Run Selector","ftp://ftp.ncbi.nlm.nih.gov/geo/series/GSE80nnn/GSE80990/suppl;https://www.ncbi.nlm.nih.gov/Traces/study/?acc=PRJNA320249",29499132,SRP074240,"Valentina Perissi","Mar 21, 2018"
GSE80992,"Mitochondrial retrograde signaling in mammals is mediated by the transcriptional cofactor GPS2 via direct mitochondria-to-nucleus translocation [ChIP-seq]","Genome binding/occupancy profiling by high throughput sequencing","Mus musculus",20,,"BEDGRAPH;TXT;SRA Run Selector","ftp://ftp.ncbi.nlm.nih.gov/geo/series/GSE80nnn/GSE80992/suppl;https://www.ncbi.nlm.nih.gov/Traces/study/?acc=PRJNA320248",29499132,SRP074241,"Valentina Perissi","Mar 21, 2018"
GSE80993,"Mitochondrial retrograde signaling in mammals is mediated by the transcriptional cofactor GPS2 via direct mitochondria-to-nucleus translocation [RNA-seq]","Expression profiling by high throughput sequencing","Mus musculus",4,,"BEDGRAPH;SRA Run Selector","ftp://ftp.ncbi.nlm.nih.gov/geo/series/GSE80nnn/GSE80993/suppl;https://www.ncbi.nlm.nih.gov/Traces/study/?acc=PRJNA320247",29499132,SRP074242,"Valentina Perissi","Mar 21, 2018"
GSE80994,"Mitochondrial retrograde signaling in mammals is mediated by the transcriptional cofactor GPS2 via direct mitochondria-to-nucleus translocation","Expression profiling by high throughput sequencing;Genome binding/occupancy profiling by high throughput sequencing","Mus musculus",28,,"BED;BEDGRAPH;TXT","ftp://ftp.ncbi.nlm.nih.gov/geo/series/GSE80nnn/GSE80994/suppl",29499132,,"Valentina Perissi","Mar 21, 2018"
GSE81072,"Gene expression from human keratinocytes isolated from limited systemic sclerosis (lcSSc) and diffuse systemic sclerosis (dcSSc) skin biopsy","Expression profiling by array","Homo sapiens",20,,"CEL;TXT","ftp://ftp.ncbi.nlm.nih.gov/geo/series/GSE81nnn/GSE81072/suppl",28968684,,"Celine C Berthier","Mar 21, 2018"
GSE87577,"Transcriptional study of ARN8 cells treated with novel DHODH inhibitors","Expression profiling by high throughput sequencing","Homo sapiens",9,,"TXT;SRA Run Selector","ftp://ftp.ncbi.nlm.nih.gov/geo/series/GSE87nnn/GSE87577/suppl;https://www.ncbi.nlm.nih.gov/Traces/study/?acc=PRJNA345223",29549331,SRP090767,"Vicent Pelechano","Mar 21, 2018"
GSE89343,"microRNAs in early pregnant porcine endometrium revealed by Illumina sequencing","Non-coding RNA profiling by high throughput sequencing","Sus scrofa",16,,"TXT;SRA Run Selector","ftp://ftp.ncbi.nlm.nih.gov/geo/series/GSE89nnn/GSE89343/suppl;https://www.ncbi.nlm.nih.gov/Traces/study/?acc=PRJNA351849",29542831,SRP092340,"Veronika L Flöter","Mar 21, 2018"
GSE89443,"RNA Seq analysis of NKX2-5 Null and Het human embryonic stem cells in cardiomyogenesis","Expression profiling by high throughput sequencing","Homo sapiens",6,,"TXT;SRA Run Selector","ftp://ftp.ncbi.nlm.nih.gov/geo/series/GSE89nnn/GSE89443/suppl;https://www.ncbi.nlm.nih.gov/Traces/study/?acc=PRJNA352245",,SRP092468,"Katrina M Bell","Mar 21, 2018"
GSE89457,"ChIP Seq with NKX2-5 antibody in human embryonic stem cells in cardiomyogenesis","Genome binding/occupancy profiling by high throughput sequencing","Homo sapiens",5,,"BED;SRA Run Selector","ftp://ftp.ncbi.nlm.nih.gov/geo/series/GSE89nnn/GSE89457/suppl;https://www.ncbi.nlm.nih.gov/Traces/study/?acc=PRJNA352255",,SRP092473,"Katrina M Bell","Mar 21, 2018"
GSE92858,"Thyroid Dysfunction, Neurological Disorder and Immunosuppression as the Consequences of Long-term Combined Stress","Expression profiling by high throughput sequencing","Rattus norvegicus",16,,"TXT;SRA Run Selector","ftp://ftp.ncbi.nlm.nih.gov/geo/series/GSE92nnn/GSE92858/suppl;https://www.ncbi.nlm.nih.gov/Traces/study/?acc=PRJNA358624",29540811,SRP095573,"Dong Chen","Mar 21, 2018"
GSE98885,"White Leaf and Panicle 2 encoding a PEP-associated protein, is required for chloroplast biogenesis under heat stress in rice (Oryza sativa L.)","Expression profiling by high throughput sequencing","Oryza sativa",2,,"XLSX;SRA Run Selector","ftp://ftp.ncbi.nlm.nih.gov/geo/series/GSE98nnn/GSE98885/suppl;https://www.ncbi.nlm.nih.gov/Traces/study/?acc=PRJNA386499",29045742,SRP107005,"lv yu song","Mar 21, 2018"
GSE99834,"Gene expression analysis upon mtDNA depletion [microarray]","Expression profiling by array","Homo sapiens",24,,"CEL;CHP","ftp://ftp.ncbi.nlm.nih.gov/geo/series/GSE99nnn/GSE99834/suppl",29668680;30737248,,"Janine Santos","Mar 21, 2018"
GSE99949,"Next-generation sequencing of matched ectopic and eutopic endometrium identifies novel endometriosis-related genes and highlights the role of general metabolism","Expression profiling by high throughput sequencing","Homo sapiens",8,,"TSV;SRA Run Selector","ftp://ftp.ncbi.nlm.nih.gov/geo/series/GSE99nnn/GSE99949/suppl;https://www.ncbi.nlm.nih.gov/Traces/study/?acc=PRJNA390177",,SRP109033,"Alexander Predeus","Mar 21, 2018"
GSE100132,"Gene expression analysis upon mtDNA depletion [RNA-seq]","Expression profiling by high throughput sequencing","Homo sapiens",12,,"BW;SRA Run Selector","ftp://ftp.ncbi.nlm.nih.gov/geo/series/GSE100nnn/GSE100132/suppl;https://www.ncbi.nlm.nih.gov/Traces/study/?acc=PRJNA390794",29668680;30737248,SRP109602,"Janine Santos","Mar 21, 2018"
GSE100133,"Gene expression analysis upon mtDNA depletion [ChIP-seq]","Genome binding/occupancy profiling by high throughput sequencing","Homo sapiens",32,,"BW;SRA Run Selector","ftp://ftp.ncbi.nlm.nih.gov/geo/series/GSE100nnn/GSE100133/suppl;https://www.ncbi.nlm.nih.gov/Traces/study/?acc=PRJNA390793",30737248,SRP109603,"Janine Santos","Mar 21, 2018"
GSE100134,"Gene expression analysis upon mtDNA depletion","Expression profiling by array;Expression profiling by high throughput sequencing;Genome binding/occupancy profiling by high throughput sequencing;Methylation profiling by array","Homo sapiens",108,,"BW;CEL;CHP;IDAT","ftp://ftp.ncbi.nlm.nih.gov/geo/series/GSE100nnn/GSE100134/suppl",29668680;30737248,,"Janine Santos","Mar 21, 2018"
GSE100249,"Gene expression analysis upon mtDNA depletion [methylation]","Methylation profiling by array","Homo sapiens",24,,"IDAT","ftp://ftp.ncbi.nlm.nih.gov/geo/series/GSE100nnn/GSE100249/suppl",29668680;30737248,,"Janine Santos","Mar 21, 2018"
GSE101199,"postnb lineage traced cells at 7 and 60 days post cryoinjury (dpi) during adult zebrafish cardiac ventricle regeneration","Expression profiling by high throughput sequencing","Danio rerio",7,,"XLS;SRA Run Selector","ftp://ftp.ncbi.nlm.nih.gov/geo/series/GSE101nnn/GSE101199/suppl;https://www.ncbi.nlm.nih.gov/Traces/study/?acc=PRJNA393987",29610343,SRP111705,"Manuel J Gomez","Mar 21, 2018"
GSE101200,"Comparison of the expression profiles of kdrl:mCherry-positive cells in injured versus uninjured zebrafish cardiac ventricle and analysis of the expression prolife of postnb:citrin-positive cells upon injury   compared to the rest of cardiac cells.","Expression profiling by high throughput sequencing","Danio rerio",16,,"XLSX;SRA Run Selector","ftp://ftp.ncbi.nlm.nih.gov/geo/series/GSE101nnn/GSE101200/suppl;https://www.ncbi.nlm.nih.gov/Traces/study/?acc=PRJNA393857",29610343,SRP111552,"Manuel J Gomez","Mar 21, 2018"
GSE101204,"Comparison of the expression profile of GFP-positive cells from Tg(-6.8wt1a:EGFP) with the rest of the cells in adult zebrafish cardiac ventricles","Expression profiling by high throughput sequencing","Danio rerio",8,,"XLSX;SRA Run Selector","ftp://ftp.ncbi.nlm.nih.gov/geo/series/GSE101nnn/GSE101204/suppl;https://www.ncbi.nlm.nih.gov/Traces/study/?acc=PRJNA393878",29610343,SRP111553,"Manuel J Gomez","Mar 21, 2018"
GSE101730,"The histone methyltransferase G9a is required for silencing of helper lineage genes in CD8+ T cells","Expression profiling by high throughput sequencing;Genome binding/occupancy profiling by high throughput sequencing","Mus musculus",18,,"TXT;SRA Run Selector","ftp://ftp.ncbi.nlm.nih.gov/geo/series/GSE101nnn/GSE101730/suppl;https://www.ncbi.nlm.nih.gov/Traces/study/?acc=PRJNA395307",29720423,SRP113282,"Takeshi Egawa","Mar 21, 2018"
GSE102609,"JIP1 knockout in PE and TSA treated NRVMS","Expression profiling by high throughput sequencing","Rattus norvegicus",6,,"TXT;SRA Run Selector","ftp://ftp.ncbi.nlm.nih.gov/geo/series/GSE102nnn/GSE102609/suppl;https://www.ncbi.nlm.nih.gov/Traces/study/?acc=PRJNA398202",28886967,SRP115386,"Philip David Tatman","Mar 21, 2018"
GSE102894,"Transcriptome profile analysis reveals the regulation mechanism of floral sex differentiation in Jatropha curcas L.","Expression profiling by high throughput sequencing","Jatropha curcas",5,,"TXT;SRA Run Selector","ftp://ftp.ncbi.nlm.nih.gov/geo/series/GSE102nnn/GSE102894/suppl;https://www.ncbi.nlm.nih.gov/Traces/study/?acc=PRJNA399175",29180629,SRP115917,"Wenkai Hui","Mar 21, 2018"
GSE103002,"LPS stimulated murine RAW264.7 cells, incubated with DMSO carrier or mycolactone","Expression profiling by array","Mus musculus",6,,"TXT","ftp://ftp.ncbi.nlm.nih.gov/geo/series/GSE103nnn/GSE103002/suppl",29540678,,"RACHEL SIMMONDS","Mar 21, 2018"
GSE103486,"Comprehensive comparative analysis of 5’ end RNA sequencing methods","Expression profiling by high throughput sequencing;Other","Homo sapiens",19,,"BED;SRA Run Selector","ftp://ftp.ncbi.nlm.nih.gov/geo/series/GSE103nnn/GSE103486/suppl;https://www.ncbi.nlm.nih.gov/Traces/study/?acc=PRJNA401781",29867192,SRP116908,"Joshua Levin","Mar 21, 2018"
GSE103842,"Respiratory Syncytial Virus Genotypes and Disease Severity in Young Children Hospitalized with Bronchiolitis","Expression profiling by array","Homo sapiens",74,,"TXT","ftp://ftp.ncbi.nlm.nih.gov/geo/series/GSE103nnn/GSE103842/suppl",29045741,,"Nicole Baldwin","Mar 21, 2018"
GSE104550,"Targeted in situ genome-wide profiling with high efficiency for low cell numbers","Genome binding/occupancy profiling by high throughput sequencing","Homo sapiens",15,,"BED;BEDGRAPH;RTF;SRA Run Selector","ftp://ftp.ncbi.nlm.nih.gov/geo/series/GSE104nnn/GSE104550/suppl;https://www.ncbi.nlm.nih.gov/Traces/study/?acc=PRJNA413036",29651053,SRP119322,"Jorja Henikoff","Mar 21, 2018"
GSE106150,"Overexpression of OsNAC14 improves drought tolerance in rice","Expression profiling by high throughput sequencing","Oryza sativa",4,,"XLSX;SRA Run Selector","ftp://ftp.ncbi.nlm.nih.gov/geo/series/GSE106nnn/GSE106150/suppl;https://www.ncbi.nlm.nih.gov/Traces/study/?acc=PRJNA415745",29593766,SRP121446,"Pil Joong Chung","Mar 21, 2018"
GSE107820,"Heat stress induced alternative splicing in a species-dependent manner","Expression profiling by high throughput sequencing","Arabidopsis thaliana;Boechera depauperata",12,,"TXT;SRA Run Selector","ftp://ftp.ncbi.nlm.nih.gov/geo/series/GSE107nnn/GSE107820/suppl;https://www.ncbi.nlm.nih.gov/Traces/study/?acc=PRJNA421490",,SRP126343,"sumetha kannan","Mar 21, 2018"
GSE108519,"mRNA sequencing to assess RfxCasR and matching shRNA specificity","Expression profiling by high throughput sequencing","Homo sapiens",21,,"TXT;SRA Run Selector","ftp://ftp.ncbi.nlm.nih.gov/geo/series/GSE108nnn/GSE108519/suppl;https://www.ncbi.nlm.nih.gov/Traces/study/?acc=PRJNA427540",29551272,SRP127547,"Maxim Nikolaievich Shokhirev","Mar 21, 2018"
GSE110488,"Hydrogen peroxide positively regulates brassinosteroid signaling through oxidation of the BRASSINAZOLE-RESISTANT1 transcription factor","Expression profiling by high throughput sequencing","Arabidopsis thaliana",14,,"TXT;SRA Run Selector","ftp://ftp.ncbi.nlm.nih.gov/geo/series/GSE110nnn/GSE110488/suppl;https://www.ncbi.nlm.nih.gov/Traces/study/?acc=PRJNA433852",29540799,SRP132710,"Yanchen Tian","Mar 21, 2018"
GSE111494,"Expression data of control and adult-induced Bcl11b mutant dentate gyrus granule cells 4 weeks after induction.","Expression profiling by array","Mus musculus",6,,"CEL","ftp://ftp.ncbi.nlm.nih.gov/geo/series/GSE111nnn/GSE111494/suppl",29674952,,"Ruth Simon","Mar 21, 2018"
GSE111495,"Comparison of Human Bone Marrow Stromal Cells Cultured in Human Platelet Growth Factors and Fetal Bovine Serum","Expression profiling by array","Homo sapiens",22,,"TXT","ftp://ftp.ncbi.nlm.nih.gov/geo/series/GSE111nnn/GSE111495/suppl",29540180,,"PING JIN","Mar 21, 2018"
GSE111840,"A systems biology approach for understanding the transcriptome wide modulation of cardiac gene expression under oxidative environment during early stage of cardiovascular remodeling in developing embryo","Expression profiling by high throughput sequencing","Gallus gallus",2,,"TXT;SRA Run Selector","ftp://ftp.ncbi.nlm.nih.gov/geo/series/GSE111nnn/GSE111840/suppl;https://www.ncbi.nlm.nih.gov/Traces/study/?acc=PRJNA439312",,SRP136121,"Manivannan Jeganathan","Mar 21, 2018"
GSE112062,"Carbendazim induced genomic instability in yeast","Genome variation profiling by array;Genome variation profiling by SNP array","Saccharomyces cerevisiae",40,,"GPR","ftp://ftp.ncbi.nlm.nih.gov/geo/series/GSE112nnn/GSE112062/suppl",,,"Daoqiong Zheng","Mar 21, 2018"
GSE112080,"RNAseq for peach weeping and standard lateral shoot (branch) tips","Expression profiling by high throughput sequencing","Prunus persica",8,,"XLS;SRA Run Selector","ftp://ftp.ncbi.nlm.nih.gov/geo/series/GSE112nnn/GSE112080/suppl;https://www.ncbi.nlm.nih.gov/Traces/study/?acc=PRJNA439260",29712856,SRP136085,"Courtney Hollender","Mar 21, 2018"
GSE112082,"Expression data from mouse bone marrow myeloid dendritic cells (classical DCs) and classical dendritic cells in spleen","Expression profiling by array","Mus musculus",8,,"CEL","ftp://ftp.ncbi.nlm.nih.gov/geo/series/GSE112nnn/GSE112082/suppl",,,"Daniel C Link","Mar 21, 2018"
GSE112083,"RNA-Seq of fibrosarcoma with ESCC case","Expression profiling by high throughput sequencing","Homo sapiens",2,,"TXT;SRA Run Selector","ftp://ftp.ncbi.nlm.nih.gov/geo/series/GSE112nnn/GSE112083/suppl;https://www.ncbi.nlm.nih.gov/Traces/study/?acc=PRJNA439259",,SRP136093,"Qian Yang","Mar 21, 2018"
GSE112087,"Systemic Lupus Erythematosus patient blood with controls","Expression profiling by high throughput sequencing","Homo sapiens",120,,"TXT;SRA Run Selector","ftp://ftp.ncbi.nlm.nih.gov/geo/series/GSE112nnn/GSE112087/suppl;https://www.ncbi.nlm.nih.gov/Traces/study/?acc=PRJNA439269",,SRP136102,"CSL Research","Mar 21, 2018"
GSE112109,"Epigenetic Inheritance Factors in Spatially and Temporally Ordered Liquid-like Condensates","Non-coding RNA profiling by high throughput sequencing","Caenorhabditis elegans",12,,"BED;SRA Run Selector","ftp://ftp.ncbi.nlm.nih.gov/geo/series/GSE112nnn/GSE112109/suppl;https://www.ncbi.nlm.nih.gov/Traces/study/?acc=PRJNA439309",,SRP136118,"Scott Kennedy","Mar 21, 2018"
GSE112111,"CytoScan HD array data for a patient with Vitamin D deficiency","Genome variation profiling by genome tiling array;Genome variation profiling by SNP array","Homo sapiens",1,,"CEL;CYCHP","ftp://ftp.ncbi.nlm.nih.gov/geo/series/GSE112nnn/GSE112111/suppl",,,"Lindsay Brown","Mar 21, 2018"
GSE67532,"Kaposi’s Sarcoma-associated Herpesvirus Reactivation by Bacteria Promotes the Hypoxia Response and Epigenetic Regulation","Expression profiling by array","Cucumber mosaic virus;Homo sapiens;Human alphaherpesvirus 1;Human alphaherpesvirus 2;Human alphaherpesvirus 3;Human betaherpesvirus 6;Human betaherpesvirus 7;Human gammaherpesvirus 8;Human papillomavirus type 72;Simian-Human immunodeficiency virus",7,,"GPR;TXT","ftp://ftp.ncbi.nlm.nih.gov/geo/series/GSE67nnn/GSE67532/suppl",,,"Jennifer Webster-Cyriaque","Mar 20, 2018"
GSE79447,"RNA-seq analysis comparing WT, TAp63-null, and DNp63-null primary murine keratinocytes","Expression profiling by high throughput sequencing","Mus musculus",8,,"XLSX;SRA Run Selector","ftp://ftp.ncbi.nlm.nih.gov/geo/series/GSE79nnn/GSE79447/suppl;https://www.ncbi.nlm.nih.gov/Traces/study/?acc=PRJNA315858",,SRP072121,"Elsa Renee Flores","Mar 20, 2018"
GSE79448,"p63 ChIP-seq analysis comparing WT, TAp63-null, and DNp63-null primary murine keratinocytes","Genome binding/occupancy profiling by high throughput sequencing","Mus musculus",9,,"BED;SRA Run Selector","ftp://ftp.ncbi.nlm.nih.gov/geo/series/GSE79nnn/GSE79448/suppl;https://www.ncbi.nlm.nih.gov/Traces/study/?acc=PRJNA315857",,SRP072122,"Elsa Renee Flores","Mar 20, 2018"
GSE79449,"Analysis of p63-isoform specific direct target genes in primary murine keratinocytes","Expression profiling by high throughput sequencing;Genome binding/occupancy profiling by high throughput sequencing","Mus musculus",17,,,,,,"Elsa Renee Flores","Mar 20, 2018"
GSE83945,"Genome-wide profiling of mature piRNAs in human Neuroblastoma (NB) cell lines","Non-coding RNA profiling by high throughput sequencing","Homo sapiens",2,,"TXT;SRA Run Selector","ftp://ftp.ncbi.nlm.nih.gov/geo/series/GSE83nnn/GSE83945/suppl;https://www.ncbi.nlm.nih.gov/Traces/study/?acc=PRJNA327500",29516567,SRP077720,"Dr. Bibekanand Mallick","Mar 20, 2018"
GSE84426,"Molecular subtypes in gastric cancer. [I]","Expression profiling by array","Homo sapiens",76,,"IDAT","ftp://ftp.ncbi.nlm.nih.gov/geo/series/GSE84nnn/GSE84426/suppl",,,"Yong-Min Huh","Mar 20, 2018"
GSE84433,"Molecular subtypes in gastric cancer. [II]","Expression profiling by array","Homo sapiens",357,,"IDAT","ftp://ftp.ncbi.nlm.nih.gov/geo/series/GSE84nnn/GSE84433/suppl",,,"Yong-Min Huh","Mar 20, 2018"
GSE84437,"Molecular subtypes in gastric cancer.","Expression profiling by array","Homo sapiens",433,,"IDAT","ftp://ftp.ncbi.nlm.nih.gov/geo/series/GSE84nnn/GSE84437/suppl",,,"Yong-Min Huh","Mar 20, 2018"
GSE85269,"Expression data of intact and ventilated wildtype and Zmpste24-deficient mice","Expression profiling by array","Mus musculus",12,,"CEL","ftp://ftp.ncbi.nlm.nih.gov/geo/series/GSE85nnn/GSE85269/suppl",30158154,,"Guillermo M Albaiceta","Mar 20, 2018"
GSE90715,"Hijacking of stress response machinery by oncogenes in acute leukaemia [RNA-seq]","Expression profiling by high throughput sequencing","Homo sapiens",8,,"TXT;SRA Run Selector","ftp://ftp.ncbi.nlm.nih.gov/geo/series/GSE90nnn/GSE90715/suppl;https://www.ncbi.nlm.nih.gov/Traces/study/?acc=PRJNA355574",30038221,SRP094124,"Nikos Kourtis","Mar 20, 2018"
GSE90716,"Hijacking of stress response machinery by oncogenes in acute leukaemia [ChIP-seq]","Genome binding/occupancy profiling by high throughput sequencing","Homo sapiens",9,,"BW;SRA Run Selector","ftp://ftp.ncbi.nlm.nih.gov/geo/series/GSE90nnn/GSE90716/suppl;https://www.ncbi.nlm.nih.gov/Traces/study/?acc=PRJNA355575",30038221,SRP094123,"Nikos Kourtis","Mar 20, 2018"
GSE90717,"Hijacking of stress response machinery by oncogenes in acute leukaemia","Expression profiling by high throughput sequencing;Genome binding/occupancy profiling by high throughput sequencing;Other","Homo sapiens",17,,"BW","ftp://ftp.ncbi.nlm.nih.gov/geo/series/GSE90nnn/GSE90717/suppl",30038221,,"Nikos Kourtis","Mar 20, 2018"
GSE96757,"Micro RNAs involved in crosstalk betweeen Wnt signaling and TGF-beta signaling","Non-coding RNA profiling by array","Mus musculus",4,,"TXT","ftp://ftp.ncbi.nlm.nih.gov/geo/series/GSE96nnn/GSE96757/suppl",,,"Satoshi Kondo","Mar 20, 2018"
GSE96835,"Microarray analysis of the eVSM population for the A2lox.empty cell line","Expression profiling by array","Mus musculus",9,,"CEL","ftp://ftp.ncbi.nlm.nih.gov/geo/series/GSE96nnn/GSE96835/suppl",29555020,,"Christophe Lancrin","Mar 20, 2018"
GSE96836,"Microarray analysis of the Endo and eVSM populations for the A2lox.i8TFs cell line","Expression profiling by array","Mus musculus",18,,"CEL","ftp://ftp.ncbi.nlm.nih.gov/geo/series/GSE96nnn/GSE96836/suppl",29555020,,"Christophe Lancrin","Mar 20, 2018"
GSE96958,"Single-cell RNAseq analysis of the i8TF cell lines with/without exposure to dox","Expression profiling by high throughput sequencing","Mus musculus",192,,"TXT;SRA Run Selector","ftp://ftp.ncbi.nlm.nih.gov/geo/series/GSE96nnn/GSE96958/suppl;https://www.ncbi.nlm.nih.gov/Traces/study/?acc=PRJNA380221",29555020,SRP102356,"Christophe Lancrin","Mar 20, 2018"
GSE96982,"Single-cell RNAseq analysis of the empty and i8TF cell lines after 3 days of BL-CFC culture","Expression profiling by high throughput sequencing","Homo sapiens;Mus musculus;other sequences",673,,"TXT;SRA Run Selector","ftp://ftp.ncbi.nlm.nih.gov/geo/series/GSE96nnn/GSE96982/suppl;https://www.ncbi.nlm.nih.gov/Traces/study/?acc=PRJNA380304",29555020,SRP102429,"Christophe Lancrin","Mar 20, 2018"
GSE96986,"Single cell transcriptomics reveals new insights on the dynamical function of transcription factors during blood stem and progenitor cell formation","Expression profiling by array;Expression profiling by high throughput sequencing","Homo sapiens;Mus musculus;other sequences",892,,"CEL","ftp://ftp.ncbi.nlm.nih.gov/geo/series/GSE96nnn/GSE96986/suppl",29555020,,"Christophe Lancrin","Mar 20, 2018"
GSE97706,"miR-126-5p by direct targeting of JNK-interacting protein-2 (JIP-2) plays a key role in Theileria-infected macrophage virulence","Non-coding RNA profiling by high throughput sequencing","Bos taurus",17,,"TXT;SRA Run Selector","ftp://ftp.ncbi.nlm.nih.gov/geo/series/GSE97nnn/GSE97706/suppl;https://www.ncbi.nlm.nih.gov/Traces/study/?acc=PRJNA382692",29570727,SRP103838,"Arnab Pain","Mar 20, 2018"
GSE101463,"An epigenetically-deregulated tumor state reveals a new role for embryonic transcription factors as cancer drivers","Expression profiling by high throughput sequencing","Drosophila melanogaster",11,,"TXT;SRA Run Selector","ftp://ftp.ncbi.nlm.nih.gov/geo/series/GSE101nnn/GSE101463/suppl;https://www.ncbi.nlm.nih.gov/Traces/study/?acc=PRJNA394512",29560857,SRP111954,"Renato Paro","Mar 20, 2018"
GSE101803,"Oncogenes hijack the stress response machinery in T cell acute lymphoblastic leukemia [GRO-Seq]","Other","Homo sapiens",30,,"TXT;SRA Run Selector","ftp://ftp.ncbi.nlm.nih.gov/geo/series/GSE101nnn/GSE101803/suppl;https://www.ncbi.nlm.nih.gov/Traces/study/?acc=PRJNA395553",30038221,SRP113457,"Nikos Kourtis","Mar 20, 2018"
GSE104712,"Effect of HDAC inhibition on nascent transcription by RNAPII in fission yeast","Other","Schizosaccharomyces pombe",8,,"FA;TAB;SRA Run Selector","ftp://ftp.ncbi.nlm.nih.gov/geo/series/GSE104nnn/GSE104712/suppl;https://www.ncbi.nlm.nih.gov/Traces/study/?acc=PRJNA413554",29618061,SRP119541,"Maxime Wery","Mar 20, 2018"
GSE104713,"Total RNA-Seq in WT and rrp6-delta strains of S. pombe","Expression profiling by high throughput sequencing","Schizosaccharomyces pombe",4,,"FA;TAB;SRA Run Selector","ftp://ftp.ncbi.nlm.nih.gov/geo/series/GSE104nnn/GSE104713/suppl;https://www.ncbi.nlm.nih.gov/Traces/study/?acc=PRJNA413553",29618061,SRP119542,"Maxime Wery","Mar 20, 2018"
GSE108462,"Cell-free DNA modification dynamics in abiraterone acetate-treated prostate cancer patients","Methylation profiling by genome tiling array","Homo sapiens",181,,"CSV;IDAT","ftp://ftp.ncbi.nlm.nih.gov/geo/series/GSE108nnn/GSE108462/suppl",29615462,,"Algimantas Krisciunas","Mar 20, 2018"
GSE111187,"Transcriptome analysis of Sulfolobus islandicus E233S1 and ∆tfb3 upon NQO treatment","Expression profiling by high throughput sequencing","Sulfolobus islandicus REY15A",4,,"XLSX;SRA Run Selector","ftp://ftp.ncbi.nlm.nih.gov/geo/series/GSE111nnn/GSE111187/suppl;https://www.ncbi.nlm.nih.gov/Traces/study/?acc=PRJNA436132",29618058,SRP133578,"Xu Feng","Mar 20, 2018"
GSE111995,"RppH can faithfully replace TAP to allow cloning of 5’-triphosphate carrying small RNAs","Non-coding RNA profiling by high throughput sequencing","Caenorhabditis elegans",6,,"BW;SRA Run Selector","ftp://ftp.ncbi.nlm.nih.gov/geo/series/GSE111nnn/GSE111995/suppl;https://www.ncbi.nlm.nih.gov/Traces/study/?acc=PRJNA438901",,SRP135976,"Antonio Miguel de Jesus Domingues","Mar 20, 2018"
GSE112000,"Chromosome loop control of oncogenic MYC produces a common vulnerability in diverse cancers [HiChIP]","Genome binding/occupancy profiling by high throughput sequencing","Homo sapiens",1,,"BEDPE;SRA Run Selector","ftp://ftp.ncbi.nlm.nih.gov/geo/series/GSE112nnn/GSE112000/suppl;https://www.ncbi.nlm.nih.gov/Traces/study/?acc=PRJNA438926",29641996,SRP135985,"Richard A Young","Mar 20, 2018"
GSE112009,"MicroRNA expression data from brainstem gliomas","Non-coding RNA profiling by array","Homo sapiens;synthetic construct",25,,"CEL","ftp://ftp.ncbi.nlm.nih.gov/geo/series/GSE112nnn/GSE112009/suppl",,,"xin chen","Mar 20, 2018"
GSE112010,"Transcriptional profiling of eosinophil subsets in Interleukin-5 transgenic mice","Expression profiling by array","Mus musculus",32,,"TXT","ftp://ftp.ncbi.nlm.nih.gov/geo/series/GSE112nnn/GSE112010/suppl",,,"Carolyn A de Graaf","Mar 20, 2018"
GSE112012,"Epigenomics analysis of a fibrosarcoma with ESCC case","Methylation profiling by array","Homo sapiens",2,,"IDAT","ftp://ftp.ncbi.nlm.nih.gov/geo/series/GSE112nnn/GSE112012/suppl",,,"Qian Yang","Mar 20, 2018"
GSE112016,"Gene expression profile in zebrafish D. rerio exposed to metal oxidate nanoparticles","Expression profiling by array","Danio rerio",12,,"TXT","ftp://ftp.ncbi.nlm.nih.gov/geo/series/GSE112nnn/GSE112016/suppl",,,"Jing Hou","Mar 20, 2018"
GSE112021,"Integrated Analysis of Whole-Genome ChIP-Seq and RNA-Seq Data of Primary Head and Neck Tumor Samples Associates HPV Integration Sites with Open Chromatin Marks (ChIP-Seq)","Genome binding/occupancy profiling by high throughput sequencing","Homo sapiens",26,,"NARROWPEAK;SRA Run Selector","ftp://ftp.ncbi.nlm.nih.gov/geo/series/GSE112nnn/GSE112021/suppl;https://www.ncbi.nlm.nih.gov/Traces/study/?acc=PRJNA438961",28947419,SRP136009,"Elana Judith Fertig","Mar 20, 2018"
GSE112023,"A Novel Functional Splice Variant of AKT3 Defined by Analysis of Alternative Splice Expression in HPV-Positive Oropharyngeal Cancers (MBD-Seq)","Methylation profiling by high throughput sequencing","Homo sapiens",79,,"BED;SRA Run Selector","ftp://ftp.ncbi.nlm.nih.gov/geo/series/GSE112nnn/GSE112023/suppl;https://www.ncbi.nlm.nih.gov/Traces/study/?acc=PRJNA438962",,SRP136011,"Elana Judith Fertig","Mar 20, 2018"
GSE112026,"A Novel Functional Splice Variant of AKT3 Defined by Analysis of Alternative Splice Expression in HPV-Positive Oropharyngeal Cancers (RNA-Seq)","Expression profiling by high throughput sequencing","Homo sapiens",76,,"TXT;SRA Run Selector","ftp://ftp.ncbi.nlm.nih.gov/geo/series/GSE112nnn/GSE112026/suppl;https://www.ncbi.nlm.nih.gov/Traces/study/?acc=PRJNA438981",,SRP136016,"Elana Judith Fertig","Mar 20, 2018"
GSE112027,"HPV","Expression profiling by high throughput sequencing;Genome binding/occupancy profiling by high throughput sequencing;Methylation profiling by high throughput sequencing","Homo sapiens",181,,"BED;NARROWPEAK","ftp://ftp.ncbi.nlm.nih.gov/geo/series/GSE112nnn/GSE112027/suppl",,,"Elana Judith Fertig","Mar 20, 2018"
GSE112030,"microRNA expression data of a paired fibrosarcoma with ESCC samples","Non-coding RNA profiling by array","Homo sapiens",2,,"TXT","ftp://ftp.ncbi.nlm.nih.gov/geo/series/GSE112nnn/GSE112030/suppl",,,"Qian Yang","Mar 20, 2018"
GSE112038,"A model that cancer cells’ metastatic competence is determined by their states","Expression profiling by high throughput sequencing","Mus musculus",6,,"TXT;SRA Run Selector","ftp://ftp.ncbi.nlm.nih.gov/geo/series/GSE112nnn/GSE112038/suppl;https://www.ncbi.nlm.nih.gov/Traces/study/?acc=PRJNA438996",,SRP136024,"Xia Lin","Mar 20, 2018"
GSE112039,"Gene expression in Fuchs endothelial corneal dystrophy and healthy cultured cells","Expression profiling by array","Homo sapiens",12,,"TXT","ftp://ftp.ncbi.nlm.nih.gov/geo/series/GSE112nnn/GSE112039/suppl",,,"Stéphanie Proulx","Mar 20, 2018"
GSE112047,"Genome-Wide DNA methylation analysis of tumor and adjacent normal prostate tissues","Methylation profiling by array","Homo sapiens",47,,"IDAT;TXT","ftp://ftp.ncbi.nlm.nih.gov/geo/series/GSE112nnn/GSE112047/suppl",29740534,,"Bekim Sadikovic","Mar 20, 2018"
GSE112052,"Snai2 influences breast cancer evolution in a non-cell autonomous manner","Expression profiling by array","Mus musculus",18,,"CEL","ftp://ftp.ncbi.nlm.nih.gov/geo/series/GSE112nnn/GSE112052/suppl",,,"Jesús Pérez Losada","Mar 20, 2018"
GSE83793,"Depletion of Nsd2-mediated histone H3K36 methylation impairs adipose tissue development and function","Expression profiling by high throughput sequencing;Genome binding/occupancy profiling by high throughput sequencing","Mus musculus",34,,"TXT;WIG;SRA Run Selector","ftp://ftp.ncbi.nlm.nih.gov/geo/series/GSE83nnn/GSE83793/suppl;https://www.ncbi.nlm.nih.gov/Traces/study/?acc=PRJNA327029",29728617,SRP077449,"Kai Ge","Mar 19, 2018"
GSE86524,"Effect of LSD1 inhibition on differentiating C2C12 myoblasts","Expression profiling by array","Mus musculus",4,,"CEL;CHP","ftp://ftp.ncbi.nlm.nih.gov/geo/series/GSE86nnn/GSE86524/suppl",29618057,,"Kotaro Anan","Mar 19, 2018"
GSE86856,"Genome-wide occupancy of LSD1 in differentiating C2C12 myoblasts.","Genome binding/occupancy profiling by high throughput sequencing","Mus musculus",2,,"BED;SRA Run Selector","ftp://ftp.ncbi.nlm.nih.gov/geo/series/GSE86nnn/GSE86856/suppl;https://www.ncbi.nlm.nih.gov/Traces/study/?acc=PRJNA342782",,SRP089785,"Kotaro Anan","Mar 19, 2018"
GSE95798,"Transcriptome analysis of Aspergillus fumigatus in the presence of sugarcane bagasse","Expression profiling by high throughput sequencing","Aspergillus fumigatus",6,,"TXT;SRA Run Selector","ftp://ftp.ncbi.nlm.nih.gov/geo/series/GSE95nnn/GSE95798/suppl;https://www.ncbi.nlm.nih.gov/Traces/study/?acc=PRJNA376829",29614953,SRP100971,"Diego Mauricio Riano Pachon","Mar 19, 2018"
GSE97495,"Aspergillus fumigatus protein phosphatase PpzA is involved in iron assimilation, secondary metabolite production, and virulence","Expression profiling by high throughput sequencing","Aspergillus fumigatus",18,,"TXT;SRA Run Selector","ftp://ftp.ncbi.nlm.nih.gov/geo/series/GSE97nnn/GSE97495/suppl;https://www.ncbi.nlm.nih.gov/Traces/study/?acc=PRJNA381768",28753224,SRP103105,"Diego Mauricio Riano Pachon","Mar 19, 2018"
GSE98390,"Polycomb repressive complex 1 regulates the nucleosome landscape but not accessibility at target genes [ATAC-seq]","Genome binding/occupancy profiling by high throughput sequencing","Mus musculus",33,,"BW;SRA Run Selector","ftp://ftp.ncbi.nlm.nih.gov/geo/series/GSE98nnn/GSE98390/suppl;https://www.ncbi.nlm.nih.gov/Traces/study/?acc=PRJNA384987",30154222,SRP105780,"Hamish King","Mar 19, 2018"
GSE98400,"Polycomb repressive complex 1 regulates the nucleosome landscape but not accessibility at target genes [RNA-seq]","Expression profiling by high throughput sequencing","Mus musculus",16,,"BW;TXT;SRA Run Selector","ftp://ftp.ncbi.nlm.nih.gov/geo/series/GSE98nnn/GSE98400/suppl;https://www.ncbi.nlm.nih.gov/Traces/study/?acc=PRJNA385003",30154222,SRP105798,"Hamish King","Mar 19, 2018"
GSE98403,"Polycomb repressive complex 1 defines the nucleosome landscape but not accessibility at target genes","Expression profiling by high throughput sequencing;Genome binding/occupancy profiling by high throughput sequencing","Mus musculus",61,,,,30154222,,"Hamish King","Mar 19, 2018"
GSE102459,"Adjuvant associated peripheral-blood mRNA profiles and kinetics induced by the adjuvanted recombinant-protein candidate tuberculosis vaccine M72/AS01 in BCG-vaccinated adults","Expression profiling by array","Homo sapiens",164,,"CEL","ftp://ftp.ncbi.nlm.nih.gov/geo/series/GSE102nnn/GSE102459/suppl",29632533,,"Laurane De Mot","Mar 19, 2018"
GSE103106,"Nabiximols treatment in Multiple Sclerosis patients","Expression profiling by array","Homo sapiens",66,,"TXT","ftp://ftp.ncbi.nlm.nih.gov/geo/series/GSE103nnn/GSE103106/suppl",29528549,,"Melissa Sorosina","Mar 19, 2018"
GSE104071,"Cardiac gene expression in chromograninA and catestatin knockout mice","Expression profiling by array","Mus musculus",12,,"PAIR","ftp://ftp.ncbi.nlm.nih.gov/geo/series/GSE104nnn/GSE104071/suppl",,,"Nick Webster","Mar 19, 2018"
GSE104285,"RNA sequencing of WT and ERRαγAd-/- brown adipose tissue treated with CL316,243","Expression profiling by high throughput sequencing","Mus musculus",12,,"TXT;SRA Run Selector","ftp://ftp.ncbi.nlm.nih.gov/geo/series/GSE104nnn/GSE104285/suppl;https://www.ncbi.nlm.nih.gov/Traces/study/?acc=PRJNA412237",29888756,SRP118915,"Anastasia Kralli","Mar 19, 2018"
GSE105073,"Intrahepatic Aggregates of CD8+ T cell and B Cells are Associated with the Antiviral Response to Toll-Like Receptor 7 Agonist GS-9620","Expression profiling by high throughput sequencing","Pan troglodytes",55,,"TXT;SRA Run Selector","ftp://ftp.ncbi.nlm.nih.gov/geo/series/GSE105nnn/GSE105073/suppl;https://www.ncbi.nlm.nih.gov/Traces/study/?acc=PRJNA414598",29247724,SRP120135,"Li Li","Mar 19, 2018"
GSE105436,"ICE1 promotes the link between splicing and nonsense-mediated mRNA decay","Expression profiling by high throughput sequencing","Homo sapiens",18,,"CSV;SRA Run Selector","ftp://ftp.ncbi.nlm.nih.gov/geo/series/GSE105nnn/GSE105436/suppl;https://www.ncbi.nlm.nih.gov/Traces/study/?acc=PRJNA415177",29528287,SRP120604,"Thomas David Baird","Mar 19, 2018"
GSE106224,"Exosomal RNA may reflect placenta deficiencies and provide better biomarker in preterm birth.","Non-coding RNA profiling by high throughput sequencing","Homo sapiens",114,,"TXT;SRA Run Selector","ftp://ftp.ncbi.nlm.nih.gov/geo/series/GSE106nnn/GSE106224/suppl;https://www.ncbi.nlm.nih.gov/Traces/study/?acc=PRJNA415953",,SRP121661,"Kai Wang","Mar 19, 2018"
GSE107211,"Widespread domain-like perturbations of DNA methylation in whole blood of Down syndrome neonates","Methylation profiling by genome tiling array","Homo sapiens",15,,"IDAT;TXT","ftp://ftp.ncbi.nlm.nih.gov/geo/series/GSE107nnn/GSE107211/suppl",29601581,,"Peter Henneman","Mar 19, 2018"
GSE107437,"Emory University African American Microbiome in Pregnancy Cohort [expression]","Expression profiling by array","Homo sapiens",410,,"IDAT","ftp://ftp.ncbi.nlm.nih.gov/geo/series/GSE107nnn/GSE107437/suppl",,,"Anna K Knight","Mar 19, 2018"
GSE107459,"Emory University African American Microbiome in Pregnancy Cohort [Methylation]","Methylation profiling by genome tiling array","Homo sapiens",127,,"IDAT","ftp://ftp.ncbi.nlm.nih.gov/geo/series/GSE107nnn/GSE107459/suppl",29235940,,"Anna K Knight","Mar 19, 2018"
GSE107460,"Emory University African American Microbiome in Pregnancy Cohort","Expression profiling by array;Methylation profiling by genome tiling array","Homo sapiens",537,,"IDAT","ftp://ftp.ncbi.nlm.nih.gov/geo/series/GSE107nnn/GSE107460/suppl",29235940,,"Anna K Knight","Mar 19, 2018"
GSE108428,"RNA-seq of DRG neurons isolated from alum vs. alum+KLH immunized mice","Expression profiling by high throughput sequencing","Mus musculus",2,,"TSV;SRA Run Selector","ftp://ftp.ncbi.nlm.nih.gov/geo/series/GSE108nnn/GSE108428/suppl;https://www.ncbi.nlm.nih.gov/Traces/study/?acc=PRJNA427271",,SRP127384,"Andrew Shih","Mar 19, 2018"
GSE108668,"Histone deacetylation promotes transcriptional silencing at facultative heterochromatin","Expression profiling by high throughput sequencing;Genome binding/occupancy profiling by high throughput sequencing","Schizosaccharomyces pombe",16,,"BEDGRAPH;BW;SRA Run Selector","ftp://ftp.ncbi.nlm.nih.gov/geo/series/GSE108nnn/GSE108668/suppl;https://www.ncbi.nlm.nih.gov/Traces/study/?acc=PRJNA428233",,SRP127807,"Beth Watts","Mar 19, 2018"
GSE109422,"IGF2BP1 enhances an aggressive tumor cell phenotype by impairing miRNA-directed downregulation of oncogenic factors [small RNA]","Non-coding RNA profiling by high throughput sequencing","Homo sapiens",10,,"CSV;SRA Run Selector","ftp://ftp.ncbi.nlm.nih.gov/geo/series/GSE109nnn/GSE109422/suppl;https://www.ncbi.nlm.nih.gov/Traces/study/?acc=PRJNA430865",29660014,SRP131144,"Markus Glaß","Mar 19, 2018"
GSE109604,"IGF2BP1 enhances an aggressive tumor cell phenotype by impairing miRNA-directed downregulation of oncogenic factors [mRNA]","Expression profiling by high throughput sequencing","Homo sapiens",12,,"CSV;SRA Run Selector","ftp://ftp.ncbi.nlm.nih.gov/geo/series/GSE109nnn/GSE109604/suppl;https://www.ncbi.nlm.nih.gov/Traces/study/?acc=PRJNA431461",29660014,SRP131243,"Markus Glaß","Mar 19, 2018"
GSE109605,"IGF2BP1 enhances an aggressive tumor cell phenotype by impairing miRNA-directed downregulation of oncogenic factors","Expression profiling by high throughput sequencing;Non-coding RNA profiling by high throughput sequencing","Homo sapiens",17,,"CSV","ftp://ftp.ncbi.nlm.nih.gov/geo/series/GSE109nnn/GSE109605/suppl",29660014,,"Markus Glaß","Mar 19, 2018"
GSE109677,"IGF2BP1 enhances an aggressive tumor cell phenotype by impairing miRNA-directed downregulation of oncogenic factors [HUH-7 small RNA]","Non-coding RNA profiling by high throughput sequencing","Homo sapiens",1,,"CSV;SRA Run Selector","ftp://ftp.ncbi.nlm.nih.gov/geo/series/GSE109nnn/GSE109677/suppl;https://www.ncbi.nlm.nih.gov/Traces/study/?acc=PRJNA431640",29660014,SRP131409,"Markus Glaß","Mar 19, 2018"
GSE109774,"Tabula Muris: Transcriptomic characterization of 20 organs and tissues from Mus musculus at single cell resolution","Expression profiling by high throughput sequencing","Mus musculus",46,,"TAR;TXT;SRA Run Selector","ftp://ftp.ncbi.nlm.nih.gov/geo/series/GSE109nnn/GSE109774/suppl;https://www.ncbi.nlm.nih.gov/Traces/study/?acc=PRJNA432002",30283141,SRP131661,"Spyros Darmanis","Mar 19, 2018"
GSE109839,"Effect of LSD1 knockdown on differentiating C2C12 myoblasts","Expression profiling by array","Mus musculus",4,,"CEL;CHP","ftp://ftp.ncbi.nlm.nih.gov/geo/series/GSE109nnn/GSE109839/suppl",29618057,,"Kotaro Anan","Mar 19, 2018"
GSE109845,"Genome-wide distribution of methylated H3K4 in LSD1-inhibited C2C12 myoblasts.","Genome binding/occupancy profiling by high throughput sequencing","Mus musculus",12,,"BED;BIGWIG;SRA Run Selector","ftp://ftp.ncbi.nlm.nih.gov/geo/series/GSE109nnn/GSE109845/suppl;https://www.ncbi.nlm.nih.gov/Traces/study/?acc=PRJNA432327",29618057,SRP131858,"Kotaro Anan","Mar 19, 2018"
GSE109846,"Genome-wide occupancy of LSD1 in differentiating and differentiated C2C12 myoblasts.","Genome binding/occupancy profiling by high throughput sequencing","Mus musculus",4,,"BED;BIGWIG;SRA Run Selector","ftp://ftp.ncbi.nlm.nih.gov/geo/series/GSE109nnn/GSE109846/suppl;https://www.ncbi.nlm.nih.gov/Traces/study/?acc=PRJNA432328",29618057,SRP131859,"Kotaro Anan","Mar 19, 2018"
GSE110008,"Rheumatoid arthritis: aortic biopsies","Expression profiling by array","Homo sapiens",16,,"CEL","ftp://ftp.ncbi.nlm.nih.gov/geo/series/GSE110nnn/GSE110008/suppl",,,"Ingvild Oma","Mar 19, 2018"
GSE110607,"Twin DNA methylation profiling reveals flare-dependent interferon signature and B-cell promoter hypermethylation in systemic lupus erythematosus","Methylation profiling by genome tiling array","Homo sapiens",104,,"CSV;IDAT","ftp://ftp.ncbi.nlm.nih.gov/geo/series/GSE110nnn/GSE110607/suppl",29361205,,"Jorg Tost","Mar 19, 2018"
GSE67027,"Splicing events and transcriptome changes upon TDP-43 and FUS knock-down in human neuroblastoma cells","Expression profiling by array","Homo sapiens",18,,"CEL","ftp://ftp.ncbi.nlm.nih.gov/geo/series/GSE67nnn/GSE67027/suppl",,,"Pierre de la Grange","Mar 18, 2018"
GSE71836,"Leukemia reconstitution in vivo is driven by cells in early cell cycle and low metabolic state","Expression profiling by array","Homo sapiens",8,,"CEL","ftp://ftp.ncbi.nlm.nih.gov/geo/series/GSE71nnn/GSE71836/suppl",29519870,,"Luca Trentin","Mar 18, 2018"
GSE97382,"Discovering the interactions between circRNAs and RNA-binding proteins from RNA-seq and CLIP-seq data","Expression profiling by high throughput sequencing","Homo sapiens",2,,"TXT;SRA Run Selector","ftp://ftp.ncbi.nlm.nih.gov/geo/series/GSE97nnn/GSE97382/suppl;https://www.ncbi.nlm.nih.gov/Traces/study/?acc=PRJNA381599",,SRP103010,"Jian-Hua Yang","Mar 18, 2018"
GSE106852,"Comparison of ITGA2+ trophoblast progenitors to VCT and EVT","Expression profiling by array","Homo sapiens",12,,"TXT","ftp://ftp.ncbi.nlm.nih.gov/geo/series/GSE106nnn/GSE106852/suppl",29540503,,"Cheryl Lee","Mar 18, 2018"
GSE107216,"Next Generation Sequencing assesses E2F7-regulated gene expression profiling","Expression profiling by high throughput sequencing","Homo sapiens",6,,"TXT;SRA Run Selector","ftp://ftp.ncbi.nlm.nih.gov/geo/series/GSE107nnn/GSE107216/suppl;https://www.ncbi.nlm.nih.gov/Traces/study/?acc=PRJNA419342",29590434,SRP125394,"Ana Zubiaga","Mar 18, 2018"
GSE110136,"Base editing with a Cpf1–cytidine deaminase fusion","Other","Homo sapiens",82,,"TXT;XLS;SRA Run Selector","ftp://ftp.ncbi.nlm.nih.gov/geo/series/GSE110nnn/GSE110136/suppl;https://www.ncbi.nlm.nih.gov/Traces/study/?acc=PRJNA432936",29553573,SRP132188,"Li Yang","Mar 18, 2018"
GSE111974,"Endometrial Tissue RNA expression in Recurrent Implantation Failure vs. Conrol","Expression profiling by array","Homo sapiens",48,,"TXT","ftp://ftp.ncbi.nlm.nih.gov/geo/series/GSE111nnn/GSE111974/suppl",30081718,,"Ugur Sezerman","Mar 18, 2018"
GSE79349,"Expression data from dorsolateral prostates of ACI rats fed corn oil diets","Expression profiling by array","Rattus norvegicus",6,,"CEL","ftp://ftp.ncbi.nlm.nih.gov/geo/series/GSE79nnn/GSE79349/suppl",,,"Niradiz Reyes","Mar 17, 2018"
GSE83634,"Inhibition of NF-κB signaling by a novel siRNA sequence induces apoptosis and suppresses tumor growth in KRAS mutant colorectal cancer.","Expression profiling by array","Homo sapiens",8,,"TXT","ftp://ftp.ncbi.nlm.nih.gov/geo/series/GSE83nnn/GSE83634/suppl",29545333,,"Daisuke Okuzaki","Mar 17, 2018"
GSE95180,"Nickel exposure induces persistent mesenchymal phenotype in human lung epithelial cells through epigenetic activation of ZEB1","Expression profiling by high throughput sequencing","Homo sapiens",20,,"CSV;SRA Run Selector","ftp://ftp.ncbi.nlm.nih.gov/geo/series/GSE95nnn/GSE95180/suppl;https://www.ncbi.nlm.nih.gov/Traces/study/?acc=PRJNA376286",29528143,SRP100509,"Suresh Cuddapah","Mar 17, 2018"
GSE96758,"Cooperative epigenetic remodeling by TET2 loss and NRAS mutation drives myeloid transformation and MEK inhibitor sensitivity [RNA-Seq]","Expression profiling by high throughput sequencing","Mus musculus",15,,"TXT;SRA Run Selector","ftp://ftp.ncbi.nlm.nih.gov/geo/series/GSE96nnn/GSE96758/suppl;https://www.ncbi.nlm.nih.gov/Traces/study/?acc=PRJNA379586",29275866,SRP102075,"Francine E. Garrett-Bakelman","Mar 17, 2018"
GSE96759,"Cooperative epigenetic remodeling by TET2 loss and NRAS mutation drives myeloid transformation and MEK inhibitor sensitivity [bisulfite-Seq]","Methylation profiling by high throughput sequencing","Mus musculus",12,,"TXT;SRA Run Selector","ftp://ftp.ncbi.nlm.nih.gov/geo/series/GSE96nnn/GSE96759/suppl;https://www.ncbi.nlm.nih.gov/Traces/study/?acc=PRJNA379585",29275866,SRP102074,"Francine E. Garrett-Bakelman","Mar 17, 2018"
GSE96761,"Cooperative epigenetic remodeling by TET2 loss and NRAS mutation drives myeloid transformation and MEK inhibitor sensitivity","Expression profiling by high throughput sequencing;Methylation profiling by high throughput sequencing","Mus musculus",27,,"TXT","ftp://ftp.ncbi.nlm.nih.gov/geo/series/GSE96nnn/GSE96761/suppl",29275866,,"Francine E. Garrett-Bakelman","Mar 17, 2018"
GSE96764,"Metabolic regulation of transcription through compartmentalized NAD+ biosynthesis","Expression profiling by high throughput sequencing","Mus musculus",18,,"SRA Run Selector","https://www.ncbi.nlm.nih.gov/Traces/study/?acc=PRJNA379587",29748257,SRP102079,"W. Lee Kraus","Mar 17, 2018"
GSE96784,"Gene expression alterations of pancreatic intraepithlial neoplasia","Expression profiling by high throughput sequencing","Homo sapiens",21,,"XLSX;SRA Run Selector","ftp://ftp.ncbi.nlm.nih.gov/geo/series/GSE96nnn/GSE96784/suppl;https://www.ncbi.nlm.nih.gov/Traces/study/?acc=PRJNA379627",,SRP102105,"Michael Ayars","Mar 17, 2018"
GSE107378,"Mechanical stretch induced transcriptomic profiles in cardiac myocytes [1-12 hours]","Non-coding RNA profiling by array","Homo sapiens;Human alphaherpesvirus 1;Human betaherpesvirus 5;Human gammaherpesvirus 4;Human gammaherpesvirus 8;Human immunodeficiency virus 1;Human polyomavirus 1;JC polyomavirus;Macaca mulatta polyomavirus 1;Murid betaherpesvirus 1;Murid gammaherpesvirus 4;Mus musculus;Rattus norvegicus",11,,"XLS","ftp://ftp.ncbi.nlm.nih.gov/geo/series/GSE107nnn/GSE107378/suppl",29549296,,"Jaana Rysae","Mar 17, 2018"
GSE107379,"Mechanical stretch induced transcriptomic profiles in cardiac myocytes [24-48 hours]","Non-coding RNA profiling by array","Homo sapiens;Human alphaherpesvirus 1;Human betaherpesvirus 5;Human gammaherpesvirus 4;Human gammaherpesvirus 8;Human immunodeficiency virus 1;Human polyomavirus 1;JC polyomavirus;Macaca mulatta polyomavirus 1;Murid betaherpesvirus 1;Murid gammaherpesvirus 4;Mus musculus;Rattus norvegicus",9,,"XLS","ftp://ftp.ncbi.nlm.nih.gov/geo/series/GSE107nnn/GSE107379/suppl",29549296,,"Jaana Rysae","Mar 17, 2018"
GSE107380,"Mechanical stretch induced transcriptomic profiles in cardiac myocytes","Non-coding RNA profiling by array","Homo sapiens;Human alphaherpesvirus 1;Human betaherpesvirus 5;Human gammaherpesvirus 4;Human gammaherpesvirus 8;Human immunodeficiency virus 1;Human polyomavirus 1;JC polyomavirus;Macaca mulatta polyomavirus 1;Murid betaherpesvirus 1;Murid gammaherpesvirus 4;Mus musculus;Rattus norvegicus",20,,,,29549296,,"Jaana Rysae","Mar 17, 2018"
GSE107551,"Mechanical stretch induced transcriptomic profiles in cardiac myocytes II","Expression profiling by array","Rattus norvegicus",35,,"CEL;CHP","ftp://ftp.ncbi.nlm.nih.gov/geo/series/GSE107nnn/GSE107551/suppl",29549296,,"Jaana Rysae","Mar 17, 2018"
GSE111889,"Longitudinal Multi’omics of the Human Microbiome in Inflammatory Bowel Disease","Expression profiling by high throughput sequencing","Homo sapiens",251,,"TSV","ftp://ftp.ncbi.nlm.nih.gov/geo/series/GSE111nnn/GSE111889/suppl",,,"Curtis Huttenhower","Mar 17, 2018"
GSE111902,"Compendium of CD8+ T cell Data","Genome binding/occupancy profiling by high throughput sequencing;Expression profiling by high throughput sequencing;Third-party reanalysis","Mus musculus",67,,"BROADPEAK;BW;NARROWPEAK;TSV;TXT;SRA Run Selector","ftp://ftp.ncbi.nlm.nih.gov/geo/series/GSE111nnn/GSE111902/suppl;https://www.ncbi.nlm.nih.gov/Traces/study/?acc=PRJNA438595",,SRP135862,"Robert Anthony Amezquita","Mar 17, 2018"
GSE111925,"HIV-1 Tat  and Methamphetamine interaction in the mouse brain","Expression profiling by array","Mus musculus",20,,"TXT","ftp://ftp.ncbi.nlm.nih.gov/geo/series/GSE111nnn/GSE111925/suppl",,,"Maria Cecilia Marcondes","Mar 17, 2018"
GSE111934,"Gene expression in Mist1+ cells","Expression profiling by array","Mus musculus",21,,"CEL;CHP","ftp://ftp.ncbi.nlm.nih.gov/geo/series/GSE111nnn/GSE111934/suppl",30448068,,"Yoku Hayakawa","Mar 17, 2018"
GSE111936,"Comprehensive, high-resolution binding energy landscapes reveal context dependencies of transcription factor binding","Other","synthetic construct",14,,"TXT;SRA Run Selector","ftp://ftp.ncbi.nlm.nih.gov/geo/series/GSE111nnn/GSE111936/suppl;https://www.ncbi.nlm.nih.gov/Traces/study/?acc=PRJNA438645",,SRP135868,"Polly Morrell Fordyce","Mar 17, 2018"
GSE111951,"4sU metabolic labeled transcripts in mESCs","Expression profiling by high throughput sequencing;Other;Non-coding RNA profiling by high throughput sequencing","Mus musculus",12,,"TXT;SRA Run Selector","ftp://ftp.ncbi.nlm.nih.gov/geo/series/GSE111nnn/GSE111951/suppl;https://www.ncbi.nlm.nih.gov/Traces/study/?acc=PRJNA438673",,SRP135882,"Jennifer Yihong Tan","Mar 17, 2018"
GSE111953,"The transcriptome profile of SLAdd pigs fed a standard diet","Expression profiling by array","Sus scrofa",21,,"TXT","ftp://ftp.ncbi.nlm.nih.gov/geo/series/GSE111nnn/GSE111953/suppl",,,"Marco Moroldo","Mar 17, 2018"
GSE111954,"Expression data of E7.5 primary germ layers [microarray]","Expression profiling by array","Mus musculus",3,,"CEL","ftp://ftp.ncbi.nlm.nih.gov/geo/series/GSE111nnn/GSE111954/suppl",29592913,,"Xukun Lu","Mar 17, 2018"
GSE111955,"Whole-transcriptome splicing profiling of embryonic day (E)7.5 mouse primary germ layers [RNA-seq]","Expression profiling by high throughput sequencing","Mus musculus",3,,"TXT;XLSX;SRA Run Selector","ftp://ftp.ncbi.nlm.nih.gov/geo/series/GSE111nnn/GSE111955/suppl;https://www.ncbi.nlm.nih.gov/Traces/study/?acc=PRJNA438679",29592913,SRP135883,"Xukun Lu","Mar 17, 2018"
GSE111957,"Expression data of E7.5 primary germ layers","Expression profiling by array;Expression profiling by high throughput sequencing","Mus musculus",6,,"CEL;TXT","ftp://ftp.ncbi.nlm.nih.gov/geo/series/GSE111nnn/GSE111957/suppl",29592913,,"Xukun Lu","Mar 17, 2018"
GSE94402,"The gut microbiome drives distinct methylome and transcriptome changes in intestinal epithelial cells during postnatal development","Expression profiling by high throughput sequencing;Methylation profiling by high throughput sequencing","Mus musculus",59,,"TXT;SRA Run Selector","ftp://ftp.ncbi.nlm.nih.gov/geo/series/GSE94nnn/GSE94402/suppl;https://www.ncbi.nlm.nih.gov/Traces/study/?acc=PRJNA369609",,SRP098725,"Wei-Hung Pan","Mar 16, 2018"
GSE96735,"Esophageal epithelium of WT mice; Esophageal epithelium of Pax9 KO mice","Expression profiling by array","Mus musculus",6,,"TXT","ftp://ftp.ncbi.nlm.nih.gov/geo/series/GSE96nnn/GSE96735/suppl",,,"Xiaoxin Luke Chen","Mar 16, 2018"
GSE97167,"RNA-seq on biliary epithelial cells (BECs) of Klf5 LKO mice upon DDC injury","Expression profiling by high throughput sequencing","Mus musculus",6,,"TXT;SRA Run Selector","ftp://ftp.ncbi.nlm.nih.gov/geo/series/GSE97nnn/GSE97167/suppl;https://www.ncbi.nlm.nih.gov/Traces/study/?acc=PRJNA380876",29523685,SRP102687,"Hajime Okada","Mar 16, 2018"
GSE98139,"Whole blood gene expression in adolescent Chronic Fatigue Syndrom (CFS) by RNA-Seq","Expression profiling by high throughput sequencing","Homo sapiens",47,,"CSV","ftp://ftp.ncbi.nlm.nih.gov/geo/series/GSE98nnn/GSE98139/suppl",28494812,,"Vegard Wyller","Mar 16, 2018"
GSE101581,"The cis-regulatory dynamics of embryonic development at single cell resolution","Genome binding/occupancy profiling by high throughput sequencing","Drosophila melanogaster",4,,"BW;TXT;SRA Run Selector","ftp://ftp.ncbi.nlm.nih.gov/geo/series/GSE101nnn/GSE101581/suppl;https://www.ncbi.nlm.nih.gov/Traces/study/?acc=PRJNA394875",29539636,SRP112733,"Darren A. Cusanovich","Mar 16, 2018"
GSE101880,"RNA-sequencing of neonatal monocyte responses to E. coli and S. epidermidis","Expression profiling by high throughput sequencing","Homo sapiens",52,,"CSV;SRA Run Selector","ftp://ftp.ncbi.nlm.nih.gov/geo/series/GSE101nnn/GSE101880/suppl;https://www.ncbi.nlm.nih.gov/Traces/study/?acc=PRJNA395845",29134255,SRP113586,"Emma de Jong","Mar 16, 2018"
GSE102291,"The microRNA-200 family mediates hair follicle development through coordinated regulation of cell adhesion and polarity","Expression profiling by high throughput sequencing","Mus musculus",8,,"TXT;SRA Run Selector","ftp://ftp.ncbi.nlm.nih.gov/geo/series/GSE102nnn/GSE102291/suppl;https://www.ncbi.nlm.nih.gov/Traces/study/?acc=PRJNA397330",,SRP114905,"Jaimee Hoefert","Mar 16, 2018"
GSE102716,"CLEAR-CLIP on murine keratinocytes grown in culture","Other","Mus musculus",18,,"TXT;SRA Run Selector","ftp://ftp.ncbi.nlm.nih.gov/geo/series/GSE102nnn/GSE102716/suppl;https://www.ncbi.nlm.nih.gov/Traces/study/?acc=PRJNA398498",29602800,SRP115538,"Glen Bjerke","Mar 16, 2018"
GSE103489,"T cell activation in skin explants from patients with psoriasis and controls","Expression profiling by high throughput sequencing","Homo sapiens",36,,"TXT;SRA Run Selector","ftp://ftp.ncbi.nlm.nih.gov/geo/series/GSE103nnn/GSE103489/suppl;https://www.ncbi.nlm.nih.gov/Traces/study/?acc=PRJNA401782",29510191,SRP116922,"irene gallais","Mar 16, 2018"
GSE104243,"Distinct distribution of H3K27me3 and DNA methylation stabilizes the segregation of extraembryonic and embryonic lineages","Genome binding/occupancy profiling by high throughput sequencing;Expression profiling by high throughput sequencing;Methylation profiling by high throughput sequencing","Mus musculus",60,,"BW;XLS;SRA Run Selector","ftp://ftp.ncbi.nlm.nih.gov/geo/series/GSE104nnn/GSE104243/suppl;https://www.ncbi.nlm.nih.gov/Traces/study/?acc=PRJNA412161",29463899,SRP118879,"Naihe Jing","Mar 16, 2018"
GSE104999,"Effects of 21 days of bedrest on human skeletal muscle gene expression","Expression profiling by array","Homo sapiens",24,,"CEL","ftp://ftp.ncbi.nlm.nih.gov/geo/series/GSE104nnn/GSE104999/suppl",29995456,,"Eric Rullman","Mar 16, 2018"
GSE108401,"The Complex Architecture of Transgene Insertions","Expression profiling by high throughput sequencing;Non-coding RNA profiling by high throughput sequencing;Methylation profiling by high throughput sequencing","Arabidopsis thaliana",6,,"TSV;TXT;SRA Run Selector","ftp://ftp.ncbi.nlm.nih.gov/geo/series/GSE108nnn/GSE108401/suppl;https://www.ncbi.nlm.nih.gov/Traces/study/?acc=PRJNA427134",30657772,SRP127334,"Joseph R Ecker","Mar 16, 2018"
GSE111816,"High-throughput sequencing reveals microRNAs in response to heat stress in head kidney of rainbow trout (Oncorhynchus mykiss)","Non-coding RNA profiling by high throughput sequencing","Oncorhynchus mykiss",6,,"FA;TXT;SRA Run Selector","ftp://ftp.ncbi.nlm.nih.gov/geo/series/GSE111nnn/GSE111816/suppl;https://www.ncbi.nlm.nih.gov/Traces/study/?acc=PRJNA438430",,SRP135751,"Fang Ma","Mar 16, 2018"
GSE111835,"PhyloChip-based characterization of stool samples from Familial Mediterranean Fever patients and the effects of probiotic Lactobacillus acidophilus INMIA 9602 Er 317/402","Other","Archaea;Bacteria;human gut metagenome",166,,"CEL;TXT;XLSX","ftp://ftp.ncbi.nlm.nih.gov/geo/series/GSE111nnn/GSE111835/suppl",,,"Yvette M Piceno","Mar 16, 2018"
GSE111870,"miRNA in CD4+ T cells: control vs. patients with myasthenia gravis","Non-coding RNA profiling by array","Homo sapiens",12,,"TXT","ftp://ftp.ncbi.nlm.nih.gov/geo/series/GSE111nnn/GSE111870/suppl",,,"jingjiao chen","Mar 16, 2018"
GSE111888,"Different neuronal activity patterns induce different gene expression programs [ChIP-seq]","Genome binding/occupancy profiling by high throughput sequencing","Mus musculus",52,,"BW;XLSX;SRA Run Selector","ftp://ftp.ncbi.nlm.nih.gov/geo/series/GSE111nnn/GSE111888/suppl;https://www.ncbi.nlm.nih.gov/Traces/study/?acc=PRJNA438499",29681534,SRP135792,"Kelsey Tyssowski","Mar 16, 2018"
GSE111899,"Different neuronal activity patterns induce different gene expression programs","Expression profiling by high throughput sequencing;Genome binding/occupancy profiling by high throughput sequencing","Mus musculus",238,,"BW","ftp://ftp.ncbi.nlm.nih.gov/geo/series/GSE111nnn/GSE111899/suppl",29681534,,"Kelsey Tyssowski","Mar 16, 2018"
GSE111915,"Detection of aberrant DNA methylation in acute myeloid leukemia samples compared to normal human monocytes","Methylation profiling by genome tiling array","Homo sapiens",27,,"TXT","ftp://ftp.ncbi.nlm.nih.gov/geo/series/GSE111nnn/GSE111915/suppl",,,"Michael Rehli","Mar 16, 2018"
GSE62457,"Heart expression data from WT and reverb alpha KO mice after short ischemia/reperfusion at ZT0, ZT12","Expression profiling by array","Mus musculus",19,,"CEL;CHP","ftp://ftp.ncbi.nlm.nih.gov/geo/series/GSE62nnn/GSE62457/suppl",29107324,,"Lefebvre Philippe","Mar 15, 2018"
GSE62458,"Heart expression data from WT mice at ZT12 after short ischemia/reperfusion +/- Reverb alpha antagonist treatment","Expression profiling by array","Mus musculus",5,,"CEL;CHP","ftp://ftp.ncbi.nlm.nih.gov/geo/series/GSE62nnn/GSE62458/suppl",,,"Lefebvre Philippe","Mar 15, 2018"
GSE62459,"Heart expression data after short ischemia/reperfusion in WT, Reverb alpha KO and Reverb alpha antagonist-treated mice","Expression profiling by array","Mus musculus",24,,"CEL;CHP","ftp://ftp.ncbi.nlm.nih.gov/geo/series/GSE62nnn/GSE62459/suppl",29107324,,"Lefebvre Philippe","Mar 15, 2018"
GSE90125,"Gene expression profiling of spheres from primary ovarian cancer cells and from primary fallopian tube epithelial cells","Expression profiling by array","Homo sapiens",4,,"CEL","ftp://ftp.ncbi.nlm.nih.gov/geo/series/GSE90nnn/GSE90125/suppl",29551673,,"Fabrizio Bianchi","Mar 15, 2018"
GSE90553,"Dissecting the Functional Consequences of de Novo DNA Methylation Dynamics in Human Motor Neuron Differentiation and Physiology","Expression profiling by high throughput sequencing;Methylation profiling by high throughput sequencing","Homo sapiens",100,,"BED;MTX;TSV;TXT","ftp://ftp.ncbi.nlm.nih.gov/geo/series/GSE90nnn/GSE90553/suppl",29551301,,"Michael Johannes Ziller","Mar 15, 2018"
GSE90639,"Transcriptome-wide identification of IGF2BP binding RNAs by RIP-seq.","Expression profiling by high throughput sequencing","Homo sapiens",6,,"XLSX;SRA Run Selector","ftp://ftp.ncbi.nlm.nih.gov/geo/series/GSE90nnn/GSE90639/suppl;https://www.ncbi.nlm.nih.gov/Traces/study/?acc=PRJNA355266",29476152,SRP094048,"Jianjun Chen","Mar 15, 2018"
GSE90684,"IGF2BP proteins Enhance mRNA stability","Expression profiling by high throughput sequencing","Homo sapiens",30,,"TXT;XLSX;SRA Run Selector","ftp://ftp.ncbi.nlm.nih.gov/geo/series/GSE90nnn/GSE90684/suppl;https://www.ncbi.nlm.nih.gov/Traces/study/?acc=PRJNA355385",29476152,SRP094100,"Jianjun Chen","Mar 15, 2018"
GSE90686,"Recognition of RNA N6-methyadenosine by IGF2BP proteins Enhances mRNA Stability","Expression profiling by high throughput sequencing","Homo sapiens",44,,,,29476152,,"Jianjun Chen","Mar 15, 2018"
GSE95214,"Ventral prostate in male F344 rats: Control vs. PhIP treatment","Expression profiling by array","Rattus norvegicus",4,,"CEL","ftp://ftp.ncbi.nlm.nih.gov/geo/series/GSE95nnn/GSE95214/suppl",29877212,,"Shugo Suzuki","Mar 15, 2018"
GSE96659,"Novel transcriptional networks regulated by CLOCK in human neurons","Expression profiling by high throughput sequencing;Genome binding/occupancy profiling by high throughput sequencing","Homo sapiens",209,,"BED;SRA Run Selector","ftp://ftp.ncbi.nlm.nih.gov/geo/series/GSE96nnn/GSE96659/suppl;https://www.ncbi.nlm.nih.gov/Traces/study/?acc=PRJNA379305",29196536,SRP101959,"Genevieve Konopka","Mar 15, 2018"
GSE96687,"Identification of gene expression patterns in spleen of TREX1-mutated mice","Expression profiling by array","Mus musculus",12,,"TXT","ftp://ftp.ncbi.nlm.nih.gov/geo/series/GSE96nnn/GSE96687/suppl",,,"Chong-Su Kim","Mar 15, 2018"
GSE96734,"100mM ethanol vs. control for 72hr for human esophageal squamous epithelial cells (KYSE510)","Expression profiling by array","Homo sapiens",8,,"TXT","ftp://ftp.ncbi.nlm.nih.gov/geo/series/GSE96nnn/GSE96734/suppl",29055049,,"Xiaoxin Luke Chen","Mar 15, 2018"
GSE96852,"The roles of CSE1L in epigenetic silencing","Expression profiling by high throughput sequencing;Methylation profiling by high throughput sequencing;Genome binding/occupancy profiling by high throughput sequencing","Homo sapiens",30,,"BIGWIG;TXT;SRA Run Selector","ftp://ftp.ncbi.nlm.nih.gov/geo/series/GSE96nnn/GSE96852/suppl;https://www.ncbi.nlm.nih.gov/Traces/study/?acc=PRJNA379938",29636421,SRP102231,"Zhuqiang Zhang","Mar 15, 2018"
GSE97104,"Molecular transitions in early progenitors during human cord blood hematopoiesis","Expression profiling by high throughput sequencing","Homo sapiens",26,,"CSV;TXT;SRA Run Selector","ftp://ftp.ncbi.nlm.nih.gov/geo/series/GSE97nnn/GSE97104/suppl;https://www.ncbi.nlm.nih.gov/Traces/study/?acc=PRJNA380680",29545397,SRP102557,"Rahul Satija","Mar 15, 2018"
GSE97366,"Gene expression profiles in RAW264.7 cells with CpG and Gf","Expression profiling by array","Mus musculus",12,,"IDAT;TXT","ftp://ftp.ncbi.nlm.nih.gov/geo/series/GSE97nnn/GSE97366/suppl",29531172,,"Manoj M Veleeparambil","Mar 15, 2018"
GSE99333,"Bacterial translocation is required for pre-leukemic myeloproliferation in Tet2 deficient mice","Expression profiling by high throughput sequencing","Mus musculus",40,,"TXT;SRA Run Selector","ftp://ftp.ncbi.nlm.nih.gov/geo/series/GSE99nnn/GSE99333/suppl;https://www.ncbi.nlm.nih.gov/Traces/study/?acc=PRJNA388111",29769727,SRP108079,"Alain Pacis","Mar 15, 2018"
GSE101239,"Next Generation Sequencing Facilitates Quantitative Analysis of  Transcriptomes of neural stem/progenitor cells (NS/PCs) in control and prenatal valproic acid (VPA) exposed mice with or without voluntary exercise","Expression profiling by high throughput sequencing","Mus musculus",21,,"TXT;SRA Run Selector","ftp://ftp.ncbi.nlm.nih.gov/geo/series/GSE101nnn/GSE101239/suppl;https://www.ncbi.nlm.nih.gov/Traces/study/?acc=PRJNA393899",29610328,SRP111585,"Taito Matsuda","Mar 15, 2018"
GSE101316,"Expression data from WT and Ezh2-deficient macrophages non-treated (NT) or stimulated for 2 h with LPS","Expression profiling by high throughput sequencing","Mus musculus",4,,"TXT;SRA Run Selector","ftp://ftp.ncbi.nlm.nih.gov/geo/series/GSE101nnn/GSE101316/suppl;https://www.ncbi.nlm.nih.gov/Traces/study/?acc=PRJNA393993",,SRP111707,"Xingli Zhang","Mar 15, 2018"
GSE101320,"EZH2 occupancy profiling by high throughput sequencing from  macrophages non-treated (NT) or stimulated with LPS","Genome binding/occupancy profiling by high throughput sequencing","Mus musculus",3,,"BED;BW;SRA Run Selector","ftp://ftp.ncbi.nlm.nih.gov/geo/series/GSE101nnn/GSE101320/suppl;https://www.ncbi.nlm.nih.gov/Traces/study/?acc=PRJNA393994",,SRP111712,"Xingli Zhang","Mar 15, 2018"
GSE101383,"Macrophage/microglial Ezh2 facilitates autoimmune inflammation through inhibition of Socs3","Expression profiling by high throughput sequencing;Genome binding/occupancy profiling by high throughput sequencing","Mus musculus",7,,"BW;TXT","ftp://ftp.ncbi.nlm.nih.gov/geo/series/GSE101nnn/GSE101383/suppl",,,"Xingli Zhang","Mar 15, 2018"
GSE107090,"The thioredoxin-1 system is essential for fueling DNA synthesis during T cell metabolic reprogramming and proliferation","Expression profiling by high throughput sequencing","Mus musculus",8,,"TXT;SRA Run Selector","ftp://ftp.ncbi.nlm.nih.gov/geo/series/GSE107nnn/GSE107090/suppl;https://www.ncbi.nlm.nih.gov/Traces/study/?acc=PRJNA418977",29749372,SRP125226,"Manfred Kopf","Mar 15, 2018"
GSE108031,"High-resolution analysis of the pneumococcal transcriptome under a wide range of infection-relevant conditions","Expression profiling by high throughput sequencing","Streptococcus pneumoniae D39",34,,"TXT;SRA Run Selector","ftp://ftp.ncbi.nlm.nih.gov/geo/series/GSE108nnn/GSE108031/suppl;https://www.ncbi.nlm.nih.gov/Traces/study/?acc=PRJNA422256",30165663,SRP126660,"Rieza Aprianto","Mar 15, 2018"
GSE108662,"The Ultraconserved Long Noncoding RNA, T-UCstem1, controls proliferation and safeguards self-renewal of embryonic stem cells","Expression profiling by high throughput sequencing","Mus musculus",4,,"TXT;SRA Run Selector","ftp://ftp.ncbi.nlm.nih.gov/geo/series/GSE108nnn/GSE108662/suppl;https://www.ncbi.nlm.nih.gov/Traces/study/?acc=PRJNA428221",29456181,SRP127799,"Guidantonio Malagoli Tagliazucchi","Mar 15, 2018"
GSE108952,"Developmental history provides a roadmap for the emergence of tumor plasticity","Genome binding/occupancy profiling by high throughput sequencing","Mus musculus",9,,"BW;NARROWPEAK;SRA Run Selector","ftp://ftp.ncbi.nlm.nih.gov/geo/series/GSE108nnn/GSE108952/suppl;https://www.ncbi.nlm.nih.gov/Traces/study/?acc=PRJNA429224",29587142,SRP128542,"Ryan D Chow","Mar 15, 2018"
GSE109433,"Rosa Chinensis epigenome","Genome binding/occupancy profiling by high throughput sequencing","Rosa chinensis",4,,"BW;TXT;SRA Run Selector","ftp://ftp.ncbi.nlm.nih.gov/geo/series/GSE109nnn/GSE109433/suppl;https://www.ncbi.nlm.nih.gov/Traces/study/?acc=PRJNA414159",29713014,SRP119889,"Mohammed Bendahmane","Mar 15, 2018"
GSE109500,"Medicago truncatula roots infected (or not) with the oomycete Aphanomyces euteiches","Expression profiling by high throughput sequencing","Aphanomyces euteiches",15,,"FASTA;XLSX;SRA Run Selector","ftp://ftp.ncbi.nlm.nih.gov/geo/series/GSE109nnn/GSE109500/suppl;https://www.ncbi.nlm.nih.gov/Traces/study/?acc=PRJNA431223",29669603,SRP130899,"Elodie Gaulin","Mar 15, 2018"
GSE110736,"Next Generation Sequencing Facilitates Quantitative Analysis of transcriptomes of human cord blood CD34+ cells treated with HDAC5 inhibitor","Expression profiling by high throughput sequencing","Homo sapiens",6,,"TXT;XLSX;SRA Run Selector","ftp://ftp.ncbi.nlm.nih.gov/geo/series/GSE110nnn/GSE110736/suppl;https://www.ncbi.nlm.nih.gov/Traces/study/?acc=PRJNA434440",,SRP132998,"Xinxin Huang","Mar 15, 2018"
GSE110892,"Neural Stem Cell Extracellular Vesicle-Treated Microglia and Transcriptional Response","Expression profiling by high throughput sequencing","Mus musculus",6,,"TXT;SRA Run Selector","ftp://ftp.ncbi.nlm.nih.gov/geo/series/GSE110nnn/GSE110892/suppl;https://www.ncbi.nlm.nih.gov/Traces/study/?acc=PRJNA434745",29617675,SRP133182,"David Matthew Feliciano","Mar 15, 2018"
GSE111188,"Transcriptome-wide HITS-CLIP of Quaking (QKI) in TGF-Beta-treated HMLE (Mesenchymal-like) cells","Expression profiling by high throughput sequencing","Homo sapiens",9,,"BED;BEDGRAPH;SRA Run Selector","ftp://ftp.ncbi.nlm.nih.gov/geo/series/GSE111nnn/GSE111188/suppl;https://www.ncbi.nlm.nih.gov/Traces/study/?acc=PRJNA436149",29871889,SRP133593,"Katherine Anne Pillman","Mar 15, 2018"
GSE111469,"PLAG1 and USF2 Co-regulate Expression of Musashi-2 in Human Hematopoietic Stem and Progenitor Cells","Genome binding/occupancy profiling by high throughput sequencing","Homo sapiens",6,,"BEDGRAPH;NARROWPEAK;SRA Run Selector","ftp://ftp.ncbi.nlm.nih.gov/geo/series/GSE111nnn/GSE111469/suppl;https://www.ncbi.nlm.nih.gov/Traces/study/?acc=PRJNA437125",29641991,SRP134022,"Sonam Bhatia","Mar 15, 2018"
GSE111804,"MicroRNAs mediate liver transcriptome changes upon soy diet intervention in mice","Expression profiling by array","Mus musculus",6,,"TXT","ftp://ftp.ncbi.nlm.nih.gov/geo/series/GSE111nnn/GSE111804/suppl",,,"Ovidiu Balacescu","Mar 15, 2018"
GSE111807,"Physiological concentration changes of intracellular spermine activates DNA methyltransferase 3A and 3B and affects gene methylation","Methylation profiling by genome tiling array","Homo sapiens",4,,"IDAT;TXT","ftp://ftp.ncbi.nlm.nih.gov/geo/series/GSE111nnn/GSE111807/suppl",,,"Taro Fukui","Mar 15, 2018"
GSE111808,"The E. coli global regulator DksA attenuates transcription during T4 infection","Expression profiling by high throughput sequencing","Escherichia virus T4",18,,"CSV;SRA Run Selector","ftp://ftp.ncbi.nlm.nih.gov/geo/series/GSE111nnn/GSE111808/suppl;https://www.ncbi.nlm.nih.gov/Traces/study/?acc=PRJNA438226",29882792,SRP135660,"Jennifer Patterson West","Mar 15, 2018"
GSE111817,"Expression data from HCCC-9810 cells with MBD5 or BAP1 knockdown","Expression profiling by array","Homo sapiens",9,,"CEL","ftp://ftp.ncbi.nlm.nih.gov/geo/series/GSE111nnn/GSE111817/suppl",,,"Yuanfeng Li","Mar 15, 2018"
GSE111826,"Expression from Slamonella Typhimurium infected murine peritoneal macrophages","Expression profiling by array","Mus musculus",8,,"CEL;CHP","ftp://ftp.ncbi.nlm.nih.gov/geo/series/GSE111nnn/GSE111826/suppl",,,"Darren Perkins","Mar 15, 2018"
GSE111836,"Transcriptomic and Network Analyses Reveals Mechanistic-Based Biomarkers of Endocrine Disruption in the Marine Mussel, Mytilus edulis","Expression profiling by array","Mytilus edulis",40,,"TXT","ftp://ftp.ncbi.nlm.nih.gov/geo/series/GSE111nnn/GSE111836/suppl",,,"Bonnie Blalock","Mar 15, 2018"
GSE111901,"Single cell transcriptomic analysis of human CD25+ CD127- CD4+ Treg cells and CD25- CD127+ CD4+ Tconv cells isolated from peripheral blood","Expression profiling by high throughput sequencing","Homo sapiens",4,,"TXT","ftp://ftp.ncbi.nlm.nih.gov/geo/series/GSE111nnn/GSE111901/suppl",29434354,,"CBDM Lab","Mar 15, 2018"
GSE68501,"Expression data from HEK 293T cells overexpressing either myc-FUS or myc-R495X (exon)","Expression profiling by array","Homo sapiens",6,,"CEL","ftp://ftp.ncbi.nlm.nih.gov/geo/series/GSE68nnn/GSE68501/suppl",29499134,,"Jiou Wang","Mar 14, 2018"
GSE68502,"Expression data from HEK 293T cells overexpressing either myc-FUS or myc-R495X (miRNA)","Non-coding RNA profiling by array","Homo sapiens;synthetic construct",6,,"CEL","ftp://ftp.ncbi.nlm.nih.gov/geo/series/GSE68nnn/GSE68502/suppl",29499134,,"Jiou Wang","Mar 14, 2018"
GSE68504,"Expression data from HEK 293T cells overexpressing either myc-FUS or myc-R495X","Expression profiling by array;Non-coding RNA profiling by array","Homo sapiens;synthetic construct",12,,"CEL","ftp://ftp.ncbi.nlm.nih.gov/geo/series/GSE68nnn/GSE68504/suppl",29499134,,"Jiou Wang","Mar 14, 2018"
GSE73010,"Vitamin B2 and drought stress responses in Agaricus bisporus","Expression profiling by array","Agaricus bisporus",8,,"TXT","ftp://ftp.ncbi.nlm.nih.gov/geo/series/GSE73nnn/GSE73010/suppl",29482471,,"Alfons R Weig","Mar 14, 2018"
GSE74253,"mRNA-seq Analysis of Transcriptomes of the PC9R and PC9 cells","Expression profiling by high throughput sequencing","Homo sapiens",2,,"TXT;SRA Run Selector","ftp://ftp.ncbi.nlm.nih.gov/geo/series/GSE74nnn/GSE74253/suppl;https://www.ncbi.nlm.nih.gov/Traces/study/?acc=PRJNA299577",,SRP065204,"FAN ZHANG","Mar 14, 2018"
GSE84324,"Dynamics of chromatin marks and the role of JMJD3 during pancreatic endocrine cell fate commitment ","Expression profiling by high throughput sequencing;Genome binding/occupancy profiling by high throughput sequencing","Mus musculus",258,,"BEDGRAPH;TXT;SRA Run Selector","ftp://ftp.ncbi.nlm.nih.gov/geo/series/GSE84nnn/GSE84324/suppl;https://www.ncbi.nlm.nih.gov/Traces/study/?acc=PRJNA328935",29559448,SRP078420,"Cheng-Ran Xu","Mar 14, 2018"
GSE89073,"Expression data from WT and RGS5 KO mice treated with DOCA/salt","Expression profiling by array","Mus musculus",12,,"CEL","ftp://ftp.ncbi.nlm.nih.gov/geo/series/GSE89nnn/GSE89073/suppl",29208700,,"Carsten Sticht","Mar 14, 2018"
GSE89885,"Transcriptional profiling reveals gene programs that are differentially regulated in cardiac fibroblasts during exercise and disease","Expression profiling by high throughput sequencing","Mus musculus",22,,"TXT;SRA Run Selector","ftp://ftp.ncbi.nlm.nih.gov/geo/series/GSE89nnn/GSE89885/suppl;https://www.ncbi.nlm.nih.gov/Traces/study/?acc=PRJNA353648",29581288,SRP093387,"Eric Small","Mar 14, 2018"
GSE94148,"A novel RNA m6A modulator Zc3h13 plays an anchor role in facilitating nuclear RNA methylation and mouse embryonic stem cell self-renewal","Expression profiling by high throughput sequencing;Other","Mus musculus",34,,"BED;BEDGRAPH;TXT;SRA Run Selector","ftp://ftp.ncbi.nlm.nih.gov/geo/series/GSE94nnn/GSE94148/suppl;https://www.ncbi.nlm.nih.gov/Traces/study/?acc=PRJNA371494",29547716,SRP098937,"Shi Yang","Mar 14, 2018"
GSE94705,"Integrating genomic alterations in diffuse large B-cell Lymphoma identifies new relevant pathways and potential therapeutic targets","Genome variation profiling by SNP array","Homo sapiens",119,,"CEL;CYCHP;XLSX","ftp://ftp.ncbi.nlm.nih.gov/geo/series/GSE94nnn/GSE94705/suppl",28804123,,"Itziar Salaverria","Mar 14, 2018"
GSE94966,"Define roles of JMJD1B in mediating histone demethylation and gene expression","Expression profiling by high throughput sequencing;Genome binding/occupancy profiling by high throughput sequencing","Mus musculus",35,,"BEDGRAPH;TXT;SRA Run Selector","ftp://ftp.ncbi.nlm.nih.gov/geo/series/GSE94nnn/GSE94966/suppl;https://www.ncbi.nlm.nih.gov/Traces/study/?acc=PRJNA374970",29641999,SRP100029,"Juan Du","Mar 14, 2018"
GSE95094,"H4K20me3 methyltransferase SMYD5 controls heterochromatin and chromosome integrity during embryonic stem cell differentiation [DNA-seq]","Other","Mus musculus",2,,"BEDGRAPH;SRA Run Selector","ftp://ftp.ncbi.nlm.nih.gov/geo/series/GSE95nnn/GSE95094/suppl;https://www.ncbi.nlm.nih.gov/Traces/study/?acc=PRJNA376041",28951459,SRP100391,"Benjamin L Kidder","Mar 14, 2018"
GSE95437,"The transcription start site and enhancer landscape of the descending colon in inflammatory bowel disease","Expression profiling by high throughput sequencing","Homo sapiens",94,,"BED;SRA Run Selector","ftp://ftp.ncbi.nlm.nih.gov/geo/series/GSE95nnn/GSE95437/suppl;https://www.ncbi.nlm.nih.gov/Traces/study/?acc=PRJNA377127",29695774,SRP100787,"Morana Vitezic","Mar 14, 2018"
GSE96596,"RNA-Sequencing Analysis of the Effects of UVA Radiation on Keratinocytes","Expression profiling by high throughput sequencing","Homo sapiens",4,,"TXT;SRA Run Selector","ftp://ftp.ncbi.nlm.nih.gov/geo/series/GSE96nnn/GSE96596/suppl;https://www.ncbi.nlm.nih.gov/Traces/study/?acc=PRJNA379125",28724634,SRP101864,"Ashley Sample","Mar 14, 2018"
GSE96609,"miRNA content of extracellular vesicles released from astrocytes upon stimulation of IL-1beta and control","Non-coding RNA profiling by array","Mus musculus",2,,"TXT","ftp://ftp.ncbi.nlm.nih.gov/geo/series/GSE96nnn/GSE96609/suppl",,,"Norman J Haughey","Mar 14, 2018"
GSE96622,"Expression data from Hdac1 and 2 knock out microglia in 5X familial Alzheimer's disease (FAD) background","Expression profiling by array","Mus musculus",9,,"CEL","ftp://ftp.ncbi.nlm.nih.gov/geo/series/GSE96nnn/GSE96622/suppl",29548672,,"Ori Staszewski","Mar 14, 2018"
GSE96636,"Transcriptome profiling of FK866 response in CCRF-CEM parental and resistant cells","Expression profiling by array","Homo sapiens",13,,"TXT","ftp://ftp.ncbi.nlm.nih.gov/geo/series/GSE96nnn/GSE96636/suppl",29541451,,"Toma Tebaldi","Mar 14, 2018"
GSE97199,"Characterization of human dental pulp cells grown in chemically defined serum-free medium","Expression profiling by array","Homo sapiens",6,,"TXT","ftp://ftp.ncbi.nlm.nih.gov/geo/series/GSE97nnn/GSE97199/suppl",,,"katsumi Fujimoto","Mar 14, 2018"
GSE98104,"CRISPR/Cas9-mediated ASXL1 mutation in U937 cells perturbs myeloid differentiation","Expression profiling by high throughput sequencing","Homo sapiens",9,,"CSV;SRA Run Selector","ftp://ftp.ncbi.nlm.nih.gov/geo/series/GSE98nnn/GSE98104/suppl;https://www.ncbi.nlm.nih.gov/Traces/study/?acc=PRJNA384005",,SRP105066,"Zhijie Wu","Mar 14, 2018"
GSE98581,"Allele-specific expression in a family quartet with autism reveals mono-to-biallelic switch and novel transcriptional processes","Expression profiling by high throughput sequencing;Other","Homo sapiens",4,,"XLS;XLSX","ftp://ftp.ncbi.nlm.nih.gov/geo/series/GSE98nnn/GSE98581/suppl",29523860,,"Hsien-Sung Huang","Mar 14, 2018"
GSE98761,"DNA microarray analysis of Jmjd1a and/or Jmjd1b knockout embryonic stem cells","Expression profiling by array","Mus musculus",8,,"CEL","ftp://ftp.ncbi.nlm.nih.gov/geo/series/GSE98nnn/GSE98761/suppl",29526734,,"Yuji Nakai","Mar 14, 2018"
GSE98822,"Constitutive and Tamoxifen inducible knockout of HDAC1 and HDAC2 in Microglia","Expression profiling by high throughput sequencing","Mus musculus",50,,"TXT;SRA Run Selector","ftp://ftp.ncbi.nlm.nih.gov/geo/series/GSE98nnn/GSE98822/suppl;https://www.ncbi.nlm.nih.gov/Traces/study/?acc=PRJNA386323",29548672,SRP106889,"Ori Staszewski","Mar 14, 2018"
GSE98823,"Knockout of HDAC1 and HDAC2 in Microglia","Expression profiling by array;Expression profiling by high throughput sequencing;Genome binding/occupancy profiling by high throughput sequencing","Mus musculus",94,,"BW;CEL","ftp://ftp.ncbi.nlm.nih.gov/geo/series/GSE98nnn/GSE98823/suppl",29548672,,"Ori Staszewski","Mar 14, 2018"
GSE98843,"Epigenome analysis reveals novel aspects of ILC2 activation and supports a pathogenic role in asthma","Expression profiling by high throughput sequencing;Genome binding/occupancy profiling by high throughput sequencing","Homo sapiens;Mus musculus",15,,"BED;TXT;SRA Run Selector","ftp://ftp.ncbi.nlm.nih.gov/geo/series/GSE98nnn/GSE98843/suppl;https://www.ncbi.nlm.nih.gov/Traces/study/?acc=PRJNA386379",29486229,SRP106918,"Ralph Stadhouders","Mar 14, 2018"
GSE99210,"scRNA-seq 8- to 16-cell stage bovine embryo","Expression profiling by high throughput sequencing","Bos taurus",170,,"TXT;SRA Run Selector","ftp://ftp.ncbi.nlm.nih.gov/geo/series/GSE99nnn/GSE99210/suppl;https://www.ncbi.nlm.nih.gov/Traces/study/?acc=PRJNA387572",29511234,SRP107854,"Ilaria Lavagi","Mar 14, 2018"
GSE101398,"Retinal vein occlusion induced by laser treatment in mice","Expression profiling by high throughput sequencing","Mus musculus",9,,"TXT;SRA Run Selector","ftp://ftp.ncbi.nlm.nih.gov/geo/series/GSE101nnn/GSE101398/suppl;https://www.ncbi.nlm.nih.gov/Traces/study/?acc=PRJNA394115",29529099,SRP111820,"Gottfried Martin","Mar 14, 2018"
GSE101424,"Transcriptome analysis of the transcriptional regulator YthA effecting on lactococcus lactis","Expression profiling by high throughput sequencing","Lactococcus lactis",2,,"XLS;SRA Run Selector","ftp://ftp.ncbi.nlm.nih.gov/geo/series/GSE101nnn/GSE101424/suppl;https://www.ncbi.nlm.nih.gov/Traces/study/?acc=PRJNA394217",29305506,SRP111942,"liu jingui","Mar 14, 2018"
GSE102249,"Microarray-based gene expression on human aortic valves","Expression profiling by array","Homo sapiens",240,,"TXT","ftp://ftp.ncbi.nlm.nih.gov/geo/series/GSE102nnn/GSE102249/suppl",29511167,,"Yohan Bossé","Mar 14, 2018"
GSE102672,"Integrated analysis of isopentenyl pyrophosphate (IPP) toxicity in isoprenoid-producing Escherichia coli","Expression profiling by high throughput sequencing","Escherichia coli DH1",18,,"TXT;SRA Run Selector","ftp://ftp.ncbi.nlm.nih.gov/geo/series/GSE102nnn/GSE102672/suppl;https://www.ncbi.nlm.nih.gov/Traces/study/?acc=PRJNA398361",29530749,SRP115471,"Taek Soon Lee","Mar 14, 2018"
GSE103109,"Expression data from renal cortexes of diabetic rats","Expression profiling by array","Rattus norvegicus",12,,"CEL","ftp://ftp.ncbi.nlm.nih.gov/geo/series/GSE103nnn/GSE103109/suppl",,,"Carsten Sticht","Mar 14, 2018"
GSE103481,"A multi-omic analysis reveals a regulatory role of CD180 during the response of macrophages to Borrelia burgdorferi [microarray]","Expression profiling by array","Homo sapiens",6,,"TXT","ftp://ftp.ncbi.nlm.nih.gov/geo/series/GSE103nnn/GSE103481/suppl",29511161,,"Jose Luis Lavin","Mar 14, 2018"
GSE103482,"A multi-omic analysis reveals a regulatory role of CD180 during the response of macrophages to Borrelia burgdorferi [RNA-Seq]","Expression profiling by high throughput sequencing","Mus musculus",6,,"TSV;SRA Run Selector","ftp://ftp.ncbi.nlm.nih.gov/geo/series/GSE103nnn/GSE103482/suppl;https://www.ncbi.nlm.nih.gov/Traces/study/?acc=PRJNA401732",29511161,SRP116903,"Jose Luis Lavin","Mar 14, 2018"
GSE103483,"A multi-omic analysis reveals a regulatory role of CD180 during the response of macrophages to Borrelia burgdorferi","Expression profiling by array;Expression profiling by high throughput sequencing","Homo sapiens;Mus musculus",12,,,,29511161,,"Jose Luis Lavin","Mar 14, 2018"
GSE103762,"The Arabidopsis transcription factor TCP5 during petal and inflorescence development","Expression profiling by high throughput sequencing","Arabidopsis thaliana",32,,"TXT;SRA Run Selector","ftp://ftp.ncbi.nlm.nih.gov/geo/series/GSE103nnn/GSE103762/suppl;https://www.ncbi.nlm.nih.gov/Traces/study/?acc=PRJNA406971",29570883,SRP117360,"Sam Wijnand van Es","Mar 14, 2018"
GSE103953,"PU.1 represses and activates gene expression in early T cells by redirection of transcription factor ensembles [ChIP-Seq]","Genome binding/occupancy profiling by high throughput sequencing","Mus musculus",8,,"XLSX;SRA Run Selector","ftp://ftp.ncbi.nlm.nih.gov/geo/series/GSE103nnn/GSE103953/suppl;https://www.ncbi.nlm.nih.gov/Traces/study/?acc=PRJNA407770",29924977,SRP117917,"Hiroyuki Hosokawa","Mar 14, 2018"
GSE104234,"Caloric Restriction engages hepatic RNA processing mechanisms in rhesus monkeys","Expression profiling by high throughput sequencing","Macaca mulatta",20,,"XLSX;SRA Run Selector","ftp://ftp.ncbi.nlm.nih.gov/geo/series/GSE104nnn/GSE104234/suppl;https://www.ncbi.nlm.nih.gov/Traces/study/?acc=PRJNA412100",29514073,SRP118846,"Rozalyn Anderson","Mar 14, 2018"
GSE105108,"Bifidobacterium breve UCC2003 employs multiple transcriptional regulators in a series of glycan-induced positive feedback loops to regulate HMO metabolism","Expression profiling by array","Bifidobacterium breve UCC2003",8,,"TXT","ftp://ftp.ncbi.nlm.nih.gov/geo/series/GSE105nnn/GSE105108/suppl",29500268,,"Mary O'Connell Motherway","Mar 14, 2018"
GSE106080,"Transcriptional profile of differentially matured human monocyte-derived DCs","Expression profiling by array","Homo sapiens",4,,"CEL","ftp://ftp.ncbi.nlm.nih.gov/geo/series/GSE106nnn/GSE106080/suppl",,,"Florian Erhard","Mar 14, 2018"
GSE107436,"HDAC1/2 are required for microglia identity during development, homeostasis and neurodegeneration in a context-dependent manner [ChIP-seq constitutive knockout]","Genome binding/occupancy profiling by high throughput sequencing","Mus musculus",17,,"BW;SRA Run Selector","ftp://ftp.ncbi.nlm.nih.gov/geo/series/GSE107nnn/GSE107436/suppl;https://www.ncbi.nlm.nih.gov/Traces/study/?acc=PRJNA420076",29548672,SRP125763,"Ori Staszewski","Mar 14, 2018"
GSE107524,"Circulating miRNAs. isomiRs and small RNA clusters in human plasma and breast milk","Non-coding RNA profiling by high throughput sequencing","Homo sapiens",15,,"CSV;GFF;SRA Run Selector","ftp://ftp.ncbi.nlm.nih.gov/geo/series/GSE107nnn/GSE107524/suppl;https://www.ncbi.nlm.nih.gov/Traces/study/?acc=PRJNA420449",29505615,SRP125870,"Lorena Pantano","Mar 14, 2018"
GSE109044,"Comparison of expression data from DLD-1 subpopulations I","Expression profiling by array","Homo sapiens",6,,"CEL","ftp://ftp.ncbi.nlm.nih.gov/geo/series/GSE109nnn/GSE109044/suppl",29484367,,"Thomas Streichert","Mar 14, 2018"
GSE109045,"Comparison of expression data from DLD-1 subpopulations II","Expression profiling by array","Homo sapiens",6,,"CEL;TXT","ftp://ftp.ncbi.nlm.nih.gov/geo/series/GSE109nnn/GSE109045/suppl",29484367,,"Thomas Streichert","Mar 14, 2018"
GSE109046,"Comparison of expression data from DLD-1 subpopulations III","SNP genotyping by SNP array;Genome variation profiling by SNP array","Homo sapiens",6,,"CEL","ftp://ftp.ncbi.nlm.nih.gov/geo/series/GSE109nnn/GSE109046/suppl",29484367,,"Thomas Streichert","Mar 14, 2018"
GSE109047,"Comparison of expression data from DLD-1 subpopulations","Expression profiling by array;Genome variation profiling by SNP array;SNP genotyping by SNP array","Homo sapiens",18,,"CEL","ftp://ftp.ncbi.nlm.nih.gov/geo/series/GSE109nnn/GSE109047/suppl",29484367,,"Thomas Streichert","Mar 14, 2018"
GSE109341,"Adaptation Versus Senescence In Rice: Early Signalling Events Play A Role In Inducing Specificity And Tolerance To Salinity","Expression profiling by high throughput sequencing","Oryza sativa Japonica Group",24,,"TXT;SRA Run Selector","ftp://ftp.ncbi.nlm.nih.gov/geo/series/GSE109nnn/GSE109341/suppl;https://www.ncbi.nlm.nih.gov/Traces/study/?acc=PRJNA430515",29556243,SRP131107,"Stefano Toppo","Mar 14, 2018"
GSE110018,"PU.1 represses and activates gene expression in early T cells by redirection of transcription factor ensembles [RNA-Seq]","Expression profiling by high throughput sequencing","Mus musculus",8,,"XLSX","ftp://ftp.ncbi.nlm.nih.gov/geo/series/GSE110nnn/GSE110018/suppl",29924977,,"Hiroyuki Hosokawa","Mar 14, 2018"
GSE110020,"PU.1 represses and activates gene expression in early T cells by redirection of transcription factor ensembles","Expression profiling by high throughput sequencing;Genome binding/occupancy profiling by high throughput sequencing","Mus musculus",16,,,,29924977,,"Hiroyuki Hosokawa","Mar 14, 2018"
GSE110166,"HDAC1/2 are required for microglia identity during development, homeostasis and neurodegeneration in a context-dependent manner [ChIP inducible knockout on FAD background]","Genome binding/occupancy profiling by high throughput sequencing","Mus musculus",18,,"BW;SRA Run Selector","ftp://ftp.ncbi.nlm.nih.gov/geo/series/GSE110nnn/GSE110166/suppl;https://www.ncbi.nlm.nih.gov/Traces/study/?acc=PRJNA432994",29548672,SRP132216,"Ori Staszewski","Mar 14, 2018"
GSE110976,"Comprehensive profiling of the fission yeast transcription start site activity during stress and media response.","Expression profiling by high throughput sequencing","Schizosaccharomyces pombe",15,,"BED;BW;TAB;SRA Run Selector","ftp://ftp.ncbi.nlm.nih.gov/geo/series/GSE110nnn/GSE110976/suppl;https://www.ncbi.nlm.nih.gov/Traces/study/?acc=PRJNA435437",,SRP133255,"Malte Thodberg","Mar 14, 2018"
GSE111597,"Gene-expression analysis of human embryonic stem cell (HESC-)- derived rosette-forming neural progenitor cells (NPCs) in the presence of lysophosphatidic acid (LPA)","Expression profiling by array","Homo sapiens",18,,"TXT","ftp://ftp.ncbi.nlm.nih.gov/geo/series/GSE111nnn/GSE111597/suppl",29779899,,"Jan-Philip Medelnik","Mar 14, 2018"
GSE111744,"Gene expression in epigonadal white adipose tissue of LDKO and LTKO mice","Expression profiling by array","Mus musculus",4,,"CEL;CHP","ftp://ftp.ncbi.nlm.nih.gov/geo/series/GSE111nnn/GSE111744/suppl",29867232,,"rongya tao","Mar 14, 2018"
GSE111745,"Gene expression in the liver of mice infected with Fst288-AAV-TBG","Expression profiling by array","Mus musculus",10,,"CEL;CHP","ftp://ftp.ncbi.nlm.nih.gov/geo/series/GSE111nnn/GSE111745/suppl",29867232,,"rongya tao","Mar 14, 2018"
GSE111747,"Different neuronal activity patterns induce different gene expression programs [RNA-Seq]","Expression profiling by high throughput sequencing","Mus musculus",186,,"XLSX;SRA Run Selector","ftp://ftp.ncbi.nlm.nih.gov/geo/series/GSE111nnn/GSE111747/suppl;https://www.ncbi.nlm.nih.gov/Traces/study/?acc=PRJNA438061",29681534,SRP135246,"Kelsey Tyssowski","Mar 14, 2018"
GSE111748,"Mnemiopsis leidyi high resolution developmental transcriptomic time-course 0-20 hours","Expression profiling by high throughput sequencing","Mnemiopsis leidyi",50,,"TXT;SRA Run Selector","ftp://ftp.ncbi.nlm.nih.gov/geo/series/GSE111nnn/GSE111748/suppl;https://www.ncbi.nlm.nih.gov/Traces/study/?acc=PRJNA438062",,SRP135247,"Alexandra Hernandez","Mar 14, 2018"
GSE111752,"Droplet based single cell RNA sequencing profiles of a murine model of type-1 diabetes","Expression profiling by high throughput sequencing","Mus musculus",4,,"TSV;SRA Run Selector","ftp://ftp.ncbi.nlm.nih.gov/geo/series/GSE111nnn/GSE111752/suppl;https://www.ncbi.nlm.nih.gov/Traces/study/?acc=PRJNA438067",,SRP135249,"Mark D Ziemann","Mar 14, 2018"
GSE111758," Identification differentially expressed genes in the mouse testis caused by Prss54 deficiency","Expression profiling by array","Mus musculus",6,,"TXT","ftp://ftp.ncbi.nlm.nih.gov/geo/series/GSE111nnn/GSE111758/suppl",,,"Xuan Shang","Mar 14, 2018"
GSE111762,"Expression profiling of lncRNAs/mRNA for 16 human samples derived from patients with altrophic gastritis(Hp+) or gastric cancer(Hp+)","Expression profiling by array;Non-coding RNA profiling by array","Homo sapiens",15,,"TXT","ftp://ftp.ncbi.nlm.nih.gov/geo/series/GSE111nnn/GSE111762/suppl",,,"Taotao Han","Mar 14, 2018"
GSE111763,"Expression profiling of lncRNAs/mRNA for H.pylori infected normal gastric epithelial cell line","Expression profiling by array;Non-coding RNA profiling by array","Homo sapiens",3,,"TXT","ftp://ftp.ncbi.nlm.nih.gov/geo/series/GSE111nnn/GSE111763/suppl",,,"Taotao Han","Mar 14, 2018"
GSE111765,"RNA seq analysis on zebrafish Notch 3 mutants and adult neural stem cells","Expression profiling by high throughput sequencing","Danio rerio",15,,"TXT;SRA Run Selector","ftp://ftp.ncbi.nlm.nih.gov/geo/series/GSE111nnn/GSE111765/suppl;https://www.ncbi.nlm.nih.gov/Traces/study/?acc=PRJNA438111",29695612,SRP135259,"Laure Bally-Cuif","Mar 14, 2018"
GSE111771,"Differentially expressed miRNAs in granulosa cell of diminished ovarian reserve (DOR) patients","Non-coding RNA profiling by array","Homo sapiens;Human alphaherpesvirus 1;Human alphaherpesvirus 2;Human betaherpesvirus 5;Human gammaherpesvirus 4;Human gammaherpesvirus 8;Human immunodeficiency virus 1;Human polyomavirus 1;JC polyomavirus;Macaca mulatta polyomavirus 1;Merkel cell polyomavirus;Murid betaherpesvirus 1;Murid gammaherpesvirus 4;Mus musculus;Mus musculus cytomegalovirus 2;Rattus norvegicus",6,,"GPR","ftp://ftp.ncbi.nlm.nih.gov/geo/series/GSE111nnn/GSE111771/suppl",29590425,,"XiaoKui Yang","Mar 14, 2018"
GSE111773,"Differentially expressed miRNAs in serum of diminished ovarian reserve (DOR) patients","Non-coding RNA profiling by array","Homo sapiens;Human alphaherpesvirus 1;Human alphaherpesvirus 2;Human betaherpesvirus 5;Human gammaherpesvirus 4;Human gammaherpesvirus 8;Human immunodeficiency virus 1;Human polyomavirus 1;JC polyomavirus;Macaca mulatta polyomavirus 1;Merkel cell polyomavirus;Murid betaherpesvirus 1;Murid gammaherpesvirus 4;Mus musculus;Mus musculus cytomegalovirus 2;Rattus norvegicus",6,,"GPR","ftp://ftp.ncbi.nlm.nih.gov/geo/series/GSE111nnn/GSE111773/suppl",29590425,,"XiaoKui Yang","Mar 14, 2018"
GSE111774,"MiR-106a increases granulosa cell viability and is down-regulated in women with diminished ovarian reserve","Non-coding RNA profiling by array","Homo sapiens;Human alphaherpesvirus 1;Human alphaherpesvirus 2;Human betaherpesvirus 5;Human gammaherpesvirus 4;Human gammaherpesvirus 8;Human immunodeficiency virus 1;Human polyomavirus 1;JC polyomavirus;Macaca mulatta polyomavirus 1;Merkel cell polyomavirus;Murid betaherpesvirus 1;Murid gammaherpesvirus 4;Mus musculus;Mus musculus cytomegalovirus 2;Rattus norvegicus",12,,"GPR","ftp://ftp.ncbi.nlm.nih.gov/geo/series/GSE111nnn/GSE111774/suppl",29590425,,"XiaoKui Yang","Mar 14, 2018"
GSE111796,"Nuclear Receptor NR2F6 as an Alternative Cancer Immune Checkpoint in the T Cell Compartment","Expression profiling by high throughput sequencing","Mus musculus",18,,"TXT;SRA Run Selector","ftp://ftp.ncbi.nlm.nih.gov/geo/series/GSE111nnn/GSE111796/suppl;https://www.ncbi.nlm.nih.gov/Traces/study/?acc=PRJNA438152",29670099,SRP135514,"Dietmar Rieder","Mar 14, 2018"
GSE111809,"Follistatin dysregulates systemic glucose homeostasis during hepatic insulin resistance","Expression profiling by array","Mus musculus",14,,"CEL;CHP","ftp://ftp.ncbi.nlm.nih.gov/geo/series/GSE111nnn/GSE111809/suppl",29867232,,"rongya tao","Mar 14, 2018"
GSE69536,"Gene expression profile in kidney with experimental membranous","Expression profiling by array","Mus musculus",4,,"TXT","ftp://ftp.ncbi.nlm.nih.gov/geo/series/GSE69nnn/GSE69536/suppl",29480949,,"Yen-Sung Huang","Mar 13, 2018"
GSE95019,"Analysis of influence of Excretory Secretory Products from wild and laboratory Fasciola hepatica isolates on bovine macrophages","Expression profiling by array","Bos taurus",8,,"TXT","ftp://ftp.ncbi.nlm.nih.gov/geo/series/GSE95nnn/GSE95019/suppl",,,"Piotr Bąska","Mar 13, 2018"
GSE95058,"Soft Hydrogels Support Differentiation of Induced Pluripotent Stem Cells toward Mesenchymal Stromal Cells [methylation]","Methylation profiling by genome tiling array","Homo sapiens",12,,"IDAT","ftp://ftp.ncbi.nlm.nih.gov/geo/series/GSE95nnn/GSE95058/suppl",29197223,,"Wolfgang Wagner","Mar 13, 2018"
GSE95060,"Soft Hydrogels Support Differentiation of Induced Pluripotent Stem Cells toward Mesenchymal Stromal Cells [expression]","Expression profiling by array","Homo sapiens",27,,"IDAT","ftp://ftp.ncbi.nlm.nih.gov/geo/series/GSE95nnn/GSE95060/suppl",29197223,,"Wolfgang Wagner","Mar 13, 2018"
GSE95061,"Soft Hydrogels Support Differentiation of Induced Pluripotent Stem Cells toward Mesenchymal Stromal Cells","Methylation profiling by genome tiling array;Expression profiling by array","Homo sapiens",39,,"IDAT","ftp://ftp.ncbi.nlm.nih.gov/geo/series/GSE95nnn/GSE95061/suppl",29197223,,"Wolfgang Wagner","Mar 13, 2018"
GSE96633,"Detection of different expressed genes in newborn piglet liver using RNA-seq to analyze negative effects caused by dietary tryptophan","Expression profiling by high throughput sequencing","Sus scrofa",6,,"TXT;SRA Run Selector","ftp://ftp.ncbi.nlm.nih.gov/geo/series/GSE96nnn/GSE96633/suppl;https://www.ncbi.nlm.nih.gov/Traces/study/?acc=PRJNA379268",,SRP101926,"Kang Xu","Mar 13, 2018"
GSE97394,"Mapping DNA methylation and CTCF/cohesin occupancy on nascent chromatin and DNMT-targeted nascent chromatin","Methylation profiling by high throughput sequencing;Genome binding/occupancy profiling by high throughput sequencing;Other","Homo sapiens;Mus musculus",53,,"SRA Run Selector","https://www.ncbi.nlm.nih.gov/Traces/study/?acc=PRJNA381638",29590048,SRP103077,"Chenhuan Xu","Mar 13, 2018"
GSE98092,"Mammalian low cell number and in vivo DamID-seq for transcription factor binding analyses","Genome binding/occupancy profiling by high throughput sequencing;Third-party reanalysis","Mus musculus",58,,"BIGWIG;SRA Run Selector","ftp://ftp.ncbi.nlm.nih.gov/geo/series/GSE98nnn/GSE98092/suppl;https://www.ncbi.nlm.nih.gov/Traces/study/?acc=PRJNA383993",,SRP105058,"Keisuke Kaji","Mar 13, 2018"
GSE98849,"Cancer-associated IDH1 promotes growth and resistance to targeted therapies in the absence of mutation","Genome binding/occupancy profiling by high throughput sequencing","Homo sapiens",7,,"BW;SRA Run Selector","ftp://ftp.ncbi.nlm.nih.gov/geo/series/GSE98nnn/GSE98849/suppl;https://www.ncbi.nlm.nih.gov/Traces/study/?acc=PRJNA386443",28564604,SRP106944,"Elizabeth Thomas Bartom","Mar 13, 2018"
GSE99624,"Primary osteoporosis is not reflected by disease-specific DNA methylation or accelerated epigenetic age in blood","Methylation profiling by array","Homo sapiens",48,,"IDAT","ftp://ftp.ncbi.nlm.nih.gov/geo/series/GSE99nnn/GSE99624/suppl",28926142,,"Wolfgang Wagner","Mar 13, 2018"
GSE101468,"Next Generation Sequencing Facilitates Quantitative Analysis of  Spleenic Macrophage Transcriptomes in mouse acute myeloid leukemia","Expression profiling by high throughput sequencing","Mus musculus",3,,"TXT;SRA Run Selector","ftp://ftp.ncbi.nlm.nih.gov/geo/series/GSE101nnn/GSE101468/suppl;https://www.ncbi.nlm.nih.gov/Traces/study/?acc=PRJNA394515",29363207,SRP111966,"Guo Guang Zheng","Mar 13, 2018"
GSE103000,"Impact of B16F0 exosomes on the transcriptome of CTLL2 cytotoxic T cells","Expression profiling by high throughput sequencing","Mus musculus",28,,"CSV;SRA Run Selector","ftp://ftp.ncbi.nlm.nih.gov/geo/series/GSE103nnn/GSE103000/suppl;https://www.ncbi.nlm.nih.gov/Traces/study/?acc=PRJNA399762",29399967,SRP116047,"David John Klinke","Mar 13, 2018"
GSE103123,"Copy number profiling of 556 high-risk neuroblastoma patients using aCGH or SNP arrays","Genome variation profiling by genome tiling array;Genome variation profiling by SNP array;Third-party reanalysis","Homo sapiens",0,,"TXT;XLSX","ftp://ftp.ncbi.nlm.nih.gov/geo/series/GSE103nnn/GSE103123/suppl",29514301,,"Katleen De Preter","Mar 13, 2018"
GSE103493,"Jurkat cell exosomes bound by  CD47, CD63 and MHC1 harbor different RNA content","Non-coding RNA profiling by high throughput sequencing","Homo sapiens",14,,"TXT;SRA Run Selector","ftp://ftp.ncbi.nlm.nih.gov/geo/series/GSE103nnn/GSE103493/suppl;https://www.ncbi.nlm.nih.gov/Traces/study/?acc=PRJNA401758",29416092,SRP116924,"Sukhbir Kaur","Mar 13, 2018"
GSE107374,"Expression data from mouse hepatocellular carcinomas developed in Axin1 hepatocyte deleted mice","Expression profiling by array","Mus musculus",16,,"CEL","ftp://ftp.ncbi.nlm.nih.gov/geo/series/GSE107nnn/GSE107374/suppl",29525529,,"Franck Letourneur","Mar 13, 2018"
GSE107595,"Effect of DNA bindng small molecules on SSRP1 genomic distribution","Genome binding/occupancy profiling by high throughput sequencing","Homo sapiens",7,,"BED;BW;SRA Run Selector","ftp://ftp.ncbi.nlm.nih.gov/geo/series/GSE107nnn/GSE107595/suppl;https://www.ncbi.nlm.nih.gov/Traces/study/?acc=PRJNA420688",29339544,SRP125953,"Katerina Gurova","Mar 13, 2018"
GSE107633,"Effect of CBL0137 on nascent transcription in HT1080 cells [RNA-seq]","Expression profiling by high throughput sequencing","Homo sapiens",4,,"BW;TXT;SRA Run Selector","ftp://ftp.ncbi.nlm.nih.gov/geo/series/GSE107nnn/GSE107633/suppl;https://www.ncbi.nlm.nih.gov/Traces/study/?acc=PRJNA420940",29339544,SRP126048,"Katerina Gurova","Mar 13, 2018"
GSE108456,"Gene expression analyses of  CWR22Res Nsi (non-silencing) control and with stable knockdown of Sprouty2 (SPRY2)","Expression profiling by array","Homo sapiens",6,,"IDAT","ftp://ftp.ncbi.nlm.nih.gov/geo/series/GSE108nnn/GSE108456/suppl",,,"Rachana Ravindra Patel","Mar 13, 2018"
GSE108727,"Assessment of Variant Abundance by Massively Parallel Sequencing for PTEN and TPMT","Other","Escherichia coli;Homo sapiens",20,,"TSV;SRA Run Selector","ftp://ftp.ncbi.nlm.nih.gov/geo/series/GSE108nnn/GSE108727/suppl;https://www.ncbi.nlm.nih.gov/Traces/study/?acc=PRJNA428380",29785012,SRP127985,"Douglas Fowler","Mar 13, 2018"
GSE109890,"Clinical and genomic crosstalk between glucocorticoid receptor and estrogen receptor α in endometrial cancer [ATAC-seq]","Genome binding/occupancy profiling by high throughput sequencing","Homo sapiens",4,,"BW;TXT;SRA Run Selector","ftp://ftp.ncbi.nlm.nih.gov/geo/series/GSE109nnn/GSE109890/suppl;https://www.ncbi.nlm.nih.gov/Traces/study/?acc=PRJNA432246",29539426,SRP131800,"Jason Gertz","Mar 13, 2018"
GSE109891,"Clinical and genomic crosstalk between glucocorticoid receptor and estrogen receptor α in endometrial cancer [ChIP-seq]","Genome binding/occupancy profiling by high throughput sequencing","Homo sapiens",11,,"BW;TXT;SRA Run Selector","ftp://ftp.ncbi.nlm.nih.gov/geo/series/GSE109nnn/GSE109891/suppl;https://www.ncbi.nlm.nih.gov/Traces/study/?acc=PRJNA432244",29539426,SRP131799,"Jason Gertz","Mar 13, 2018"
GSE109892,"Clinical and genomic crosstalk between glucocorticoid receptor and estrogen receptor α in endometrial cancer [RNA-seq]","Expression profiling by high throughput sequencing","Homo sapiens",8,,"TXT;SRA Run Selector","ftp://ftp.ncbi.nlm.nih.gov/geo/series/GSE109nnn/GSE109892/suppl;https://www.ncbi.nlm.nih.gov/Traces/study/?acc=PRJNA432245",29539426,SRP131796,"Jason Gertz","Mar 13, 2018"
GSE109893,"Clinical and genomic crosstalk between glucocorticoid receptor and estrogen receptor α in endometrial cancer","Expression profiling by high throughput sequencing;Genome binding/occupancy profiling by high throughput sequencing","Homo sapiens",23,,"BW;TXT","ftp://ftp.ncbi.nlm.nih.gov/geo/series/GSE109nnn/GSE109893/suppl",29539426,,"Jason Gertz","Mar 13, 2018"
GSE111551,"Blood and skeletal muscle gene signatures of exercise training in men (Muscle data set)","Expression profiling by array","Homo sapiens",26,,"CEL;CHP","ftp://ftp.ncbi.nlm.nih.gov/geo/series/GSE111nnn/GSE111551/suppl",,,"Michelle Sabrina Moreira Silva","Mar 13, 2018"
GSE111552,"Blood and skeletal muscle gene signatures of exercise training in men (PBMC data set)","Expression profiling by array","Homo sapiens",32,,"CEL;CHP","ftp://ftp.ncbi.nlm.nih.gov/geo/series/GSE111nnn/GSE111552/suppl",,,"Michelle Sabrina Moreira Silva","Mar 13, 2018"
GSE111553,"Blood and skeletal muscle gene signatures of exercise training in men (Total blood data set G1)","Expression profiling by array","Homo sapiens",44,,"CEL;CHP","ftp://ftp.ncbi.nlm.nih.gov/geo/series/GSE111nnn/GSE111553/suppl",,,"Michelle Sabrina Moreira Silva","Mar 13, 2018"
GSE111554,"Blood and skeletal muscle gene signatures of exercise training in men (Total blood data set G2)","Expression profiling by array","Homo sapiens",40,,"CEL;CHP","ftp://ftp.ncbi.nlm.nih.gov/geo/series/GSE111nnn/GSE111554/suppl",,,"Michelle Sabrina Moreira Silva","Mar 13, 2018"
GSE111555,"Blood and skeletal muscle gene signatures of exercise training in men","Expression profiling by array","Homo sapiens",142,,"CEL;CHP","ftp://ftp.ncbi.nlm.nih.gov/geo/series/GSE111nnn/GSE111555/suppl",,,"Michelle Sabrina Moreira Silva","Mar 13, 2018"
GSE111667,"miRNA expression in lung tissue","Other","Mus musculus",56,,"XLS","ftp://ftp.ncbi.nlm.nih.gov/geo/series/GSE111nnn/GSE111667/suppl",29739446,,"Patricia Silveyra","Mar 13, 2018"
GSE111670,"The expression profiles of circRNAs in hippocampus from mice with prenatal glyphosate exposure","Non-coding RNA profiling by array","Mus musculus",2,,"TXT","ftp://ftp.ncbi.nlm.nih.gov/geo/series/GSE111nnn/GSE111670/suppl",29705695,,"Hua Ji","Mar 13, 2018"
GSE111695,"Gene expression in squash (Cucurbita pepo) nectaries","Expression profiling by high throughput sequencing","Cucurbita pepo",23,,"XLSX;SRA Run Selector","ftp://ftp.ncbi.nlm.nih.gov/geo/series/GSE111nnn/GSE111695/suppl;https://www.ncbi.nlm.nih.gov/Traces/study/?acc=PRJNA437911",,SRP134937,"Marshall Hampton","Mar 13, 2018"
GSE111705,"Functional and genomic characterization of a xenograft model system for the study of metastasis in triple-negative breast cancer","Genome variation profiling by SNP array","Homo sapiens",4,,"IDAT;TXT","ftp://ftp.ncbi.nlm.nih.gov/geo/series/GSE111nnn/GSE111705/suppl",29720474,,"Andrew Pattison","Mar 13, 2018"
GSE111706,"Metastasis in triple-negative breast cancer","Expression profiling by high throughput sequencing;Genome variation profiling by SNP array","Homo sapiens",24,,"IDAT","ftp://ftp.ncbi.nlm.nih.gov/geo/series/GSE111nnn/GSE111706/suppl",29720474,,"Andrew Pattison","Mar 13, 2018"
GSE111707,"Expression data in subcutaneous xenografts of Huh7 cells overexpressing or not insulin receptor isoform A","Expression profiling by array","Homo sapiens",6,,"CEL","ftp://ftp.ncbi.nlm.nih.gov/geo/series/GSE111nnn/GSE111707/suppl",,,"Christèle Desbois-Mouthon","Mar 13, 2018"
GSE111719,"Transcriptomic analysis of circumvallate papillae (CVP) from lean and DIO mice","Expression profiling by array","Mus musculus",23,,"TXT","ftp://ftp.ncbi.nlm.nih.gov/geo/series/GSE111nnn/GSE111719/suppl",30102932,,"Arnaud BERNARD","Mar 13, 2018"
GSE111727,"Single-Cell RNA-Seq Reveals Transcriptional Heterogeneity in Latent and Reactivated HIV-infected Cells","Expression profiling by high throughput sequencing","Homo sapiens",387,,"TXT;SRA Run Selector","ftp://ftp.ncbi.nlm.nih.gov/geo/series/GSE111nnn/GSE111727/suppl;https://www.ncbi.nlm.nih.gov/Traces/study/?acc=PRJNA437966",29694901,SRP134967,"Monica Golumbeanu","Mar 13, 2018"
GSE111728,"Effect of transgenic RNAi on wandering third instar larval fat body gene expression in Drosophila melanogaster","Expression profiling by high throughput sequencing","Drosophila melanogaster",62,,"XLSX;SRA Run Selector","ftp://ftp.ncbi.nlm.nih.gov/geo/series/GSE111nnn/GSE111728/suppl;https://www.ncbi.nlm.nih.gov/Traces/study/?acc=PRJNA437974",29487137,SRP134974,"Laura Palanker Musselman","Mar 13, 2018"
GSE111741,"RNA-seq analysis of colorectal cancer cell line (CRC) SW1116 overexpressed POLR1D","Expression profiling by high throughput sequencing","Homo sapiens",2,,"TXT;SRA Run Selector","ftp://ftp.ncbi.nlm.nih.gov/geo/series/GSE111nnn/GSE111741/suppl;https://www.ncbi.nlm.nih.gov/Traces/study/?acc=PRJNA438017",,SRP135144,"wenbo niu","Mar 13, 2018"
GSE7777,"RNA regulated by Orb in Drosophila","Expression profiling by array","Drosophila melanogaster",10,,,,,,"Isabelle Busseau","Mar 12, 2018"
GSE81538,"Clinical Value of RNA Sequencing–Based Classifiers for Prediction of the Five Conventional Breast Cancer Biomarkers: A Report From the Population-Based Multicenter Sweden Cancerome Analysis Network—Breast Initiative [cohort 405]","Expression profiling by high throughput sequencing","Homo sapiens",405,,"CSV;GTF;XLSX","ftp://ftp.ncbi.nlm.nih.gov/geo/series/GSE81nnn/GSE81538/suppl",,,"Lao H Saal","Mar 12, 2018"
GSE81540,"Clinical Value of RNA Sequencing–Based Classifiers for Prediction of the Five Conventional Breast Cancer Biomarkers: A Report From the Population-Based Multicenter Sweden Cancerome Analysis Network—Breast Initiative [superseries]","Expression profiling by high throughput sequencing","Homo sapiens",3814,,,,,,"Lao H Saal","Mar 12, 2018"
GSE82045,"Global delay in nascent strand DNA methylation","Methylation profiling by high throughput sequencing","Homo sapiens",28,,"BED;SRA Run Selector","ftp://ftp.ncbi.nlm.nih.gov/geo/series/GSE82nnn/GSE82045/suppl;https://www.ncbi.nlm.nih.gov/Traces/study/?acc=PRJNA323802",29531288,SRP075910,"Jocelyn Charlton","Mar 12, 2018"
GSE87757,"Tracking of dCas9-methyltransferase footprints","Methylation profiling by high throughput sequencing;Expression profiling by high throughput sequencing","Homo sapiens;Mus musculus",52,,"BED;TXT;SRA Run Selector","ftp://ftp.ncbi.nlm.nih.gov/geo/series/GSE87nnn/GSE87757/suppl;https://www.ncbi.nlm.nih.gov/Traces/study/?acc=PRJNA347354",29426832,SRP091011,"Jocelyn Charlton","Mar 12, 2018"
GSE95598,"Phenotypic and microRNA characterisation of the hidden CD24+ cell population in MCF-7 breast cancer 3D spheroid culture","Non-coding RNA profiling by high throughput sequencing","Homo sapiens",6,,"XLSX;SRA Run Selector","ftp://ftp.ncbi.nlm.nih.gov/geo/series/GSE95nnn/GSE95598/suppl;https://www.ncbi.nlm.nih.gov/Traces/study/?acc=PRJNA377615",,SRP100970,"norlaily mohd ali","Mar 12, 2018"
GSE96058,"Clinical Value of RNA Sequencing–Based Classifiers for Prediction of the Five Conventional Breast Cancer Biomarkers: A Report From the Population-Based Multicenter Sweden Cancerome Analysis Network—Breast Initiative [cohort 3273]","Expression profiling by high throughput sequencing","Homo sapiens",3409,,"CSV;GTF","ftp://ftp.ncbi.nlm.nih.gov/geo/series/GSE96nnn/GSE96058/suppl",,,"Lao H Saal","Mar 12, 2018"
GSE99050,"Modulation of gene expression after inducing expression of 14q32 miRNAs by CRISPR activation technology in lung adenocarcinoma","Expression profiling by array","Homo sapiens",9,,"CEL","ftp://ftp.ncbi.nlm.nih.gov/geo/series/GSE99nnn/GSE99050/suppl",29330288,,"Carsten Sticht","Mar 12, 2018"
GSE100144,"Transcriptomic sequencing after HOXA9 knockdown in A431 cells","Expression profiling by high throughput sequencing","Homo sapiens",2,,"TXT;SRA Run Selector","ftp://ftp.ncbi.nlm.nih.gov/geo/series/GSE100nnn/GSE100144/suppl;https://www.ncbi.nlm.nih.gov/Traces/study/?acc=PRJNA390836",29662084,SRP109625,"yinghui wang","Mar 12, 2018"
GSE102274,"Development, phenotype and function of a distinct macrophage subpopulation induced by IL-23","Expression profiling by array","Mus musculus",4,,"TXT;XLSX","ftp://ftp.ncbi.nlm.nih.gov/geo/series/GSE102nnn/GSE102274/suppl",29508278,,"Yong Zhao","Mar 12, 2018"
GSE106573,"High throughput screen identifies novel small molecules that derepress genes repressed by DNA methylation","Expression profiling by high throughput sequencing;Methylation profiling by high throughput sequencing","Homo sapiens",24,,"BIGWIG;TXT;SRA Run Selector","ftp://ftp.ncbi.nlm.nih.gov/geo/series/GSE106nnn/GSE106573/suppl;https://www.ncbi.nlm.nih.gov/Traces/study/?acc=PRJNA417267",29559556,SRP124263,"Zhuqiang Zhang","Mar 12, 2018"
GSE107960,"Pancreatic tumor microenvironment confers highly malignant properties on pancreatic cancer cells","Expression profiling by high throughput sequencing","Homo sapiens",12,,"FPKM_TRACKING;SRA Run Selector","ftp://ftp.ncbi.nlm.nih.gov/geo/series/GSE107nnn/GSE107960/suppl;https://www.ncbi.nlm.nih.gov/Traces/study/?acc=PRJNA422050",29511349,SRP126547,"Daizo Koinuma","Mar 12, 2018"
GSE107980,"RING-finger protein 6 amplification activates JAK/STAT3 pathway by modifying SHP-1 ubiquitylation and associates with poor outcome in colorectal cancer","Expression profiling by high throughput sequencing","Homo sapiens",6,,"TXT;SRA Run Selector","ftp://ftp.ncbi.nlm.nih.gov/geo/series/GSE107nnn/GSE107980/suppl;https://www.ncbi.nlm.nih.gov/Traces/study/?acc=PRJNA422102",29288235,SRP126561,"Haoyan Chen","Mar 12, 2018"
GSE109328,"Epigenetic Rescue of Autism-like Social Deficits in Shank3-Deficient Mouse Models","Expression profiling by high throughput sequencing","Mus musculus",8,,"TXT;SRA Run Selector","ftp://ftp.ncbi.nlm.nih.gov/geo/series/GSE109nnn/GSE109328/suppl;https://www.ncbi.nlm.nih.gov/Traces/study/?acc=PRJNA430439",29531362,SRP131096,"Zhen Yan","Mar 12, 2018"
GSE109487,"Characterizing the genetic background of nodal marginal zone lymphoma","Genome variation profiling by genome tiling array","Homo sapiens",22,,"TXT","ftp://ftp.ncbi.nlm.nih.gov/geo/series/GSE109nnn/GSE109487/suppl",29556019,,"Darius Juskevicius","Mar 12, 2018"
GSE109491,"LKB1, Salt-Inducible Kinases, and MEF2C are linked dependencies in acute myeloid leukemia (RNA-Seq)","Expression profiling by high throughput sequencing","Homo sapiens",14,,"TXT;SRA Run Selector","ftp://ftp.ncbi.nlm.nih.gov/geo/series/GSE109nnn/GSE109491/suppl;https://www.ncbi.nlm.nih.gov/Traces/study/?acc=PRJNA431335",29526696,SRP131192,"Yusuke Tarumoto","Mar 12, 2018"
GSE109492,"LKB1, Salt-Inducible Kinases, and MEF2C are linked dependencies in acute myeloid leukemia (ChIP-Seq)","Genome binding/occupancy profiling by high throughput sequencing","Homo sapiens",20,,"BIGWIG;SRA Run Selector","ftp://ftp.ncbi.nlm.nih.gov/geo/series/GSE109nnn/GSE109492/suppl;https://www.ncbi.nlm.nih.gov/Traces/study/?acc=PRJNA431217",29526696,SRP131147,"Yusuke Tarumoto","Mar 12, 2018"
GSE109493,"LKB1, Salt-Inducible Kinases, and MEF2C are linked dependencies in acute myeloid leukemia","Expression profiling by high throughput sequencing;Genome binding/occupancy profiling by high throughput sequencing","Homo sapiens",34,,"BIGWIG","ftp://ftp.ncbi.nlm.nih.gov/geo/series/GSE109nnn/GSE109493/suppl",29526696,,"Yusuke Tarumoto","Mar 12, 2018"
GSE110097,"Analysis of Th17 gene signature in the presence of CD28 costimulation in human CD4 naïve T cells","Expression profiling by high throughput sequencing","Homo sapiens",13,,"TXT;SRA Run Selector","ftp://ftp.ncbi.nlm.nih.gov/geo/series/GSE110nnn/GSE110097/suppl;https://www.ncbi.nlm.nih.gov/Traces/study/?acc=PRJNA432744",29514093,SRP132102,"Amanda Catherine Poholek","Mar 12, 2018"
GSE111577,"The cold shock response of Bacillus subtilis analyzed by RNA-sequencing: YplP regulates pyruvate transport at low temperatures","Expression profiling by high throughput sequencing","Bacillus subtilis",9,,"RPKM;TXT;SRA Run Selector","ftp://ftp.ncbi.nlm.nih.gov/geo/series/GSE111nnn/GSE111577/suppl;https://www.ncbi.nlm.nih.gov/Traces/study/?acc=PRJNA437458",,SRP134186,"Anne de Jong","Mar 12, 2018"
GSE111731,"Revealing parallel host-pathogen transcriptional dynamics using sorted subpopulations and single, Candida albicans infected macrophages","Expression profiling by high throughput sequencing","Candida albicans;Mus musculus",306,,"TXT;SRA Run Selector","ftp://ftp.ncbi.nlm.nih.gov/geo/series/GSE111nnn/GSE111731/suppl;https://www.ncbi.nlm.nih.gov/Traces/study/?acc=PRJNA437988",,SRP134993,"Toni Marie Delorey","Mar 12, 2018"
GSE100324,"Expression data from adult mouse adrenal tissue","Expression profiling by array","Mus musculus",12,,"CEL;CHP","ftp://ftp.ncbi.nlm.nih.gov/geo/series/GSE100nnn/GSE100324/suppl",29561882,,"Katharine Sara Collison","Mar 11, 2018"
GSE100325,"Expression data from adult mouse hypothalamus","Expression profiling by array","Mus musculus",12,,"CEL;CHP","ftp://ftp.ncbi.nlm.nih.gov/geo/series/GSE100nnn/GSE100325/suppl",29561882,,"Katharine Sara Collison","Mar 11, 2018"
GSE100326,"Effect of developmental NMDAR antagonism on aspartame-induced hypothalamic and adrenal gene expression","Expression profiling by array","Mus musculus",24,,"CEL;CHP","ftp://ftp.ncbi.nlm.nih.gov/geo/series/GSE100nnn/GSE100326/suppl",29561882,,"Katharine Sara Collison","Mar 11, 2018"
GSE105126,"Puf3 participates in ribosomal biogenesis in malaria parasites","Other","Plasmodium falciparum",4,,"TXT;SRA Run Selector","ftp://ftp.ncbi.nlm.nih.gov/geo/series/GSE105nnn/GSE105126/suppl;https://www.ncbi.nlm.nih.gov/Traces/study/?acc=PRJNA414782",29487181,SRP120353,"Liwang Cui","Mar 11, 2018"
GSE105128,"KAP1 regulates Treg function and proliferation.","Expression profiling by high throughput sequencing","Mus musculus",6,,"CSV;TXT;SRA Run Selector","ftp://ftp.ncbi.nlm.nih.gov/geo/series/GSE105nnn/GSE105128/suppl;https://www.ncbi.nlm.nih.gov/Traces/study/?acc=PRJNA414785",29669285,SRP120356,"Shigeru Tanaka","Mar 11, 2018"
GSE105508,"Genome-wide analysis of KAP1 recruitment in mouse regulatory T cells","Genome binding/occupancy profiling by high throughput sequencing","Mus musculus",4,,"BED;SRA Run Selector","ftp://ftp.ncbi.nlm.nih.gov/geo/series/GSE105nnn/GSE105508/suppl;https://www.ncbi.nlm.nih.gov/Traces/study/?acc=PRJNA415219",29669285,SRP120631,"Shigeru Tanaka","Mar 11, 2018"
GSE105515,"H3K9Me3 marks in KAP1 deficient regulatory T cells","Genome binding/occupancy profiling by high throughput sequencing","Mus musculus",4,,"TXT;SRA Run Selector","ftp://ftp.ncbi.nlm.nih.gov/geo/series/GSE105nnn/GSE105515/suppl;https://www.ncbi.nlm.nih.gov/Traces/study/?acc=PRJNA415220",29669285,SRP120632,"Shigeru Tanaka","Mar 11, 2018"
GSE108816,"Gene expression profile of colorectal cancer cell Caco-2 after OCC-1 knockdown","Expression profiling by array","Homo sapiens",3,,"CEL","ftp://ftp.ncbi.nlm.nih.gov/geo/series/GSE108nnn/GSE108816/suppl",29931370,,"Yang Lan","Mar 11, 2018"
GSE111655,"The LINC01138 Drives Malignancies via Activating Arginine Methyltransferase 5 in Hepatocellular Carcinoma","Expression profiling by high throughput sequencing;Non-coding RNA profiling by high throughput sequencing","Homo sapiens",6,,"TXT;SRA Run Selector","ftp://ftp.ncbi.nlm.nih.gov/geo/series/GSE111nnn/GSE111655/suppl;https://www.ncbi.nlm.nih.gov/Traces/study/?acc=PRJNA437713",29679004,SRP134687,"Shengli Li","Mar 11, 2018"
GSE79062,"ATAC-seq of sorted lung cDCs (conventional dendritic cells) from cell-specific MyD88 KO at 0h and 6h in vivo sensitization with OVA/standard flagellin","Other","Mus musculus",8,,"BED;SRA Run Selector","ftp://ftp.ncbi.nlm.nih.gov/geo/series/GSE79nnn/GSE79062/suppl;https://www.ncbi.nlm.nih.gov/Traces/study/?acc=PRJNA314845",29067999,SRP071571,"Seddon Thomas","Mar 10, 2018"
GSE79096,"Visualizing germinal center B cell dynamics at single cell transcriptome resolution","Expression profiling by high throughput sequencing","Mus musculus",182,,"TXT;SRA Run Selector","ftp://ftp.ncbi.nlm.nih.gov/geo/series/GSE79nnn/GSE79096/suppl;https://www.ncbi.nlm.nih.gov/Traces/study/?acc=PRJNA314939",,SRP071636,"Harinder Singh","Mar 10, 2018"
GSE79581,"Array of sorted lung conventional dendritic cells (cDCs) from cell-specific MyD88 KO at 0h and 6h in vivo sensitization with OVA/standard flagellin","Expression profiling by array","Mus musculus",16,,"CEL;CHP","ftp://ftp.ncbi.nlm.nih.gov/geo/series/GSE79nnn/GSE79581/suppl",29067999,,"Seddon Thomas","Mar 10, 2018"
GSE79591,"Nanostring of sorted airway epithelial cells (AECs) from cell-specific MyD88 KO at 2h after in vivo sensitization with OVA/standard flagellin","Expression profiling by array","Mus musculus",11,,"RCC","ftp://ftp.ncbi.nlm.nih.gov/geo/series/GSE79nnn/GSE79591/suppl",29067999,,"Seddon Thomas","Mar 10, 2018"
GSE79592,"Nanostring of sorted lung alveolar macrophages (AM) from cell-specific MyD88 KO at 6h after in vivo sensitization with OVA/standard flagellin","Expression profiling by array","Mus musculus",8,,"RCC","ftp://ftp.ncbi.nlm.nih.gov/geo/series/GSE79nnn/GSE79592/suppl",29067999,,"Seddon Thomas","Mar 10, 2018"
GSE79594,"Nanostring of whole lung RNA from cell-specific MyD88 KO at 0h, 2h and 6h after in vivo sensitization with OVA/standard flagellin","Expression profiling by array","Mus musculus",35,,"RCC","ftp://ftp.ncbi.nlm.nih.gov/geo/series/GSE79nnn/GSE79594/suppl",29067999,,"Seddon Thomas","Mar 10, 2018"
GSE79614,"Nanostring of sorted lung conventional dendritic cells (cDCs) from cell-specific MyD88 KO at 6h after in vivo sensitization with OVA/standard flagellin","Expression profiling by array","Mus musculus",14,,"RCC","ftp://ftp.ncbi.nlm.nih.gov/geo/series/GSE79nnn/GSE79614/suppl",29067999,,"Seddon Thomas","Mar 10, 2018"
GSE79615,"MYD88-dependent dendritic and epithelial cell crosstalk in the lung orchestrates immune responses to inhaled allergens","Expression profiling by array;Other","Mus musculus",92,,"BED;CEL;CHP;RCC","ftp://ftp.ncbi.nlm.nih.gov/geo/series/GSE79nnn/GSE79615/suppl",29067999,,"Seddon Thomas","Mar 10, 2018"
GSE95127,"PCGF5 is required for neural differentiation of embryonic stem cells [RNA-seq]","Expression profiling by high throughput sequencing","Mus musculus",8,,"TXT;SRA Run Selector","ftp://ftp.ncbi.nlm.nih.gov/geo/series/GSE95nnn/GSE95127/suppl;https://www.ncbi.nlm.nih.gov/Traces/study/?acc=PRJNA376147",29765032,SRP100439,"Jiajian Zhou","Mar 10, 2018"
GSE96067,"CpG methylation analysis in Mesial temporal lobe epilepsy and Focal cortical dysplasia patients","Methylation profiling by genome tiling array","Homo sapiens",9,,"TXT","ftp://ftp.ncbi.nlm.nih.gov/geo/series/GSE96nnn/GSE96067/suppl",30568293,,"APARNA BANERJEE DIXIT","Mar 10, 2018"
GSE100604,"Overexpression nub-RB and Pdm2-RB","Expression profiling by array","Drosophila melanogaster",19,,"TXT","ftp://ftp.ncbi.nlm.nih.gov/geo/series/GSE100nnn/GSE100604/suppl",29499056,,"Jessica Margareta Lindvall","Mar 10, 2018"
GSE104538,"Gene activity induced by denervation in the rat urinary bladder [mRNA]","Expression profiling by array","Rattus norvegicus",12,,"CEL;CHP","ftp://ftp.ncbi.nlm.nih.gov/geo/series/GSE104nnn/GSE104538/suppl",29357417,,"Jessica Margareta Lindvall","Mar 10, 2018"
GSE104539,"Gene activity induced by denervation in the rat urinary bladder [miRNA]","Non-coding RNA profiling by array","Rattus norvegicus;synthetic construct",12,,"CEL;CHP","ftp://ftp.ncbi.nlm.nih.gov/geo/series/GSE104nnn/GSE104539/suppl",29357417,,"Jessica Margareta Lindvall","Mar 10, 2018"
GSE104540,"Gene activity induced by denervation in the rat urinary bladder","Expression profiling by array;Non-coding RNA profiling by array","Rattus norvegicus;synthetic construct",24,,"CEL;CHP","ftp://ftp.ncbi.nlm.nih.gov/geo/series/GSE104nnn/GSE104540/suppl",29357417,,"Jessica Margareta Lindvall","Mar 10, 2018"
GSE107377,"PCGF5 is required for neural differentiation of embryonic stem cells [ChIP-seq]","Genome binding/occupancy profiling by high throughput sequencing","Mus musculus",16,,"BED;SRA Run Selector","ftp://ftp.ncbi.nlm.nih.gov/geo/series/GSE107nnn/GSE107377/suppl;https://www.ncbi.nlm.nih.gov/Traces/study/?acc=PRJNA419920",29765032,SRP125685,"Jiajian Zhou","Mar 10, 2018"
GSE110492,"Characterization of gene regulation and protein interaction networks for Matrin 3 encoding mutations linked to amyotrophic lateral sclerosis and myopathy","Expression profiling by high throughput sequencing","Homo sapiens",12,,"TXT;SRA Run Selector","ftp://ftp.ncbi.nlm.nih.gov/geo/series/GSE110nnn/GSE110492/suppl;https://www.ncbi.nlm.nih.gov/Traces/study/?acc=PRJNA433856",29511296,SRP132715,"James Douglas Thomas","Mar 10, 2018"
GSE111244,"Fas promotes T helper-17 cell differentiation and inhibits development of T helper-1 cells by binding and sequestering the STAT1 transcription factor","Expression profiling by high throughput sequencing","Mus musculus",4,,"TXT;SRA Run Selector","ftp://ftp.ncbi.nlm.nih.gov/geo/series/GSE111nnn/GSE111244/suppl;https://www.ncbi.nlm.nih.gov/Traces/study/?acc=PRJNA436341",29562202,SRP133655,"Dariusz Przybylski","Mar 10, 2018"
GSE111614,"miRNA Expression in 4 mouse Hepatocellular Carcinoma cells with different lymphatic metastasis potentials","Non-coding RNA profiling by array","Mus musculus",4,,"XLS","ftp://ftp.ncbi.nlm.nih.gov/geo/series/GSE111nnn/GSE111614/suppl",,,"HUANG HUANG","Mar 10, 2018"
GSE111617,"DNA methylation profile of adipocytes treated with DNMT inhibitor, guadecitabine (100nM, 3X daily).","Methylation profiling by high throughput sequencing","Homo sapiens",4,,"XLSX;SRA Run Selector","ftp://ftp.ncbi.nlm.nih.gov/geo/series/GSE111nnn/GSE111617/suppl;https://www.ncbi.nlm.nih.gov/Traces/study/?acc=PRJNA437571",29759990,SRP134233,"Kenneth Nephew","Mar 10, 2018"
GSE111628,"Microarray data of osteoblast from sham, ovariectomized mice (OVX) with and without treadmill training","Expression profiling by array","Mus musculus",3,,"CEL;CHP","ftp://ftp.ncbi.nlm.nih.gov/geo/series/GSE111nnn/GSE111628/suppl",30581558,,"Wei-Bin Hsu","Mar 10, 2018"
GSE111629,"Genome wide DNA methylation study of Parkinson's disease in whole blood samples","Methylation profiling by genome tiling array","Homo sapiens",572,,"IDAT;TXT","ftp://ftp.ncbi.nlm.nih.gov/geo/series/GSE111nnn/GSE111629/suppl",28851441;26655927,,"Ritz Beate","Mar 10, 2018"
GSE111639,"Xenopus andrei RNA-Seq","Expression profiling by high throughput sequencing","Xenopus andrei",9,,"FASTA;TXT;SRA Run Selector","ftp://ftp.ncbi.nlm.nih.gov/geo/series/GSE111nnn/GSE111639/suppl;https://www.ncbi.nlm.nih.gov/Traces/study/?acc=PRJNA437641",,SRP134281,"Margaret Saha","Mar 10, 2018"
GSE111654,"RNA-seq from animals treated, and non treated,  with cisplatin","Expression profiling by high throughput sequencing","Caenorhabditis elegans",4,,"XLSX;SRA Run Selector","ftp://ftp.ncbi.nlm.nih.gov/geo/series/GSE111nnn/GSE111654/suppl;https://www.ncbi.nlm.nih.gov/Traces/study/?acc=PRJNA437671",29752286,SRP134390,"Julián Cerón","Mar 10, 2018"
GSE64310,"Gene expression in kidney of interleukin-18 knockout mice at 6 and 12 weeks of age","Expression profiling by array","Mus musculus",12,,"TXT","ftp://ftp.ncbi.nlm.nih.gov/geo/series/GSE64nnn/GSE64310/suppl",29514661,,"Daisuke Okuzaki","Mar 09, 2018"
GSE66835,"Transcriptomic analysis of the biocontrol fungus Trichoderma atroviride overgrowing Verticilluim dahliae provides the identification of mycoparasitic candidate genes aganinst this plant pathogenic fungus","Expression profiling by array","Trichoderma atroviride;Trichoderma reesei;Trichoderma virens",9,,"PAIR","ftp://ftp.ncbi.nlm.nih.gov/geo/series/GSE66nnn/GSE66835/suppl",,,"Marta Montero-Barrientos","Mar 09, 2018"
GSE68836,"BRCA1, R-loops and Recombination defects in Ewing's sarcoma (RNA-seq)","Expression profiling by high throughput sequencing","Homo sapiens",27,,"TXT;SRA Run Selector","ftp://ftp.ncbi.nlm.nih.gov/geo/series/GSE68nnn/GSE68836/suppl;https://www.ncbi.nlm.nih.gov/Traces/study/?acc=PRJNA283885",29513652,SRP058310,"Yidong Chen","Mar 09, 2018"
GSE68845,"BRCA1, R-loops and Recombination defects in Ewing's sarcoma (DRIP-seq)","Other","Homo sapiens",26,,"BED;SRA Run Selector","ftp://ftp.ncbi.nlm.nih.gov/geo/series/GSE68nnn/GSE68845/suppl;https://www.ncbi.nlm.nih.gov/Traces/study/?acc=PRJNA283900",29513652,SRP058311,"Yidong Chen","Mar 09, 2018"
GSE68847,"BRCA1, R-loops and Recombination defects in Ewing's sarcoma","Other;Expression profiling by high throughput sequencing;Genome binding/occupancy profiling by high throughput sequencing","Homo sapiens",79,,"BED;TXT","ftp://ftp.ncbi.nlm.nih.gov/geo/series/GSE68nnn/GSE68847/suppl",29513652,,"Yidong Chen","Mar 09, 2018"
GSE85191,"Widespread transcriptional pausing and elongation control at enhancers","Expression profiling by high throughput sequencing;Genome binding/occupancy profiling by high throughput sequencing;Other","Drosophila melanogaster;Mus musculus",37,,"BEDGRAPH;BW;SRA Run Selector","ftp://ftp.ncbi.nlm.nih.gov/geo/series/GSE85nnn/GSE85191/suppl;https://www.ncbi.nlm.nih.gov/Traces/study/?acc=PRJNA336521",29378787,SRP080934,"Karen Adelman","Mar 09, 2018"
GSE87324,"BRCA1/RNApII regulation in Ewing's sarcoma (ChIP-seq)","Genome binding/occupancy profiling by high throughput sequencing","Homo sapiens",26,,"BED;SRA Run Selector","ftp://ftp.ncbi.nlm.nih.gov/geo/series/GSE87nnn/GSE87324/suppl;https://www.ncbi.nlm.nih.gov/Traces/study/?acc=PRJNA344334",29513652,SRP090392,"Yidong Chen","Mar 09, 2018"
GSE89495,"Efficient Mammary Gland Involution Requires c-Jun N-terminal kinase","Expression profiling by high throughput sequencing","Mus musculus",12,,"XLSX;SRA Run Selector","ftp://ftp.ncbi.nlm.nih.gov/geo/series/GSE89nnn/GSE89495/suppl;https://www.ncbi.nlm.nih.gov/Traces/study/?acc=PRJNA352383",29511338,SRP092537,"Yvonne Edwards","Mar 09, 2018"
GSE93535,"RNAseq of quiescent (Q) and stress induced premature senescent (SIPS) fibroblasts treated with plant extract (1201) from Solidago vigaurea subspecies alpestris","Expression profiling by high throughput sequencing","Homo sapiens",12,,"GTF;SRA Run Selector","ftp://ftp.ncbi.nlm.nih.gov/geo/series/GSE93nnn/GSE93535/suppl;https://www.ncbi.nlm.nih.gov/Traces/study/?acc=PRJNA361062",29675264,SRP096629,"Markus Schosserer","Mar 09, 2018"
GSE93614,"Global Changes in the Transcriptome of Synechocystis sp. Strain PCC 6803 in Response to Ethylene","Expression profiling by high throughput sequencing","Synechocystis sp. PCC 6803",6,,"TXT;SRA Run Selector","ftp://ftp.ncbi.nlm.nih.gov/geo/series/GSE93nnn/GSE93614/suppl;https://www.ncbi.nlm.nih.gov/Traces/study/?acc=PRJNA361291",,SRP096747,"Brad Binder","Mar 09, 2018"
GSE95028,"NOTCH Signaling Specifies a Transient Arterial-Type Hemogenic Endothelium that Gives Rise to Definitive-Type Hematopoiesis from Human Pluripotent Stem Cells","Expression profiling by high throughput sequencing","Homo sapiens",4,,"TXT;SRA Run Selector","ftp://ftp.ncbi.nlm.nih.gov/geo/series/GSE95nnn/GSE95028/suppl;https://www.ncbi.nlm.nih.gov/Traces/study/?acc=PRJNA375763",,SRP100165,"Oleg Moskvin","Mar 09, 2018"
GSE96057,"Ablation of the stress protease OMA1 protects against heart failure","Expression profiling by high throughput sequencing","Mus musculus",9,,"TXT;SRA Run Selector","ftp://ftp.ncbi.nlm.nih.gov/geo/series/GSE96nnn/GSE96057/suppl;https://www.ncbi.nlm.nih.gov/Traces/study/?acc=PRJNA378676",29593106,SRP101670,"Carlos Torroja","Mar 09, 2018"
GSE96815,"Enhancement of Arterial Specification in Human Pluripotent Stem Cell Cultures Promotes Definitive Hematoendothelial Program with Broad Myelolymphoid Potential","Expression profiling by high throughput sequencing","Homo sapiens",12,,"TXT;SRA Run Selector","ftp://ftp.ncbi.nlm.nih.gov/geo/series/GSE96nnn/GSE96815/suppl;https://www.ncbi.nlm.nih.gov/Traces/study/?acc=PRJNA379808",29791856,SRP102181,"Oleg Moskvin","Mar 09, 2018"
GSE102548,"H2AX controls motor learning and response to oxidative stress","Expression profiling by array","Mus musculus",6,,"CEL","ftp://ftp.ncbi.nlm.nih.gov/geo/series/GSE102nnn/GSE102548/suppl",,,"Urbain S Weyemi","Mar 09, 2018"
GSE103940,"Integration of metabolomics and transcriptomic expression profiling discloses pivotal role of arachidonic acid metabolism pathway in response to acute hypoxia exposure","Expression profiling by high throughput sequencing","Homo sapiens",22,,"TXT;SRA Run Selector","ftp://ftp.ncbi.nlm.nih.gov/geo/series/GSE103nnn/GSE103940/suppl;https://www.ncbi.nlm.nih.gov/Traces/study/?acc=PRJNA407731",,SRP117885,"Chang Liu","Mar 09, 2018"
GSE106887,"RNA sequencing of  human periodontal ligament stem cells (PDLSCs) with Illumina HiSeq2000","Expression profiling by high throughput sequencing","Homo sapiens",3,,"TXT;SRA Run Selector","ftp://ftp.ncbi.nlm.nih.gov/geo/series/GSE106nnn/GSE106887/suppl;https://www.ncbi.nlm.nih.gov/Traces/study/?acc=PRJNA418326",29197342,SRP124973,"Jianning Liu","Mar 09, 2018"
GSE107201,"Synthetic lethality between ARID1A mutation and HDAC2 inhibition in ovarian cancer","Expression profiling by high throughput sequencing","Homo sapiens",3,,"TXT;SRA Run Selector","ftp://ftp.ncbi.nlm.nih.gov/geo/series/GSE107nnn/GSE107201/suppl;https://www.ncbi.nlm.nih.gov/Traces/study/?acc=PRJNA419301",29590609,SRP125384,"Priyankara J Wickramasinghe","Mar 09, 2018"
GSE108949,"Global control of carbon flux in Bifidobacterium breve UCC2003","Expression profiling by array","Bifidobacterium breve UCC2003",4,,"TXT","ftp://ftp.ncbi.nlm.nih.gov/geo/series/GSE108nnn/GSE108949/suppl",,,"Noreen Lanigan","Mar 09, 2018"
GSE108950,"MalR regulon of B. breve UCC2003; malto-oligosachrides and beyond","Expression profiling by array","Bifidobacterium breve UCC2003",8,,"TXT","ftp://ftp.ncbi.nlm.nih.gov/geo/series/GSE108nnn/GSE108950/suppl",,,"Noreen Lanigan","Mar 09, 2018"
GSE110626,"RNA sequencing data from triple-negative breast cancer patient-derived xenografts (PDX)","Expression profiling by high throughput sequencing","Homo sapiens",21,,"TXT;SRA Run Selector","ftp://ftp.ncbi.nlm.nih.gov/geo/series/GSE110nnn/GSE110626/suppl;https://www.ncbi.nlm.nih.gov/Traces/study/?acc=PRJNA434130",,SRP132889,"Wright Center for Clinical and Translational Research Bioinformatics Core","Mar 09, 2018"
GSE111558,"Methionine supplementation and radiation in mouse jejunum","Expression profiling by high throughput sequencing","Mus musculus",16,,"TXT;SRA Run Selector","ftp://ftp.ncbi.nlm.nih.gov/geo/series/GSE111nnn/GSE111558/suppl;https://www.ncbi.nlm.nih.gov/Traces/study/?acc=PRJNA437410",,SRP134174,"Kyle Ryan Navel","Mar 09, 2018"
GSE111559,"Modulation of dietary methionine intake elicits potent, but distinct, anticancer effects on primary vs metastatic tumors","Expression profiling by high throughput sequencing","Mus musculus",15,,"TXT;SRA Run Selector","ftp://ftp.ncbi.nlm.nih.gov/geo/series/GSE111nnn/GSE111559/suppl;https://www.ncbi.nlm.nih.gov/Traces/study/?acc=PRJNA437407",,SRP134173,"Kyle Ryan Navel","Mar 09, 2018"
GSE111562,"The response of Streptococcus pneumoniae to antibiotic stress on the transcriptome of a competence negative strain","Expression profiling by array","Streptococcus pneumoniae D39",5,,"TXT","ftp://ftp.ncbi.nlm.nih.gov/geo/series/GSE111nnn/GSE111562/suppl",30485808,,"Arnau Domenech","Mar 09, 2018"
GSE111591,"Loss of integrin αvβ8 on murine hepatocytes accelerates liver regeneration","Expression profiling by array","Mus musculus",16,,"TSV;TXT","ftp://ftp.ncbi.nlm.nih.gov/geo/series/GSE111nnn/GSE111591/suppl",,,"Richard Sydney Taylor","Mar 09, 2018"
GSE111593,"TCRβ+ vs. TCRβ- CD11bhighCD14+F4/80+ splenic macrophages (Mf)","Expression profiling by array","Mus musculus",4,,"TXT","ftp://ftp.ncbi.nlm.nih.gov/geo/series/GSE111nnn/GSE111593/suppl",,,"Miranda Sarah Melissa Oakley","Mar 09, 2018"
GSE111598,"Single cell-RNA-seq for airway epithelial cells","Expression profiling by high throughput sequencing","Mus musculus",2,,"TXT;SRA Run Selector","ftp://ftp.ncbi.nlm.nih.gov/geo/series/GSE111nnn/GSE111598/suppl;https://www.ncbi.nlm.nih.gov/Traces/study/?acc=PRJNA437486",29656943,SRP134203,"Yoshihiko Kobayashi","Mar 09, 2018"
GSE48615,"High fat diet-induced modifications in membrane lipid and mitochondrial-membrane protein signatures precede the development of hepatic insulin resistance in mice","Expression profiling by array","Mus musculus",42,,"CEL","ftp://ftp.ncbi.nlm.nih.gov/geo/series/GSE48nnn/GSE48615/suppl",25685688,,"Barbara Fridrich","Mar 08, 2018"
GSE50140,"Renal tubular Sirt1 attenuates diabetic albuminuria by epigenetically suppressing Claudin-1 overexpression in podocytes.","Expression profiling by array","Mus musculus",2,,"TXT","ftp://ftp.ncbi.nlm.nih.gov/geo/series/GSE50nnn/GSE50140/suppl",24141423,,"Kazuhiro Hasegawa","Mar 08, 2018"
GSE52764,"Gene expression profiling of dSur knock-out flies.","Expression profiling by array","Drosophila melanogaster",16,,"TXT","ftp://ftp.ncbi.nlm.nih.gov/geo/series/GSE52nnn/GSE52764/suppl",28676676,,"Cristiano De Pitta","Mar 08, 2018"
GSE78883,"A Domestication-Selected Retrotransposon for Quenching Genomic Immunity in Rice [RNA-Seq]","Expression profiling by high throughput sequencing","Oryza sativa",3,,"TXT;SRA Run Selector","ftp://ftp.ncbi.nlm.nih.gov/geo/series/GSE78nnn/GSE78883/suppl;https://www.ncbi.nlm.nih.gov/Traces/study/?acc=PRJNA314274",,SRP071139,"yiwen Deng","Mar 08, 2018"
GSE78900,"A Domestication-Selected Retrotransposon for Quenching Genomic Immunity in Rice [small RNA-Seq]","Non-coding RNA profiling by high throughput sequencing","Oryza sativa",3,,"FA;SRA Run Selector","ftp://ftp.ncbi.nlm.nih.gov/geo/series/GSE78nnn/GSE78900/suppl;https://www.ncbi.nlm.nih.gov/Traces/study/?acc=PRJNA314332",,SRP071147,"yiwen Deng","Mar 08, 2018"
GSE78903,"A Domestication-Selected Retrotransposon for Quenching Genomic Immunity in Rice","Expression profiling by high throughput sequencing;Non-coding RNA profiling by high throughput sequencing","Oryza sativa",11,,"FA;TAR;TXT","ftp://ftp.ncbi.nlm.nih.gov/geo/series/GSE78nnn/GSE78903/suppl",,,"yiwen Deng","Mar 08, 2018"
GSE79154,"A Domestication-Selected Retrotransposon for Quenching Genomic Immunity in Rice [Bisulfite-seq]","Methylation profiling by high throughput sequencing","Oryza sativa",3,,"TAR;SRA Run Selector","ftp://ftp.ncbi.nlm.nih.gov/geo/series/GSE79nnn/GSE79154/suppl;https://www.ncbi.nlm.nih.gov/Traces/study/?acc=PRJNA315056",,SRP071699,"yiwen Deng","Mar 08, 2018"
GSE79155,"A Domestication-Selected Retrotransposon for Quenching Genomic Immunity in Rice [MeDIP-seq]","Methylation profiling by high throughput sequencing","Oryza sativa",2,,"TAR;SRA Run Selector","ftp://ftp.ncbi.nlm.nih.gov/geo/series/GSE79nnn/GSE79155/suppl;https://www.ncbi.nlm.nih.gov/Traces/study/?acc=PRJNA315058",,SRP071698,"yiwen Deng","Mar 08, 2018"
GSE84654,"Comprehensive lncRNAs expression profiling reveals the potential role of lncRNAs in systemic lupus erythematosus [Human LncRNA Array v3.0]","Non-coding RNA profiling by array","Homo sapiens",9,,"TXT","ftp://ftp.ncbi.nlm.nih.gov/geo/series/GSE84nnn/GSE84654/suppl",28622785,,"Lian-Ju Li","Mar 08, 2018"
GSE84656,"Comprehensive expression profiling reveals the potential role of lncRNAs and circRNAs in systemic lupus erythematosus","Non-coding RNA profiling by array","Homo sapiens",18,,"TXT","ftp://ftp.ncbi.nlm.nih.gov/geo/series/GSE84nnn/GSE84656/suppl",,,"Lian-Ju Li","Mar 08, 2018"
GSE87443,"Whole Genome Bisulfite Sequencing in wild type plants, and two RNAi transgenic lines, KD2 and KD5.","Methylation profiling by high throughput sequencing","Populus tremula x Populus alba",3,,"XLSX;SRA Run Selector","ftp://ftp.ncbi.nlm.nih.gov/geo/series/GSE87nnn/GSE87443/suppl;https://www.ncbi.nlm.nih.gov/Traces/study/?acc=PRJNA344827",28707409,SRP090584,"Daniel Conde","Mar 08, 2018"
GSE87444,"Next Generation Sequencing Facilitates Quantitative Analysis of Wild Type and two PtaDML10 RNAi lines, KD2 and KD5 transcriptomes","Expression profiling by high throughput sequencing","Populus tremula x Populus alba",3,,"XLSX;SRA Run Selector","ftp://ftp.ncbi.nlm.nih.gov/geo/series/GSE87nnn/GSE87444/suppl;https://www.ncbi.nlm.nih.gov/Traces/study/?acc=PRJNA344826",28707409,SRP090585,"Daniel Conde","Mar 08, 2018"
GSE87445,"Wild Type and two PtaDML10 RNAi lines, KD2 and KD5","Expression profiling by high throughput sequencing;Methylation profiling by high throughput sequencing","Populus tremula x Populus alba",6,,,,28707409,,"Daniel Conde","Mar 08, 2018"
GSE92548,"RNA-seq profiles of wildtype and Ezh2 knockout mouse natural killer T cell subsets","Expression profiling by high throughput sequencing","Mus musculus",8,,"TXT;SRA Run Selector","ftp://ftp.ncbi.nlm.nih.gov/geo/series/GSE92nnn/GSE92548/suppl;https://www.ncbi.nlm.nih.gov/Traces/study/?acc=PRJNA358015",28223321,SRP095334,"Gordon K Smyth","Mar 08, 2018"
GSE93284,"Alterations in bronchial airway microRNA expression for lung cancer detection","Non-coding RNA profiling by high throughput sequencing","Homo sapiens",347,,"CSV;SRA Run Selector","ftp://ftp.ncbi.nlm.nih.gov/geo/series/GSE93nnn/GSE93284/suppl;https://www.ncbi.nlm.nih.gov/Traces/study/?acc=PRJNA360465",28877936,SRP096212,"Avrum Spira","Mar 08, 2018"
GSE97020,"Loss of Asxl2 leads to myeloid malignancies in mice. [ChIP-Seq]","Genome binding/occupancy profiling by high throughput sequencing","Mus musculus",8,,"BED;WIG;SRA Run Selector","ftp://ftp.ncbi.nlm.nih.gov/geo/series/GSE97nnn/GSE97020/suppl;https://www.ncbi.nlm.nih.gov/Traces/study/?acc=PRJNA380412",28593990,SRP102447,"yanling sun","Mar 08, 2018"
GSE97021,"Loss of Asxl2 leads to myeloid malignancies in mice. [RNA-Seq]","Expression profiling by high throughput sequencing","Mus musculus",6,,"DIFF;FPKM_TRACKING;SRA Run Selector","ftp://ftp.ncbi.nlm.nih.gov/geo/series/GSE97nnn/GSE97021/suppl;https://www.ncbi.nlm.nih.gov/Traces/study/?acc=PRJNA380411",28593990,SRP102448,"yanling sun","Mar 08, 2018"
GSE97022,"Loss of Asxl2 leads to myeloid malignancies in mice.","Expression profiling by high throughput sequencing;Genome binding/occupancy profiling by high throughput sequencing","Mus musculus",14,,"BED;FPKM_TRACKING;WIG","ftp://ftp.ncbi.nlm.nih.gov/geo/series/GSE97nnn/GSE97022/suppl",28593990,,"yanling sun","Mar 08, 2018"
GSE97623,"Transcriptome analysis of hypothalamuses from prepubertal and pubertal rats","Expression profiling by high throughput sequencing;Non-coding RNA profiling by high throughput sequencing","Rattus norvegicus",2,,"TXT;SRA Run Selector","ftp://ftp.ncbi.nlm.nih.gov/geo/series/GSE97nnn/GSE97623/suppl;https://www.ncbi.nlm.nih.gov/Traces/study/?acc=PRJNA382483",,SRP103792,"Fugui Fang","Mar 08, 2018"
GSE98010,"SPOP mutation confers intrinsic BET inhibitor resistance in prostate cancer (BRDs_OE_RNA-seq)","Expression profiling by high throughput sequencing","Homo sapiens",4,,"TXT;SRA Run Selector","ftp://ftp.ncbi.nlm.nih.gov/geo/series/GSE98nnn/GSE98010/suppl;https://www.ncbi.nlm.nih.gov/Traces/study/?acc=PRJNA383658",28805822,SRP104393,"LIGUO WANG","Mar 08, 2018"
GSE98289,"  Post-transcriptional remodelling is temporally deregulated during motor neurogenesis in human ALS models","Expression profiling by high throughput sequencing","Homo sapiens",11,,"TXT;SRA Run Selector","ftp://ftp.ncbi.nlm.nih.gov/geo/series/GSE98nnn/GSE98289/suppl;https://www.ncbi.nlm.nih.gov/Traces/study/?acc=PRJNA384598",28564594;29789581,SRP105348,"Raphaelle Luisier","Mar 08, 2018"
GSE98470,"Lung gene expression after long-term styrene inhalation in three strains of C57BL/6 mice, and CD-1 mice","Expression profiling by array","Mus musculus",154,,"CEL","ftp://ftp.ncbi.nlm.nih.gov/geo/series/GSE98nnn/GSE98470/suppl",28951217,,"Michael B. Black","Mar 08, 2018"
GSE98810,"Gene expression profile in endotoxin stimulated murine primary macrophages","Expression profiling by high throughput sequencing","Mus musculus",6,,"TXT;SRA Run Selector","ftp://ftp.ncbi.nlm.nih.gov/geo/series/GSE98nnn/GSE98810/suppl;https://www.ncbi.nlm.nih.gov/Traces/study/?acc=PRJNA386292",28892097,SRP106877,"Gary H Perdew","Mar 08, 2018"
GSE99352,"Lower motor neuron transcriptomic analysis of a TDP-43 Q331K knock-in mouse","Expression profiling by high throughput sequencing","Mus musculus",12,,"TXT;SRA Run Selector","ftp://ftp.ncbi.nlm.nih.gov/geo/series/GSE99nnn/GSE99352/suppl;https://www.ncbi.nlm.nih.gov/Traces/study/?acc=PRJNA388189",,SRP108126,"Felix Krueger","Mar 08, 2018"
GSE99353,"Frontal cortex transcriptomic analysis of a TDP-43 Q331K knock-in mouse [5month]","Expression profiling by high throughput sequencing","Mus musculus",20,,"TXT;SRA Run Selector","ftp://ftp.ncbi.nlm.nih.gov/geo/series/GSE99nnn/GSE99353/suppl;https://www.ncbi.nlm.nih.gov/Traces/study/?acc=PRJNA388188",,SRP108127,"Felix Krueger","Mar 08, 2018"
GSE99354,"Lower motor neuron and Frontal cortex transcriptomic analysis of a TDP-43 Q331K knock-in mouse","Expression profiling by high throughput sequencing","Mus musculus",60,,,,,,"Felix Krueger","Mar 08, 2018"
GSE100046,"Activity-dependent neuronal Klotho enhances astrocytic aerobic glycolysis","Expression profiling by array","Mus musculus",16,,"TXT","ftp://ftp.ncbi.nlm.nih.gov/geo/series/GSE100nnn/GSE100046/suppl",29493420,,"Kevin G Becker","Mar 08, 2018"
GSE100469,"4sU-seq of HFF exposed to salt and heat stress","Expression profiling by high throughput sequencing","Homo sapiens",12,,"TXT;SRA Run Selector","ftp://ftp.ncbi.nlm.nih.gov/geo/series/GSE100nnn/GSE100469/suppl;https://www.ncbi.nlm.nih.gov/Traces/study/?acc=PRJNA391913",29579120,SRP110507,"Caroline Friedel","Mar 08, 2018"
GSE100576,"Subcellular RNA fractions of HSV-1 infected primary human fibroblasts","Expression profiling by high throughput sequencing","Homo sapiens",16,,"TXT;SRA Run Selector","ftp://ftp.ncbi.nlm.nih.gov/geo/series/GSE100nnn/GSE100576/suppl;https://www.ncbi.nlm.nih.gov/Traces/study/?acc=PRJNA392164",29579120,SRP110623,"Caroline Friedel","Mar 08, 2018"
GSE100611,"ATAC-seq on HSV-1 infected primary human fibroblasts (time course)","Genome binding/occupancy profiling by high throughput sequencing","Homo sapiens",12,,"BED;SRA Run Selector","ftp://ftp.ncbi.nlm.nih.gov/geo/series/GSE100nnn/GSE100611/suppl;https://www.ncbi.nlm.nih.gov/Traces/study/?acc=PRJNA392299",29579120,SRP110695,"Caroline Friedel","Mar 08, 2018"
GSE100703,"Adenylosuccinate lyase (ADSL) enhances endometrial cancer aggressiveness via increasing killer cell lectin like receptor C3 expression by fumarate","Expression profiling by array","Homo sapiens",4,,"TXT","ftp://ftp.ncbi.nlm.nih.gov/geo/series/GSE100nnn/GSE100703/suppl",29467457,,"Daisuke Okuzaki","Mar 08, 2018"
GSE101101,"Gene expression response to simulated gravity and hypergravity in human T cells","Expression profiling by array","Homo sapiens",24,,"CEL;CHP","ftp://ftp.ncbi.nlm.nih.gov/geo/series/GSE101nnn/GSE101101/suppl",28868355,,"Cora S. Thiel","Mar 08, 2018"
GSE101731,"ATAC-seq of HFF exposed to salt and heat stress","Genome binding/occupancy profiling by high throughput sequencing","Homo sapiens",12,,"BED;SRA Run Selector","ftp://ftp.ncbi.nlm.nih.gov/geo/series/GSE101nnn/GSE101731/suppl;https://www.ncbi.nlm.nih.gov/Traces/study/?acc=PRJNA395312",29579120,SRP113284,"Caroline Friedel","Mar 08, 2018"
GSE103048,"Identification of ZEB2 binding sites in Hepatocellular Carcinoma Cell Line SNU398","Genome binding/occupancy profiling by high throughput sequencing","Homo sapiens",2,,"BW;SRA Run Selector","ftp://ftp.ncbi.nlm.nih.gov/geo/series/GSE103nnn/GSE103048/suppl;https://www.ncbi.nlm.nih.gov/Traces/study/?acc=PRJNA400050",29516288,SRP116108,"Tamer Yagci","Mar 08, 2018"
GSE103660,"Neural Lineage Progression Controlled by a Temporal Proliferation Program","Expression profiling by high throughput sequencing","Drosophila melanogaster",8,,"XLSX;SRA Run Selector","ftp://ftp.ncbi.nlm.nih.gov/geo/series/GSE103nnn/GSE103660/suppl;https://www.ncbi.nlm.nih.gov/Traces/study/?acc=PRJNA403855",29112852,SRP117179,"shahrzad Bahrampour","Mar 08, 2018"
GSE104398,"Regulatory integration of Hox factor action with Tbox factors in limb development","Genome binding/occupancy profiling by high throughput sequencing","Mus musculus",3,,"BIGWIG;TXT;SRA Run Selector","ftp://ftp.ncbi.nlm.nih.gov/geo/series/GSE104nnn/GSE104398/suppl;https://www.ncbi.nlm.nih.gov/Traces/study/?acc=PRJNA412532",29490982,SRP119085,"Amandine Bemmo","Mar 08, 2018"
GSE104742,"Gene expressions of human macrophages and oligodendrocytes","Expression profiling by array","Homo sapiens",2,,"TXT","ftp://ftp.ncbi.nlm.nih.gov/geo/series/GSE104nnn/GSE104742/suppl",29559295,,"Yoshihiro Komohara","Mar 08, 2018"
GSE106538,"Genome-wide sequencing and comparative profiling of cattle sperm DNA methylome","Methylation profiling by high throughput sequencing","Bos taurus",10,,"BED;SRA Run Selector","ftp://ftp.ncbi.nlm.nih.gov/geo/series/GSE106nnn/GSE106538/suppl;https://www.ncbi.nlm.nih.gov/Traces/study/?acc=PRJNA417285",,SRP124288,"Yang Zhou","Mar 08, 2018"
GSE108659,"Analysis of differential gene expression during Bacillus subtilis spore outgrowth","Expression profiling by high throughput sequencing","Bacillus amyloliquefaciens;Bacillus subtilis",112,,"GFF;RPKM;SRA Run Selector","ftp://ftp.ncbi.nlm.nih.gov/geo/series/GSE108nnn/GSE108659/suppl;https://www.ncbi.nlm.nih.gov/Traces/study/?acc=PRJNA428231",26679589,SRP127808,"Anne de Jong","Mar 08, 2018"
GSE109233,"No-glucose, hypoxic or ischemic (ODG) treatment of pericytes","Expression profiling by array","Homo sapiens",28,,"TXT","ftp://ftp.ncbi.nlm.nih.gov/geo/series/GSE109nnn/GSE109233/suppl",29518129,,"Robert Carlsson","Mar 08, 2018"
GSE110296,"Minoxidil alters extracellular matrix gene expression, improving vascular compliance and organ perfusion in a model of chronic vascular stiffness","Expression profiling by high throughput sequencing","Mus musculus",12,,"TXT;SRA Run Selector","ftp://ftp.ncbi.nlm.nih.gov/geo/series/GSE110nnn/GSE110296/suppl;https://www.ncbi.nlm.nih.gov/Traces/study/?acc=PRJNA433398",29498532,SRP132397,"Beth Kozel","Mar 08, 2018"
GSE110508,"Multisystems analysis of Mycobacterium tuberculosis reveals kinase-dependent remodeling of the pathogen-environment interface","Expression profiling by high throughput sequencing","Mycobacterium tuberculosis H37Rv",88,,"TXT;SRA Run Selector","ftp://ftp.ncbi.nlm.nih.gov/geo/series/GSE110nnn/GSE110508/suppl;https://www.ncbi.nlm.nih.gov/Traces/study/?acc=PRJNA433880",29511081,SRP132734,"Robert Husson","Mar 08, 2018"
GSE111200,"Integrated genetic and epigenetic analysis of myxofibrosarcoma","Methylation profiling by array","Homo sapiens",41,,"CSV;TXT","ftp://ftp.ncbi.nlm.nih.gov/geo/series/GSE111nnn/GSE111200/suppl",,,"Koichi Ogura","Mar 08, 2018"
GSE111512,"Indole-3-carboxaldehyde (ICA) mitigates morbidity and mortality in a mouse model of Graft-versus-Host-Disease","Expression profiling by array","Mus musculus",18,,"CEL","ftp://ftp.ncbi.nlm.nih.gov/geo/series/GSE111nnn/GSE111512/suppl",,,"Daniel Kalman","Mar 08, 2018"
GSE111519,"Expression data from renal collecting duct epithelial cell line","Expression profiling by array","Homo sapiens;Mus musculus",4,,"CEL;CHP","ftp://ftp.ncbi.nlm.nih.gov/geo/series/GSE111nnn/GSE111519/suppl",,,"Guanqing Wu","Mar 08, 2018"
GSE111538,"RNA-seq data of adipocytes co-cocultured with OVCAR5 in Boyden chamber (4d)","Expression profiling by high throughput sequencing","Homo sapiens",6,,"XLSX;SRA Run Selector","ftp://ftp.ncbi.nlm.nih.gov/geo/series/GSE111nnn/GSE111538/suppl;https://www.ncbi.nlm.nih.gov/Traces/study/?acc=PRJNA437317",29759990,SRP134119,"Kenneth Nephew","Mar 08, 2018"
GSE111544,"Whole human genome expression analysis on left ventricular free wall heart tissue samples (Dilated Cardiomyopathy)","Expression profiling by array","Homo sapiens",14,,"TXT","ftp://ftp.ncbi.nlm.nih.gov/geo/series/GSE111nnn/GSE111544/suppl",,,"Christophe Chevillard","Mar 08, 2018"
GSE111569,"Etv5 ChIP-seq in AT2 cells","Genome binding/occupancy profiling by high throughput sequencing","Mus musculus",3,,"TXT;SRA Run Selector","ftp://ftp.ncbi.nlm.nih.gov/geo/series/GSE111nnn/GSE111569/suppl;https://www.ncbi.nlm.nih.gov/Traces/study/?acc=PRJNA437446",28351980,SRP134181,"Rohit Reja","Mar 08, 2018"
GSE111581,"Molecular signatures of maturing dendritic cells: implications for testing the quality dendritic cell therapies","Expression profiling by array","Homo sapiens",24,,"GPR","ftp://ftp.ncbi.nlm.nih.gov/geo/series/GSE111nnn/GSE111581/suppl",20078880,,"PING JIN","Mar 08, 2018"
GSE68419,"Global transcriptomic analysis of colons of wild type and NLRX1-/- mice with IBD","Expression profiling by high throughput sequencing","Mus musculus",12,,"TXT;SRA Run Selector","ftp://ftp.ncbi.nlm.nih.gov/geo/series/GSE68nnn/GSE68419/suppl;https://www.ncbi.nlm.nih.gov/Traces/study/?acc=PRJNA282684",,SRP057815,"Monica Viladomiu","Mar 07, 2018"
GSE70736,"NCoR/SMRT co-repressors cooperate with c-MYC to create an epigenetic barrier to somatic cell reprogramming [ChIP-Seq]","Genome binding/occupancy profiling by high throughput sequencing","Mus musculus",13,,"BED;BW;SRA Run Selector","ftp://ftp.ncbi.nlm.nih.gov/geo/series/GSE70nnn/GSE70736/suppl;https://www.ncbi.nlm.nih.gov/Traces/study/?acc=PRJNA289461",29531310,SRP060656,"Andrew Paul Hutchins","Mar 07, 2018"
GSE70738,"NCoR/SMRT co-repressors cooperate with c-MYC to create an epigenetic barrier to somatic cell reprogramming [RNA-seq]","Expression profiling by high throughput sequencing","Mus musculus",12,,"TXT;SRA Run Selector","ftp://ftp.ncbi.nlm.nih.gov/geo/series/GSE70nnn/GSE70738/suppl;https://www.ncbi.nlm.nih.gov/Traces/study/?acc=PRJNA289463",29531310,SRP060657,"Andrew Paul Hutchins","Mar 07, 2018"
GSE70740,"NCoR/SMRT co-repressors cooperate with c-MYC to create an epigenetic barrier to somatic cell reprogramming","Expression profiling by high throughput sequencing;Genome binding/occupancy profiling by high throughput sequencing","Mus musculus",25,,"BED;BW","ftp://ftp.ncbi.nlm.nih.gov/geo/series/GSE70nnn/GSE70740/suppl",29531310,,"Andrew Paul Hutchins","Mar 07, 2018"
GSE76957,"Epigenetic reprogramming enables the primordial germ cell-to-gonocyte transition (AbaSeq)","Methylation profiling by high throughput sequencing","Mus musculus",8,,"BED;SRA Run Selector","ftp://ftp.ncbi.nlm.nih.gov/geo/series/GSE76nnn/GSE76957/suppl;https://www.ncbi.nlm.nih.gov/Traces/study/?acc=PRJNA309147",29513657,SRP068573,"Peter Hill","Mar 07, 2018"
GSE76958,"Epigenetic reprogramming enables the primordial germ cell-to-gonocyte transition (RNA-Seq)","Expression profiling by high throughput sequencing","Mus musculus",22,,"TXT;SRA Run Selector","ftp://ftp.ncbi.nlm.nih.gov/geo/series/GSE76nnn/GSE76958/suppl;https://www.ncbi.nlm.nih.gov/Traces/study/?acc=PRJNA309146",29513657,SRP068574,"Peter Hill","Mar 07, 2018"
GSE76962,"Epigenetic reprogramming enables the primordial germ cell-to-gonocyte transition (RRBS)","Methylation profiling by high throughput sequencing","Mus musculus",18,,"TXT;SRA Run Selector","ftp://ftp.ncbi.nlm.nih.gov/geo/series/GSE76nnn/GSE76962/suppl;https://www.ncbi.nlm.nih.gov/Traces/study/?acc=PRJNA309152",29513657,SRP068576,"Peter Hill","Mar 07, 2018"
GSE76971,"Epigenetic reprogramming enables the primordial germ cell-to-gonocyte transition (WGBS)","Methylation profiling by high throughput sequencing","Mus musculus",7,,"BED;SRA Run Selector","ftp://ftp.ncbi.nlm.nih.gov/geo/series/GSE76nnn/GSE76971/suppl;https://www.ncbi.nlm.nih.gov/Traces/study/?acc=PRJNA309357",29513657,SRP068730,"Peter Hill","Mar 07, 2018"
GSE76973,"Epigenetic reprogramming enables the primordial germ cell-to-gonocyte transition","Methylation profiling by high throughput sequencing;Expression profiling by high throughput sequencing","Mus musculus",69,,"TXT","ftp://ftp.ncbi.nlm.nih.gov/geo/series/GSE76nnn/GSE76973/suppl",29513657,,"Peter Hill","Mar 07, 2018"
GSE77879,"Genetic Tagging During Human Mesoderm Differentiation Reveals Tripotent Lateral Plate Mesodermal Progenitors","Expression profiling by high throughput sequencing","Homo sapiens",6,,"TXT;SRA Run Selector","ftp://ftp.ncbi.nlm.nih.gov/geo/series/GSE77nnn/GSE77879/suppl;https://www.ncbi.nlm.nih.gov/Traces/study/?acc=PRJNA311938",29307583,SRP070059,"Gay Miriam Crooks","Mar 07, 2018"
GSE78147,"Next Generation Sequencing Facilitates Quantitative Analysis of Wild Type Young and Old muscle Transcriptomes","Expression profiling by high throughput sequencing","Mus musculus",4,,"TXT;SRA Run Selector","ftp://ftp.ncbi.nlm.nih.gov/geo/series/GSE78nnn/GSE78147/suppl;https://www.ncbi.nlm.nih.gov/Traces/study/?acc=PRJNA312777",,SRP070644,"Jie Yin","Mar 07, 2018"
GSE80741,"Identification and characterization of androgen receptor splice variants preferred bindings that drive prostate cancer progression [RNA-seq]","Expression profiling by high throughput sequencing","Homo sapiens",4,,"TXT;SRA Run Selector","ftp://ftp.ncbi.nlm.nih.gov/geo/series/GSE80nnn/GSE80741/suppl;https://www.ncbi.nlm.nih.gov/Traces/study/?acc=PRJNA319902",29309643,SRP074099,"Zhenqing Ye","Mar 07, 2018"
GSE80742,"Identification and characterization of androgen receptor splice variants preferred bindings that drive prostate cancer progression [ChIP-seq]","Genome binding/occupancy profiling by high throughput sequencing","Homo sapiens",25,,"BW;SRA Run Selector","ftp://ftp.ncbi.nlm.nih.gov/geo/series/GSE80nnn/GSE80742/suppl;https://www.ncbi.nlm.nih.gov/Traces/study/?acc=PRJNA319901",29309643,SRP074100,"Zhenqing Ye","Mar 07, 2018"
GSE80743,"Identification and characterization of androgen receptor splice variants preferred bindings that drive prostate cancer progression","Expression profiling by high throughput sequencing;Genome binding/occupancy profiling by high throughput sequencing","Homo sapiens",29,,"BW;TXT","ftp://ftp.ncbi.nlm.nih.gov/geo/series/GSE80nnn/GSE80743/suppl",29309643,,"Zhenqing Ye","Mar 07, 2018"
GSE83443,"Pericyte-like cells generated from human pluripotent stem cells support hematopoietic stem and progenitors ex vivo","Expression profiling by high throughput sequencing","Homo sapiens",13,,"TXT;SRA Run Selector","ftp://ftp.ncbi.nlm.nih.gov/geo/series/GSE83nnn/GSE83443/suppl;https://www.ncbi.nlm.nih.gov/Traces/study/?acc=PRJNA325942",29307583,SRP076677,"Gay Miriam Crooks","Mar 07, 2018"
GSE84618,"Dysregulation of the epigenetic landscape of normal aging in Alzheimer's disease [ChIP-Seq]","Genome binding/occupancy profiling by high throughput sequencing","Homo sapiens",62,,"BED;BW;SRA Run Selector","ftp://ftp.ncbi.nlm.nih.gov/geo/series/GSE84nnn/GSE84618/suppl;https://www.ncbi.nlm.nih.gov/Traces/study/?acc=PRJNA330668",29507413,SRP078988,"Gregory Donahue","Mar 07, 2018"
GSE89010,"Increased H3K9 methylation and impaired expression of Protocadherins are associated with the cognitive dysfunctions of the Kleefstra syndrome","Expression profiling by high throughput sequencing;Genome binding/occupancy profiling by high throughput sequencing;Methylation profiling by high throughput sequencing","Mus musculus",200,,"BED;XLS;XLSX;SRA Run Selector","ftp://ftp.ncbi.nlm.nih.gov/geo/series/GSE89nnn/GSE89010/suppl;https://www.ncbi.nlm.nih.gov/Traces/study/?acc=PRJNA350166",29554304,SRP091938,"giovanni iacono","Mar 07, 2018"
GSE93993,"Assay for Transposase-Accessible Chromatin of ATRA treated and wild type HL-60 cell line [ATAC-seq]","Other","Homo sapiens",4,,"BED;SRA Run Selector","ftp://ftp.ncbi.nlm.nih.gov/geo/series/GSE93nnn/GSE93993/suppl;https://www.ncbi.nlm.nih.gov/Traces/study/?acc=PRJNA363023",29422670,SRP097669,"Yanjian Li","Mar 07, 2018"
GSE93994,"Genome-wide maps of chromatin state ATRA treated and control HL-60 cells [ChIP-seq]","Genome binding/occupancy profiling by high throughput sequencing","Homo sapiens",8,,"BROADPEAK;SRA Run Selector","ftp://ftp.ncbi.nlm.nih.gov/geo/series/GSE93nnn/GSE93994/suppl;https://www.ncbi.nlm.nih.gov/Traces/study/?acc=PRJNA363022",29422670,SRP097670,"Yanjian Li","Mar 07, 2018"
GSE93995,"Genome-wide Studies of Chromatin Structure during Blood Cell Differentiation [HiC-seq]","Other","Homo sapiens",4,,"TXT;SRA Run Selector","ftp://ftp.ncbi.nlm.nih.gov/geo/series/GSE93nnn/GSE93995/suppl;https://www.ncbi.nlm.nih.gov/Traces/study/?acc=PRJNA363021",29422670,SRP097672,"Yanjian Li","Mar 07, 2018"
GSE93996,"Differential Gene Expression between ATRA treated and control HL-60 Cells [RNA-seq]","Expression profiling by high throughput sequencing","Homo sapiens",4,,"XLSX;SRA Run Selector","ftp://ftp.ncbi.nlm.nih.gov/geo/series/GSE93nnn/GSE93996/suppl;https://www.ncbi.nlm.nih.gov/Traces/study/?acc=PRJNA363025",29422670,SRP097671,"Yanjian Li","Mar 07, 2018"
GSE93997,"Chromatin structure alteration regulates key transcription factor expression during blood cell differentiation","Genome binding/occupancy profiling by high throughput sequencing;Expression profiling by high throughput sequencing;Other","Homo sapiens",20,,"BED;BROADPEAK;TXT","ftp://ftp.ncbi.nlm.nih.gov/geo/series/GSE93nnn/GSE93997/suppl",29422670,,"Yanjian Li","Mar 07, 2018"
GSE96890,"Comparative RNAseq analysis of C. perfringens strain JIR325 grown in vivo and in vitro.","Expression profiling by high throughput sequencing","Clostridium perfringens",9,,"CSV;SRA Run Selector","ftp://ftp.ncbi.nlm.nih.gov/geo/series/GSE96nnn/GSE96890/suppl;https://www.ncbi.nlm.nih.gov/Traces/study/?acc=PRJNA380004",29588405,SRP102262,"Julian Rood","Mar 07, 2018"
GSE98224,"Placental methylation arrays for the assessment of epigenetic regulation in transcriptional subtypes of human preeclampsia","Expression profiling by array;Methylation profiling by genome tiling array","Homo sapiens",96,,"CEL;CSV;IDAT;TXT","ftp://ftp.ncbi.nlm.nih.gov/geo/series/GSE98nnn/GSE98224/suppl",29507646;29092053,,"Brian Cox","Mar 07, 2018"
GSE98878,"Epitope mapping of human Fabs directed against 4CmenB protein components by protein microarray","Protein profiling by protein array","Homo sapiens;Neisseria meningitidis",37,,"TXT","ftp://ftp.ncbi.nlm.nih.gov/geo/series/GSE98nnn/GSE98878/suppl",29487324,,"Erika Bartolini","Mar 07, 2018"
GSE98879,"Epitope mapping of 5 monoclonal antibodies directed against meningococcal factor H binding protein by peptide microarray","Protein profiling by protein array","Homo sapiens;Neisseria meningitidis serogroup B",5,,"TXT","ftp://ftp.ncbi.nlm.nih.gov/geo/series/GSE98nnn/GSE98879/suppl",29487324,,"Erika Bartolini","Mar 07, 2018"
GSE98881,"Epitope mapping of 11 monoclonal antibodies directed against Neisserial adesin A by peptide microarray","Protein profiling by protein array","Homo sapiens;Neisseria meningitidis serogroup B",11,,"TXT","ftp://ftp.ncbi.nlm.nih.gov/geo/series/GSE98nnn/GSE98881/suppl",29487324,,"Erika Bartolini","Mar 07, 2018"
GSE98882,"Epitope mapping of 4 monoclonal antibodies directed against Neisserial Heparin Binding Antigen by peptide microarray","Protein profiling by protein array","Homo sapiens;Neisseria meningitidis serogroup B",4,,"TXT","ftp://ftp.ncbi.nlm.nih.gov/geo/series/GSE98nnn/GSE98882/suppl",29487324,,"Erika Bartolini","Mar 07, 2018"
GSE98883,"Epitope mapping of human antibodies directed against 4CmenB protein components","Protein profiling by protein array","Homo sapiens;Neisseria meningitidis;Neisseria meningitidis serogroup B",57,,"TXT","ftp://ftp.ncbi.nlm.nih.gov/geo/series/GSE98nnn/GSE98883/suppl",29487324,,"Erika Bartolini","Mar 07, 2018"
GSE99012,"Molecular and Pathological Interactions among Aβ42, Tau, TREM2, and TYROBP in Drosophila Models","Expression profiling by high throughput sequencing","Drosophila melanogaster",35,,"TSV;SRA Run Selector","ftp://ftp.ncbi.nlm.nih.gov/geo/series/GSE99nnn/GSE99012/suppl;https://www.ncbi.nlm.nih.gov/Traces/study/?acc=PRJNA386996",29598827,SRP107195,"Minghui Wang","Mar 07, 2018"
GSE100371,"mRNA-seq of Arabidopsis mutants of UPR modulators responding to UPR inducers","Expression profiling by high throughput sequencing","Arabidopsis thaliana",36,,"TXT;SRA Run Selector","ftp://ftp.ncbi.nlm.nih.gov/geo/series/GSE100nnn/GSE100371/suppl;https://www.ncbi.nlm.nih.gov/Traces/study/?acc=PRJNA391475",29367234,SRP110167,"June-Sik Kim","Mar 07, 2018"
GSE100649,"Identification and characterization of microRNAs in the intestinal tissues of sheep (Ovis aries)","Non-coding RNA profiling by high throughput sequencing","Ovis aries",3,,"TXT;SRA Run Selector","ftp://ftp.ncbi.nlm.nih.gov/geo/series/GSE100nnn/GSE100649/suppl;https://www.ncbi.nlm.nih.gov/Traces/study/?acc=PRJNA392421",29489866,SRP110753,"Chao Tianle","Mar 07, 2018"
GSE100927,"Atherosclerotic and control peripheral artery gene expression","Expression profiling by array","Homo sapiens",104,,"TXT","ftp://ftp.ncbi.nlm.nih.gov/geo/series/GSE100nnn/GSE100927/suppl",29500419,,"Marja Steenman","Mar 07, 2018"
GSE101534,"Genome-wide expression profiling of the LRRK2-G2019S mutation in hNES cells","Expression profiling by array","Homo sapiens",51,,"CEL","ftp://ftp.ncbi.nlm.nih.gov/geo/series/GSE101nnn/GSE101534/suppl",30643711;28988985,,"Enrico Glaab","Mar 07, 2018"
GSE101769,"Epigenetic reprogramming enables the primordial germ cell-to-gonocyte transition (RNA-Seq)","Expression profiling by high throughput sequencing","Mus musculus",14,,"TXT;SRA Run Selector","ftp://ftp.ncbi.nlm.nih.gov/geo/series/GSE101nnn/GSE101769/suppl;https://www.ncbi.nlm.nih.gov/Traces/study/?acc=PRJNA395388",29513657,SRP113336,"Peter Hill","Mar 07, 2018"
GSE102027,"Gene expression profiles from islets of a β-cell-specific CB1-knockout mice","Expression profiling by array","Mus musculus",8,,"TXT","ftp://ftp.ncbi.nlm.nih.gov/geo/series/GSE102nnn/GSE102027/suppl",29497784,,"Kevin G Becker","Mar 07, 2018"
GSE102339,"Global changes of H3K27me3 domains and PcG protein distribution in the absence of the PcG recruiters Spps or Pho","Expression profiling by high throughput sequencing;Genome binding/occupancy profiling by high throughput sequencing","Drosophila melanogaster",50,,"TXT;SRA Run Selector","ftp://ftp.ncbi.nlm.nih.gov/geo/series/GSE102nnn/GSE102339/suppl;https://www.ncbi.nlm.nih.gov/Traces/study/?acc=PRJNA397448",29432187,SRP114984,"Mingan Sun","Mar 07, 2018"
GSE102493,"VIRMA mediates preferential m6A mRNA methylation in 3'UTR and near stop codon and associates with alternative polyadenylation","Other","Homo sapiens",60,,"NARROWPEAK;SRA Run Selector","ftp://ftp.ncbi.nlm.nih.gov/geo/series/GSE102nnn/GSE102493/suppl;https://www.ncbi.nlm.nih.gov/Traces/study/?acc=PRJNA397879",29507755,SRP115202,"Xiaolong Cui","Mar 07, 2018"
GSE102733,"NEUROG1 regulates CKD2 expression to promote proliferation","Genome binding/occupancy profiling by high throughput sequencing","Mus musculus",4,,"BEDGRAPH;SRA Run Selector","ftp://ftp.ncbi.nlm.nih.gov/geo/series/GSE102nnn/GSE102733/suppl;https://www.ncbi.nlm.nih.gov/Traces/study/?acc=PRJNA398512",29033307,SRP115561,"Kelvin. Y. Kwan","Mar 07, 2018"
GSE103053,"Long-Range Enhancer Interactions Are Prevalent in Mouse Embryonic Stem Cells and Are Reorganized upon Pluripotent State Transition","Genome binding/occupancy profiling by high throughput sequencing;Expression profiling by high throughput sequencing","Mus musculus",26,,"TXT;XLSX;SRA Run Selector","ftp://ftp.ncbi.nlm.nih.gov/geo/series/GSE103nnn/GSE103053/suppl;https://www.ncbi.nlm.nih.gov/Traces/study/?acc=PRJNA400069",29514091,SRP116119,"Steven William Wingett","Mar 07, 2018"
GSE103094,"Whole blood gene expression after stimulation with TLR2 ligands (chitin oligomers, Pam2, Pam3) and the TLR4-ligand LPS","Expression profiling by array","Homo sapiens",23,,"IDAT;TXT","ftp://ftp.ncbi.nlm.nih.gov/geo/series/GSE103nnn/GSE103094/suppl",,,"Alexander NR Weber","Mar 07, 2018"
GSE103188,"Expression of circular RNA in tuberculosis patient and healthy control","Non-coding RNA profiling by array","Homo sapiens",4,,"CSV;XLSX","ftp://ftp.ncbi.nlm.nih.gov/geo/series/GSE103nnn/GSE103188/suppl",29248507,,"Musheng Li","Mar 07, 2018"
GSE104704,"Dysregulation of the epigenetic landscape of normal aging in Alzheimer's disease [RNA-Seq]","Expression profiling by high throughput sequencing","Homo sapiens",30,,"TXT;SRA Run Selector","ftp://ftp.ncbi.nlm.nih.gov/geo/series/GSE104nnn/GSE104704/suppl;https://www.ncbi.nlm.nih.gov/Traces/study/?acc=PRJNA413568",29507413,SRP119561,"Gregory Donahue","Mar 07, 2018"
GSE104705,"Dysregulation of the epigenetic landscape of normal aging in Alzheimer's disease","Expression profiling by high throughput sequencing;Genome binding/occupancy profiling by high throughput sequencing","Homo sapiens",92,,,,29507413,,"Gregory Donahue","Mar 07, 2018"
GSE104775,"TREM2 Gene Dosage Increase Reprograms Microglia Responsivity and Ameliorates Pathological Phenotypes in Alzheimer’s Disease Models","Expression profiling by high throughput sequencing","Mus musculus",72,,"TXT;SRA Run Selector","ftp://ftp.ncbi.nlm.nih.gov/geo/series/GSE104nnn/GSE104775/suppl;https://www.ncbi.nlm.nih.gov/Traces/study/?acc=PRJNA413798",29518357,SRP119675,"Giovanni Coppola","Mar 07, 2018"
GSE104971,"Staphylococcus aureus bona fide sRNAs in the model strain HG003","Non-coding RNA profiling by high throughput sequencing","Staphylococcus aureus",1,,"GFF;SRA Run Selector","ftp://ftp.ncbi.nlm.nih.gov/geo/series/GSE104nnn/GSE104971/suppl;https://www.ncbi.nlm.nih.gov/Traces/study/?acc=PRJNA414251",29515534,SRP119942,"Tatiana Rochat","Mar 07, 2018"
GSE105161,"Glutaminolysis is a metabolic dependency in FLT3 ITD Acute Myeloid Leukemia unmasked by FLT3 Tyrosine Kinase Inhibition","Expression profiling by high throughput sequencing","Homo sapiens",12,,"BW;SRA Run Selector","ftp://ftp.ncbi.nlm.nih.gov/geo/series/GSE105nnn/GSE105161/suppl;https://www.ncbi.nlm.nih.gov/Traces/study/?acc=PRJNA414977",29463564,SRP120496,"Shabana Vohra","Mar 07, 2018"
GSE106657,"Simultaneous host-pathogen transcriptional analysis of Clostridium perfringens murine myonecrosis infections","Expression profiling by high throughput sequencing","Mus musculus",6,,"TXT;SRA Run Selector","ftp://ftp.ncbi.nlm.nih.gov/geo/series/GSE106nnn/GSE106657/suppl;https://www.ncbi.nlm.nih.gov/Traces/study/?acc=PRJNA417557",29588405,SRP124586,"Jamie Gearing","Mar 07, 2018"
GSE107273,"Role of CD133 molecule in WNT response and renal repair","Expression profiling by high throughput sequencing","Homo sapiens",6,,"TDF;SRA Run Selector","ftp://ftp.ncbi.nlm.nih.gov/geo/series/GSE107nnn/GSE107273/suppl;https://www.ncbi.nlm.nih.gov/Traces/study/?acc=PRJNA419533",29431914,SRP125487,"Danny Incarnato","Mar 07, 2018"
GSE107333,"Endogenous retrovirus-associated genes in a hypoxia-mimetic cobalt chloride neuroblastoma model","Expression profiling by array","Homo sapiens",6,,"CEL","ftp://ftp.ncbi.nlm.nih.gov/geo/series/GSE107nnn/GSE107333/suppl",29515560,,"Martin Sebastian Staege","Mar 07, 2018"
GSE107358,"Chromatin landscapes in mouse haploid stem cells [ChIP-seq]","Genome binding/occupancy profiling by high throughput sequencing","Mus musculus",4,,"BW;SRA Run Selector","ftp://ftp.ncbi.nlm.nih.gov/geo/series/GSE107nnn/GSE107358/suppl;https://www.ncbi.nlm.nih.gov/Traces/study/?acc=PRJNA419892",29396184,SRP125666,"Weisheng Zheng","Mar 07, 2018"
GSE107359,"Chromatin landscapes in mouse haploid stem cells [RRBS-seq]","Methylation profiling by high throughput sequencing","Mus musculus",2,,"TXT;SRA Run Selector","ftp://ftp.ncbi.nlm.nih.gov/geo/series/GSE107nnn/GSE107359/suppl;https://www.ncbi.nlm.nih.gov/Traces/study/?acc=PRJNA419891",29396184,SRP125667,"Weisheng Zheng","Mar 07, 2018"
GSE107360,"Chromatin landscapes in mouse haploid stem cells","Genome binding/occupancy profiling by high throughput sequencing;Methylation profiling by high throughput sequencing","Mus musculus",6,,"BW;TXT","ftp://ftp.ncbi.nlm.nih.gov/geo/series/GSE107nnn/GSE107360/suppl",29396184,,"Weisheng Zheng","Mar 07, 2018"
GSE107661,"SCO4117 ECF sigma factor pleiotropically controls secondary metabolism and morphogenesis in Streptomyces coelicolor","Expression profiling by high throughput sequencing","Streptomyces coelicolor",4,,"TXT;SRA Run Selector","ftp://ftp.ncbi.nlm.nih.gov/geo/series/GSE107nnn/GSE107661/suppl;https://www.ncbi.nlm.nih.gov/Traces/study/?acc=PRJNA420983",,SRP126082,"Paula Yagüe","Mar 07, 2018"
GSE108908,"Transcriptional profiling of Schneider cells to identify crc target genes after 3 hours expression","Expression profiling by array","Drosophila melanogaster",3,,"TXT","ftp://ftp.ncbi.nlm.nih.gov/geo/series/GSE108nnn/GSE108908/suppl",29609607,,"Stefan J Marciniak","Mar 07, 2018"
GSE108909,"Transcriptional profiling of Schneider cells to identify crc target genes after 6 hours expression","Expression profiling by array","Drosophila melanogaster",3,,"TXT","ftp://ftp.ncbi.nlm.nih.gov/geo/series/GSE108nnn/GSE108909/suppl",29609607,,"Stefan J Marciniak","Mar 07, 2018"
GSE108910,"Transcriptional profiling of Schneider cells to identify dGcn2 target genes after 6 hours expression","Expression profiling by array","Drosophila melanogaster",4,,"TXT","ftp://ftp.ncbi.nlm.nih.gov/geo/series/GSE108nnn/GSE108910/suppl",29609607,,"Stefan J Marciniak","Mar 07, 2018"
GSE108911,"Transcriptional profiling of Schneider cells to identify dGcn2 target genes after 12 hours expression","Expression profiling by array","Drosophila melanogaster",3,,"TXT","ftp://ftp.ncbi.nlm.nih.gov/geo/series/GSE108nnn/GSE108911/suppl",29609607,,"Stefan J Marciniak","Mar 07, 2018"
GSE109644,"Pathogen Trojan horse delivers bioactive host protein ZmMAC1 to alter maize (Zea mays) anther cell behavior in the male sterile mutant Zmmac1-1.","Expression profiling by high throughput sequencing","Zea mays",10,,"TXT;SRA Run Selector","ftp://ftp.ncbi.nlm.nih.gov/geo/series/GSE109nnn/GSE109644/suppl;https://www.ncbi.nlm.nih.gov/Traces/study/?acc=PRJNA431598",29449414,SRP131201,"Blake C. Meyers","Mar 07, 2018"
GSE109940,"BET bromodomain proteins regulate enhancer function during adipogenesis","Genome binding/occupancy profiling by high throughput sequencing","Mus musculus",9,,"WIG;SRA Run Selector","ftp://ftp.ncbi.nlm.nih.gov/geo/series/GSE109nnn/GSE109940/suppl;https://www.ncbi.nlm.nih.gov/Traces/study/?acc=PRJNA432392",29444854,SRP131890,"James Bradner","Mar 07, 2018"
GSE110141,"Gene expression signatures before or after transient middle cerebral artery oclussion (tMCAO) in ZEB1 transgenic and wild type mice","Expression profiling by array","Mus musculus",12,,"TXT","ftp://ftp.ncbi.nlm.nih.gov/geo/series/GSE110nnn/GSE110141/suppl",29590624,,"Junwei Hao","Mar 07, 2018"
GSE110598,"H3K27me3 ChIP-seq of naïve CD4 T cells","Expression profiling by high throughput sequencing;Genome binding/occupancy profiling by high throughput sequencing","Mus musculus",8,,"TXT;SRA Run Selector","ftp://ftp.ncbi.nlm.nih.gov/geo/series/GSE110nnn/GSE110598/suppl;https://www.ncbi.nlm.nih.gov/Traces/study/?acc=PRJNA434086",29523590,SRP132858,"Marc-Werner Dobenecker","Mar 07, 2018"
GSE111442,"Genome-wide epigenetic maps in the liver from male and female Wistar and Sprague-Daley rats","Methylation profiling by high throughput sequencing","Rattus norvegicus",48,,"WIG;SRA Run Selector","ftp://ftp.ncbi.nlm.nih.gov/geo/series/GSE111nnn/GSE111442/suppl;https://www.ncbi.nlm.nih.gov/Traces/study/?acc=PRJNA437063",29130343,SRP134003,"John Paterson Thomson","Mar 07, 2018"
GSE111444,"MiRNAs expression in supernatant after ultraviolet irradiation","Non-coding RNA profiling by array","Homo sapiens",3,,"TXT","ftp://ftp.ncbi.nlm.nih.gov/geo/series/GSE111nnn/GSE111444/suppl",,,"Ni Na","Mar 07, 2018"
GSE111450,"Expression data from murine colorectal tumours of control and IL-6Ralpha-deficient mice fed a high fat diet","Expression profiling by array","Mus musculus",6,,"CEL;XLSX","ftp://ftp.ncbi.nlm.nih.gov/geo/series/GSE111nnn/GSE111450/suppl",29695802,,"thomas wunderlich","Mar 07, 2018"
GSE111454,"RNA Sequencing facilitates the identification of transcriptional targets of Pitx1 in Xenopus laevis","Expression profiling by high throughput sequencing","Xenopus laevis",4,,"XLSX;SRA Run Selector","ftp://ftp.ncbi.nlm.nih.gov/geo/series/GSE111nnn/GSE111454/suppl;https://www.ncbi.nlm.nih.gov/Traces/study/?acc=PRJNA437084",29530451,SRP134011,"Ye Jin","Mar 07, 2018"
GSE111475,"Gene expression profiles of human memory B cells stimulated with BCR/CD40L/IFN-γ/IL21","Expression profiling by array","Homo sapiens",12,,"IDAT;TXT","ftp://ftp.ncbi.nlm.nih.gov/geo/series/GSE111nnn/GSE111475/suppl",,,"Kohta Miyawaki","Mar 07, 2018"
GSE111488,"Effects of a mixture of amino acids and other small molecules on the gene expression profile of HeLa cells","Expression profiling by array","Homo sapiens",12,,"IDAT","ftp://ftp.ncbi.nlm.nih.gov/geo/series/GSE111nnn/GSE111488/suppl",,,"Tamás Czömpöly","Mar 07, 2018"
GSE111491,"Prenatal selective serotonin reuptake inhibitor (SSRI) exposure induces working memory and social recognition deficits by disrupting inhibitory synaptic networks in male mice","Expression profiling by array","Mus musculus",4,,"CEL","ftp://ftp.ncbi.nlm.nih.gov/geo/series/GSE111nnn/GSE111491/suppl",,,"Taejoon Kwon","Mar 07, 2018"
GSE111493,"Expression alterations of miRNAs in SW620, HCT116, HUVEC cells exposed to 200 μg/mL PEP06 for 24 h relative to control cells without drugs.","Non-coding RNA profiling by array","Homo sapiens;Mus musculus;Rattus norvegicus",12,,"GPR","ftp://ftp.ncbi.nlm.nih.gov/geo/series/GSE111nnn/GSE111493/suppl",,,"SIMING YU","Mar 07, 2018"
GSE111496,"The effects of testosterone and lipopolysaccharide on gene expression in immortalized ocular surface and adnexal cells","Expression profiling by array","Homo sapiens",36,,"IDAT","ftp://ftp.ncbi.nlm.nih.gov/geo/series/GSE111nnn/GSE111496/suppl",29763693,,"David A. Sullivan","Mar 07, 2018"
GSE66632,"The regulartory role of ZCCHC24 in splicing machinery","Expression profiling by high throughput sequencing","Homo sapiens",6,,"XLSX;SRA Run Selector","ftp://ftp.ncbi.nlm.nih.gov/geo/series/GSE66nnn/GSE66632/suppl;https://www.ncbi.nlm.nih.gov/Traces/study/?acc=PRJNA277487",,SRP055929,"Yu-Ting Tseng","Mar 06, 2018"
GSE75404,"Genome-wide study of transcriptional profile of human cytotoxic CD4 T cells","Expression profiling by array","Homo sapiens",24,,"IDAT","ftp://ftp.ncbi.nlm.nih.gov/geo/series/GSE75nnn/GSE75404/suppl",29488879,,"Martin Bizet","Mar 06, 2018"
GSE75405,"Genome-wide study of methylation profile of human cytotoxic CD4 T cells","Methylation profiling by genome tiling array","Homo sapiens",24,,"IDAT","ftp://ftp.ncbi.nlm.nih.gov/geo/series/GSE75nnn/GSE75405/suppl",,,"Martin Bizet","Mar 06, 2018"
GSE75406,"Genome-wide study of transcriptional and methylation profile of human cytotoxic CD4 T cells","Expression profiling by array;Methylation profiling by genome tiling array","Homo sapiens",48,,"IDAT","ftp://ftp.ncbi.nlm.nih.gov/geo/series/GSE75nnn/GSE75406/suppl",,,"Martin Bizet","Mar 06, 2018"
GSE77101,"hnRNP R and its main interactor, the noncoding RNA 7SK, coregulate the axonal transcriptome of motoneurons","Expression profiling by high throughput sequencing;Other","Mus musculus",33,,"TXT;SRA Run Selector","ftp://ftp.ncbi.nlm.nih.gov/geo/series/GSE77nnn/GSE77101/suppl;https://www.ncbi.nlm.nih.gov/Traces/study/?acc=PRJNA309436",29507242,SRP068732,"Silke Appenzeller","Mar 06, 2018"
GSE78931,"Dual RNA-sequencing of host and pathogen during Plasmodium berghei infection of hepatocytes in vitro","Expression profiling by high throughput sequencing","Homo sapiens;Plasmodium berghei;mixed sample",18,,"XLSX;SRA Run Selector","ftp://ftp.ncbi.nlm.nih.gov/geo/series/GSE78nnn/GSE78931/suppl;https://www.ncbi.nlm.nih.gov/Traces/study/?acc=PRJNA314450",,SRP071199,"Elizabeth Winzeler","Mar 06, 2018"
GSE94111,"Rational targeting of RNA structure in SMN2 transcripts reverses Spinal Muscular Atrophy molecular phenotypes","Expression profiling by high throughput sequencing","Homo sapiens",8,,"GCT;SRA Run Selector","ftp://ftp.ncbi.nlm.nih.gov/geo/series/GSE94nnn/GSE94111/suppl;https://www.ncbi.nlm.nih.gov/Traces/study/?acc=PRJNA368964",29795225,SRP097892,"Roland Schmucki","Mar 06, 2018"
GSE97507,"Direct conversion of mouse fibroblasts into cholangiocyte progenitor cells","Expression profiling by high throughput sequencing","Mus musculus",7,,"TXT;SRA Run Selector","ftp://ftp.ncbi.nlm.nih.gov/geo/series/GSE97nnn/GSE97507/suppl;https://www.ncbi.nlm.nih.gov/Traces/study/?acc=PRJNA382180",29606616,SRP103750,"Kyungtae Lim","Mar 06, 2018"
GSE97592,"RNA sequencing of drh-3(rrr2) mutants","Expression profiling by high throughput sequencing","Caenorhabditis elegans",2,,"TXT;SRA Run Selector","ftp://ftp.ncbi.nlm.nih.gov/geo/series/GSE97nnn/GSE97592/suppl;https://www.ncbi.nlm.nih.gov/Traces/study/?acc=PRJNA382392",29579041,SRP103774,"Dimos Gaidatzis","Mar 06, 2018"
GSE97645,"Dnmt2 mediates intergenerational transmission of paternally acquired metabolic disorders through sperm small non-coding RNAs","Non-coding RNA profiling by high throughput sequencing;Expression profiling by high throughput sequencing","Mus musculus",16,,"TXT;SRA Run Selector","ftp://ftp.ncbi.nlm.nih.gov/geo/series/GSE97nnn/GSE97645/suppl;https://www.ncbi.nlm.nih.gov/Traces/study/?acc=PRJNA382549",29695786,SRP103802,"Junchao Shi","Mar 06, 2018"
GSE99418,"Pairwise and higher order genetic interactions during the evolution of a tRNA","Genome variation profiling by high throughput sequencing","Saccharomyces cerevisiae",8,,"TXT;SRA Run Selector","ftp://ftp.ncbi.nlm.nih.gov/geo/series/GSE99nnn/GSE99418/suppl;https://www.ncbi.nlm.nih.gov/Traces/study/?acc=PRJNA388412",29849145,SRP108262,"Julia Domingo","Mar 06, 2018"
GSE101610,"Transcriptional and epigenetic profiling of aged mouse SVZ-derived neural stem / progenitor cells","Expression profiling by high throughput sequencing;Genome binding/occupancy profiling by high throughput sequencing;Methylation profiling by high throughput sequencing","Mus musculus",38,,"TXT;SRA Run Selector","ftp://ftp.ncbi.nlm.nih.gov/geo/series/GSE101nnn/GSE101610/suppl;https://www.ncbi.nlm.nih.gov/Traces/study/?acc=PRJNA395461",29504228,SRP113409,"Felix Krueger","Mar 06, 2018"
GSE103033,"Changes in gene expression following long-term in vitro exposure of Macaca mulatta trophoblast stem cells to biologically relevant levels of endocrine disruptors","Expression profiling by high throughput sequencing","Macaca mulatta",36,,"DIFF;SRA Run Selector","ftp://ftp.ncbi.nlm.nih.gov/geo/series/GSE103nnn/GSE103033/suppl;https://www.ncbi.nlm.nih.gov/Traces/study/?acc=PRJNA399850",29505797,SRP116085,"Uros Midic","Mar 06, 2018"
GSE104174,"Changes in macrophage transcriptome associate with systemic sclerosis and mediate GSDMA contribution to disease risk","Expression profiling by high throughput sequencing","Homo sapiens",72,,"TXT;SRA Run Selector","ftp://ftp.ncbi.nlm.nih.gov/geo/series/GSE104nnn/GSE104174/suppl;https://www.ncbi.nlm.nih.gov/Traces/study/?acc=PRJNA411909",29348297,SRP118741,"Aida Moreno-Moral","Mar 06, 2018"
GSE106133,"Genome-wide identification of natural RNA aptamers in prokaryotes and eukaryotes","Expression profiling by high throughput sequencing","Bacillus subtilis;Candida albicans;Pseudomonas aeruginosa",18,,"BEDGRAPH;SRA Run Selector","ftp://ftp.ncbi.nlm.nih.gov/geo/series/GSE106nnn/GSE106133/suppl;https://www.ncbi.nlm.nih.gov/Traces/study/?acc=PRJNA415714",,SRP121405,"YANG SHEN","Mar 06, 2018"
GSE106313,"Regulation of RNA polymerase II processivity by Spt5 is restricted to a narrow window in elongation","Expression profiling by high throughput sequencing;Genome binding/occupancy profiling by high throughput sequencing;Other","Mus musculus",20,,"BW;TXT;SRA Run Selector","ftp://ftp.ncbi.nlm.nih.gov/geo/series/GSE106nnn/GSE106313/suppl;https://www.ncbi.nlm.nih.gov/Traces/study/?acc=PRJNA416271",29514850,SRP122906,"Tobias Neumann","Mar 06, 2018"
GSE106766,"Short-term mastication after weaning upregulates GABAergic signalling and reduces dendritic spine in thalamus","Expression profiling by array","Rattus norvegicus",9,,"CEL","ftp://ftp.ncbi.nlm.nih.gov/geo/series/GSE106nnn/GSE106766/suppl",29524403,,"Tomiko Asakura","Mar 06, 2018"
GSE106793,"Temporal transcriptomic profiles of transition from hematopoietic multipotent progenitors to B committed cells [RNA-seq]","Expression profiling by high throughput sequencing","Mus musculus",44,,"TXT;SRA Run Selector","ftp://ftp.ncbi.nlm.nih.gov/geo/series/GSE106nnn/GSE106793/suppl;https://www.ncbi.nlm.nih.gov/Traces/study/?acc=PRJNA418087",29440259,SRP124826,"Takaho A. Endo","Mar 06, 2018"
GSE106794,"Temporal epigenomic profiles of transition from hematopoietic multipotent progenitors to B committed cells [ChIP-seq]","Genome binding/occupancy profiling by high throughput sequencing","Mus musculus",24,,"WIG;SRA Run Selector","ftp://ftp.ncbi.nlm.nih.gov/geo/series/GSE106nnn/GSE106794/suppl;https://www.ncbi.nlm.nih.gov/Traces/study/?acc=PRJNA418088",29440259,SRP124822,"Takaho A. Endo","Mar 06, 2018"
GSE106795,"Temporal transcriptomic and epigenomic profiles of transition from hematopoietic multipotent progenitors to B committed cells","Expression profiling by high throughput sequencing;Genome binding/occupancy profiling by high throughput sequencing","Mus musculus",68,,"WIG","ftp://ftp.ncbi.nlm.nih.gov/geo/series/GSE106nnn/GSE106795/suppl",29440259,,"Takaho A. Endo","Mar 06, 2018"
GSE107552,"Mapping human pluripotent stem cell differentiation pathways via high throughput single-cell RNA-sequencing","Expression profiling by high throughput sequencing","Homo sapiens",23,,"CSV;SRA Run Selector","ftp://ftp.ncbi.nlm.nih.gov/geo/series/GSE107nnn/GSE107552/suppl;https://www.ncbi.nlm.nih.gov/Traces/study/?acc=PRJNA420514",29622030,SRP125954,"Haide Chen","Mar 06, 2018"
GSE108022,"Gene Expression in Human Rhabdomyosarcoma","Expression profiling by high throughput sequencing","Homo sapiens",106,,"TXT;SRA Run Selector","ftp://ftp.ncbi.nlm.nih.gov/geo/series/GSE108nnn/GSE108022/suppl;https://www.ncbi.nlm.nih.gov/Traces/study/?acc=PRJNA238612",29499154,SRP048220,"Sowmya Iyer","Mar 06, 2018"
GSE108835,"Gene expression analysis of human cancer associated fibroblasts (CAFs) stimulated with Platelet-Derived Growth Factor (PDGF)-CC","Expression profiling by array","Homo sapiens",12,,"CEL;CHP","ftp://ftp.ncbi.nlm.nih.gov/geo/series/GSE108nnn/GSE108835/suppl",29529015,,"Kristian Pietras","Mar 06, 2018"
GSE108948,"Fine Resolution Mapping of TF binding and Chromatin  Interactions","Genome binding/occupancy profiling by high throughput sequencing","Mus musculus;Saccharomyces cerevisiae",12,,"BW;CSV;SRA Run Selector","ftp://ftp.ncbi.nlm.nih.gov/geo/series/GSE108nnn/GSE108948/suppl;https://www.ncbi.nlm.nih.gov/Traces/study/?acc=PRJNA429230",29514105,SRP128544,"Nir Friedman","Mar 06, 2018"
GSE109681,"Androgen Deprivation Therapy Potentiates the Efficacy of Vascular Targeted Photodynamic Therapy of Prostate Cancer Xenografts","Expression profiling by array","Homo sapiens",32,,"TXT","ftp://ftp.ncbi.nlm.nih.gov/geo/series/GSE109nnn/GSE109681/suppl",,,"Nicholas D. Socci","Mar 06, 2018"
GSE109796,"Early emergence of cortical interneuron diversity in the mouse embryo","Expression profiling by high throughput sequencing","Mus musculus",2669,,"TXT;SRA Run Selector","ftp://ftp.ncbi.nlm.nih.gov/geo/series/GSE109nnn/GSE109796/suppl;https://www.ncbi.nlm.nih.gov/Traces/study/?acc=PRJNA432054",29472441,SRP131682,"Nenad Sestan","Mar 06, 2018"
GSE110325,"Mycobacterium tuberculosis tRNA induces IL-12p70 via synergistic activation of pattern recognition receptors within a cell network.","Expression profiling by high throughput sequencing","Homo sapiens",36,,"CSV;SRA Run Selector","ftp://ftp.ncbi.nlm.nih.gov/geo/series/GSE110nnn/GSE110325/suppl;https://www.ncbi.nlm.nih.gov/Traces/study/?acc=PRJNA433477",29610140,SRP132460,"Caroline Keegan","Mar 06, 2018"
GSE110853,"RNA-seq of SCLC PDX models treated with EP","Expression profiling by high throughput sequencing","Homo sapiens",19,,"XLSX;SRA Run Selector","ftp://ftp.ncbi.nlm.nih.gov/geo/series/GSE110nnn/GSE110853/suppl;https://www.ncbi.nlm.nih.gov/Traces/study/?acc=PRJNA434676",29483136,SRP133128,"Benjamin Jacob Drapkin","Mar 06, 2018"
GSE111000,"Ultra-parallel ChIP-seq by barcoding of intact nuclei","Genome binding/occupancy profiling by high throughput sequencing","Drosophila melanogaster;Homo sapiens;Mus musculus",44,,"BED;BW;GFF;NARROWPEAK;SRA Run Selector","ftp://ftp.ncbi.nlm.nih.gov/geo/series/GSE111nnn/GSE111000/suppl;https://www.ncbi.nlm.nih.gov/Traces/study/?acc=PRJNA435556",30534606,SRP133279,"Thomas Manke","Mar 06, 2018"
GSE111131,"Hereditary Hearing Loss SNP-Microarray Pilot Study","Genome variation profiling by SNP array","Homo sapiens",108,,"CSV;IDAT;TXT;XLS","ftp://ftp.ncbi.nlm.nih.gov/geo/series/GSE111nnn/GSE111131/suppl",29903040,,"Barbara Vona","Mar 06, 2018"
GSE111396,"DNA methylation in airway and parenchymal fibroblasts from individuals with and wthout COPD","Methylation profiling by genome tiling array","Homo sapiens",61,,"IDAT;TXT","ftp://ftp.ncbi.nlm.nih.gov/geo/series/GSE111nnn/GSE111396/suppl",,,"Rachel Clifford","Mar 06, 2018"
GSE111397,"Expression data from cells at reprogramming day 3, 5 and 7","Expression profiling by array","Mus musculus",6,,"CEL","ftp://ftp.ncbi.nlm.nih.gov/geo/series/GSE111nnn/GSE111397/suppl",,,"BING LIAO","Mar 06, 2018"
GSE111407,"Transcriptional alterations in response to insulin and glucagon in the murine liver","Expression profiling by array","Mus musculus",3,,"CEL;CHP","ftp://ftp.ncbi.nlm.nih.gov/geo/series/GSE111nnn/GSE111407/suppl",,,"Katsumi Toda","Mar 06, 2018"
GSE111408,"Transcriptome analysis of the microalgae Synechocystis sp. PCC 6803 and mechanisms of photoinhibition tolerance under extreme high light conditions","Expression profiling by array","Synechocystis sp. PCC 6803",22,,"TXT","ftp://ftp.ncbi.nlm.nih.gov/geo/series/GSE111nnn/GSE111408/suppl",29907527,,"Kenichi Ogawa","Mar 06, 2018"
GSE111412,"Luteolin attenuates hepatic and adipocyte fibrosis and insulin resistance by targeting toll-like receptors signaling pathway in diet-induced obese mice","Expression profiling by array","Mus musculus",9,,"TXT","ftp://ftp.ncbi.nlm.nih.gov/geo/series/GSE111nnn/GSE111412/suppl",30282902,,"Myung-Sook Choi","Mar 06, 2018"
GSE111415,"How can ant queens live so long? Genes of multiple longevity pathways change expression with age in the ant Temnothorax rugatulus","Expression profiling by high throughput sequencing","Temnothorax rugatulus",32,,"CSV;FASTA;XLSX;SRA Run Selector","ftp://ftp.ncbi.nlm.nih.gov/geo/series/GSE111nnn/GSE111415/suppl;https://www.ncbi.nlm.nih.gov/Traces/study/?acc=PRJNA436959",,SRP133940,"Matteo Antoine Negroni","Mar 06, 2018"
GSE111433,"EZH2 and H3K27me3 ChIP-seq in E14 mouse embryonic stem cells harboring wildtype or mutant EZH2.","Genome binding/occupancy profiling by high throughput sequencing","Mus musculus",12,,"BW;SRA Run Selector","ftp://ftp.ncbi.nlm.nih.gov/geo/series/GSE111nnn/GSE111433/suppl;https://www.ncbi.nlm.nih.gov/Traces/study/?acc=PRJNA436988",29681499,SRP133957,"JIa-Ray Yu","Mar 06, 2018"
GSE90514,"Transcriptomic alterations in fibroblasts from Parkinson's disease patients carrying Parkin mutations","Expression profiling by high throughput sequencing","Homo sapiens",8,,"TXT;SRA Run Selector","ftp://ftp.ncbi.nlm.nih.gov/geo/series/GSE90nnn/GSE90514/suppl;https://www.ncbi.nlm.nih.gov/Traces/study/?acc=PRJNA354947",29501959,SRP093918,"Mario Ezquerra","Mar 05, 2018"
GSE94836,"BLIMP-1 is insufficient to induce antibody secretion in the absence of IRF4","Expression profiling by array","Gallus gallus",8,,"TXT","ftp://ftp.ncbi.nlm.nih.gov/geo/series/GSE94nnn/GSE94836/suppl",29430664,,"Paulina Budzynska","Mar 05, 2018"
GSE96570,"Integrated Molecular Analysis of Tamoxifen-Resistant Invasive Lobular Breast Cancer Cells","Expression profiling by array","Homo sapiens",6,,"CEL;CHP","ftp://ftp.ncbi.nlm.nih.gov/geo/series/GSE96nnn/GSE96570/suppl",28935545,,"Rebecca B. Riggins","Mar 05, 2018"
GSE99287,"A widespread decrease of chromatin accessibility in age-related macular degeneration","Genome binding/occupancy profiling by high throughput sequencing;Expression profiling by high throughput sequencing","Homo sapiens",58,,"NARROWPEAK;TXT;SRA Run Selector","ftp://ftp.ncbi.nlm.nih.gov/geo/series/GSE99nnn/GSE99287/suppl;https://www.ncbi.nlm.nih.gov/Traces/study/?acc=PRJNA388006",29636475,SRP107997,"Jie Wang","Mar 05, 2018"
GSE99838,"Viral fitness correlates with the magnitude and direction of the perturbation induced in the host's transcriptome: the tobacco etch potyvirus - tobacco case study.","Expression profiling by array","Nicotiana tabacum",26,,"TXT","ftp://ftp.ncbi.nlm.nih.gov/geo/series/GSE99nnn/GSE99838/suppl",29562354,,"Héctor Cervera Benet","Mar 05, 2018"
GSE100024,"RNA-seq analysis of glucose fermentation by the natural Isopropanol producer Clostridium beijerinckii DSM6423","Expression profiling by high throughput sequencing","Clostridium beijerinckii",15,,"CSV;SRA Run Selector","ftp://ftp.ncbi.nlm.nih.gov/geo/series/GSE100nnn/GSE100024/suppl;https://www.ncbi.nlm.nih.gov/Traces/study/?acc=PRJNA390516",29636009,SRP109175,"Frederique Bidard","Mar 05, 2018"
GSE100571,"Functional TRIM24 degraders via conjugation of ineffectual bromodomain and VHL ligands [ChIP-seq]","Genome binding/occupancy profiling by high throughput sequencing","Homo sapiens",6,,"WIG;SRA Run Selector","ftp://ftp.ncbi.nlm.nih.gov/geo/series/GSE100nnn/GSE100571/suppl;https://www.ncbi.nlm.nih.gov/Traces/study/?acc=PRJNA392161",29507391,SRP110618,"Nathanael Gray","Mar 05, 2018"
GSE100572,"Functional TRIM24 degraders via conjugation of ineffectual bromodomain and VHL ligands [RNA-seq]","Expression profiling by high throughput sequencing","Homo sapiens",18,,"TXT;SRA Run Selector","ftp://ftp.ncbi.nlm.nih.gov/geo/series/GSE100nnn/GSE100572/suppl;https://www.ncbi.nlm.nih.gov/Traces/study/?acc=PRJNA392162",29507391,SRP110617,"Nathanael Gray","Mar 05, 2018"
GSE100573,"Functional TRIM24 degraders via conjugation of ineffectual bromodomain and VHL ligands","Expression profiling by high throughput sequencing;Genome binding/occupancy profiling by high throughput sequencing","Homo sapiens",69,,"WIG","ftp://ftp.ncbi.nlm.nih.gov/geo/series/GSE100nnn/GSE100573/suppl",29507391,,"Nathanael Gray","Mar 05, 2018"
GSE102277,"Determination of Nir (Noc2l) function in epidermis during mouse development by global transcriptome analysis","Expression profiling by high throughput sequencing","Mus musculus",8,,"TAB;SRA Run Selector","ftp://ftp.ncbi.nlm.nih.gov/geo/series/GSE102nnn/GSE102277/suppl;https://www.ncbi.nlm.nih.gov/Traces/study/?acc=PRJNA397195",,SRP114858,"Delphine Duteil","Mar 05, 2018"
GSE103983,"Single-cell RNA-seq (Drop-seq) of MGE, CGE and LGE of E13.5 (MGE) and E14.5 (CGE, LGE) mouse embryos","Expression profiling by high throughput sequencing","Mus musculus",12,,"CSV;SRA Run Selector","ftp://ftp.ncbi.nlm.nih.gov/geo/series/GSE103nnn/GSE103983/suppl;https://www.ncbi.nlm.nih.gov/Traces/study/?acc=PRJNA407881",29513653,SRP118059,"Christoph Hafemeister","Mar 05, 2018"
GSE104156,"Single-cell RNA-seq (10X Genomics Chromium) of MGE, CGE, cortical and subcortical regions of E13.5, E18.5 and P10 mice","Expression profiling by high throughput sequencing","Mus musculus",6,,"CSV;SRA Run Selector","ftp://ftp.ncbi.nlm.nih.gov/geo/series/GSE104nnn/GSE104156/suppl;https://www.ncbi.nlm.nih.gov/Traces/study/?acc=PRJNA411878",29513653,SRP118737,"Christoph Hafemeister","Mar 05, 2018"
GSE104157,"Single-cell RNA-seq (Smart-seq2) of MGE of E13.5 mice","Expression profiling by high throughput sequencing","Mus musculus",19,,"CSV;SRA Run Selector","ftp://ftp.ncbi.nlm.nih.gov/geo/series/GSE104nnn/GSE104157/suppl;https://www.ncbi.nlm.nih.gov/Traces/study/?acc=PRJNA411877",29513653,SRP118738,"Christoph Hafemeister","Mar 05, 2018"
GSE104158,"Developmental diversification of cortical inhibitory interneurons","Expression profiling by high throughput sequencing","Mus musculus",37,,,,29513653,,"Christoph Hafemeister","Mar 05, 2018"
GSE106579,"Functional TRIM24 degraders via conjugation of ineffectual bromodomain and VHL ligands [RNA-Seq 2]","Expression profiling by high throughput sequencing","Homo sapiens",45,,"TXT;SRA Run Selector","ftp://ftp.ncbi.nlm.nih.gov/geo/series/GSE106nnn/GSE106579/suppl;https://www.ncbi.nlm.nih.gov/Traces/study/?acc=PRJNA417275",29507391,SRP124264,"Nathanael Gray","Mar 05, 2018"
GSE107799,"NHR-49/HNF4 integrates regulation of fatty acid metabolism with a protective transcriptional response to oxidative stress and fasting","Expression profiling by high throughput sequencing","Caenorhabditis elegans",8,,"TXT;SRA Run Selector","ftp://ftp.ncbi.nlm.nih.gov/geo/series/GSE107nnn/GSE107799/suppl;https://www.ncbi.nlm.nih.gov/Traces/study/?acc=PRJNA421426",,SRP126312,"Forum Bhanshali","Mar 05, 2018"
GSE108002,"The differences of Bcr-abl+ tumor stromal cell gene expression between wild type B6 mice and Sipa1 knock out mice","Expression profiling by array","Mus musculus",4,,"TXT","ftp://ftp.ncbi.nlm.nih.gov/geo/series/GSE108nnn/GSE108002/suppl",29500416,,"Yan Xu","Mar 05, 2018"
GSE108633,"Bcl11b, a Novel GATA3-Interacting Protein, Suppresses Th1 while Limiting Th2 Cell Differentiation (H3K27ac and DNase-Seq)","Genome binding/occupancy profiling by high throughput sequencing","Mus musculus",16,,"TXT;SRA Run Selector","ftp://ftp.ncbi.nlm.nih.gov/geo/series/GSE108nnn/GSE108633/suppl;https://www.ncbi.nlm.nih.gov/Traces/study/?acc=PRJNA427914",29514917,SRP127732,"Andrew J Oler","Mar 05, 2018"
GSE108845,"The LsrB protein is required for Agrobacterium tumefaciens interaction with host plants","Expression profiling by high throughput sequencing","Agrobacterium fabrum str. C58",2,,"XLS;SRA Run Selector","ftp://ftp.ncbi.nlm.nih.gov/geo/series/GSE108nnn/GSE108845/suppl;https://www.ncbi.nlm.nih.gov/Traces/study/?acc=PRJNA428926",,SRP130945,"tang gui rong","Mar 05, 2018"
GSE109107,"Bcl11b- and GATA3-mediated gene regulation in Th2 cells","Expression profiling by high throughput sequencing;Genome binding/occupancy profiling by high throughput sequencing","Mus musculus",19,,"TXT;SRA Run Selector","ftp://ftp.ncbi.nlm.nih.gov/geo/series/GSE109nnn/GSE109107/suppl;https://www.ncbi.nlm.nih.gov/Traces/study/?acc=PRJNA383417",29514917,SRP104190,"Andrew J Oler","Mar 05, 2018"
GSE109109,"Bcl11b, a Novel GATA3-Interacting Protein, Suppresses Th1 while Limiting Th2 Cell Differentiation","Genome binding/occupancy profiling by high throughput sequencing;Expression profiling by high throughput sequencing","Mus musculus",35,,"TXT","ftp://ftp.ncbi.nlm.nih.gov/geo/series/GSE109nnn/GSE109109/suppl",29514917,,"Andrew J Oler","Mar 05, 2018"
GSE110381,"Small RNA Sequencing of Colorectal Adenoma Patient Plasma","Non-coding RNA profiling by high throughput sequencing","Homo sapiens",822,,"TXT;XLSX;SRA Run Selector","ftp://ftp.ncbi.nlm.nih.gov/geo/series/GSE110nnn/GSE110381/suppl;https://www.ncbi.nlm.nih.gov/Traces/study/?acc=PRJNA433560",29490987,SRP132519,"Brian Scott Roberts","Mar 05, 2018"
GSE110534,"Allele-specific DNA methylation of disease susceptibility genes in Japanese patients with inflammatory bowel disease","Methylation profiling by SNP array","Homo sapiens",15,,"CEL","ftp://ftp.ncbi.nlm.nih.gov/geo/series/GSE110nnn/GSE110534/suppl",,,"Yoichi Kakuta","Mar 05, 2018"
GSE111275,"Transcriptional profiling of leukemic stem cells of AML treated with Wnt inhibitors in vivo","Expression profiling by array","Mus musculus",3,,"IDAT","ftp://ftp.ncbi.nlm.nih.gov/geo/series/GSE111nnn/GSE111275/suppl",30528456,,"Lawrence Lum","Mar 05, 2018"
GSE111276,"Transcriptional profiling of leukemic stem cells of AML with Wls WT or KO background","Expression profiling by array","Mus musculus",2,,"IDAT","ftp://ftp.ncbi.nlm.nih.gov/geo/series/GSE111nnn/GSE111276/suppl",30528456,,"Lawrence Lum","Mar 05, 2018"
GSE111277,"Profiling of chromatin accessibility by ATAC-seq in hematopoietic LSK cells and leukemic stem cells of AML","Genome binding/occupancy profiling by high throughput sequencing","Mus musculus",4,,"BED;BW;SRA Run Selector","ftp://ftp.ncbi.nlm.nih.gov/geo/series/GSE111nnn/GSE111277/suppl;https://www.ncbi.nlm.nih.gov/Traces/study/?acc=PRJNA436442",30528456,SRP133791,"Lawrence Lum","Mar 05, 2018"
GSE111278,"Profiling of transcription and chromatin accessibility of leukemic stem cells","Expression profiling by array;Genome binding/occupancy profiling by high throughput sequencing","Mus musculus",9,,"BED;BW;IDAT","ftp://ftp.ncbi.nlm.nih.gov/geo/series/GSE111nnn/GSE111278/suppl",30528456,,"Lawrence Lum","Mar 05, 2018"
GSE111391,"Expression data of hPSCs differentiated into Paraxial mesoderm","Expression profiling by array","Homo sapiens",9,,"CEL","ftp://ftp.ncbi.nlm.nih.gov/geo/series/GSE111nnn/GSE111391/suppl",29555813,,"Jerome Chal","Mar 05, 2018"
GSE111392,"Differentiation analysis of Mouse Posterior Neural tube","Expression profiling by array","Mus musculus",12,,"CEL","ftp://ftp.ncbi.nlm.nih.gov/geo/series/GSE111nnn/GSE111392/suppl",29555813,,"Jerome Chal","Mar 05, 2018"
GSE87085,"poly-A RNA profiling of Drosophila neural stem cells and tumor cells reveals genes involved in brain tumorigenesis.","Expression profiling by high throughput sequencing","Drosophila melanogaster",6,,"TXT;SRA Run Selector","ftp://ftp.ncbi.nlm.nih.gov/geo/series/GSE87nnn/GSE87085/suppl;https://www.ncbi.nlm.nih.gov/Traces/study/?acc=PRJNA343471",29580384,SRP090130,"Thomas Rainer Burkard","Mar 04, 2018"
GSE95706,"mRNA expression data from ESCs derived by polar body transfer reconstructed embryos (PBTESCs)","Expression profiling by high throughput sequencing","Homo sapiens",6,,"TXT;SRA Run Selector","ftp://ftp.ncbi.nlm.nih.gov/geo/series/GSE95nnn/GSE95706/suppl;https://www.ncbi.nlm.nih.gov/Traces/study/?acc=PRJNA378173",,SRP101420,"cuiqing zhong","Mar 04, 2018"
GSE95761,"DNA methylation data from ESCs derived by polar body transfer reconstructed embryos (PBTESCs)","Methylation profiling by genome tiling array","Homo sapiens",6,,"IDAT;TXT","ftp://ftp.ncbi.nlm.nih.gov/geo/series/GSE95nnn/GSE95761/suppl",,,"cuiqing zhong","Mar 04, 2018"
GSE106247,"De novo RNA-sequencing and transcriptome analysis of Aconitum carmichaelii to analyze key genes involved in the biosynthesis of diterpene alkaloids","Expression profiling by high throughput sequencing","Aconitum carmichaelii",4,,"FASTA;TXT;SRA Run Selector","ftp://ftp.ncbi.nlm.nih.gov/geo/series/GSE106nnn/GSE106247/suppl;https://www.ncbi.nlm.nih.gov/Traces/study/?acc=PRJNA415989",29206203,SRP121793,"Mami Yamazaki","Mar 04, 2018"
GSE109182,"RNA-seq analysis of IL-1B and IL-36 responses in epidermal keratinocytes identifies a shared MyD88-dependent gene signature","Expression profiling by high throughput sequencing","Homo sapiens",34,,"TXT;SRA Run Selector","ftp://ftp.ncbi.nlm.nih.gov/geo/series/GSE109nnn/GSE109182/suppl;https://www.ncbi.nlm.nih.gov/Traces/study/?acc=PRJNA430069",29434599,SRP130972,"William R Swindell","Mar 04, 2018"
GSE66625,"Gene expression difference of small cell lung cancer cell after treatment with a kind of drug.","Expression profiling by array","Homo sapiens",6,,"GPR","ftp://ftp.ncbi.nlm.nih.gov/geo/series/GSE66nnn/GSE66625/suppl",,,"M. Peng","Mar 03, 2018"
GSE67194,"Transcriptome analysis of the litchi fruit borer (Conopomorpha sinensis)","Expression profiling by high throughput sequencing","Conopomorpha sinensis",2,,"FASTA;TXT;SRA Run Selector","ftp://ftp.ncbi.nlm.nih.gov/geo/series/GSE67nnn/GSE67194/suppl;https://www.ncbi.nlm.nih.gov/Traces/study/?acc=PRJNA279242",,SRP056475,"Haibin Sun","Mar 03, 2018"
GSE79075,"DNA methylation profiling in GC2 cells exposed to bisphenol A","Methylation profiling by genome tiling array","Mus musculus",2,,"CEL;TXT","ftp://ftp.ncbi.nlm.nih.gov/geo/series/GSE79nnn/GSE79075/suppl",,,"Li Yin","Mar 03, 2018"
GSE86023,"RNASeq of OMP and TRPC2 neuronal population of zebrafish olfactory sensory neurons","Expression profiling by high throughput sequencing","Danio rerio",4,,"CSV;SRA Run Selector","ftp://ftp.ncbi.nlm.nih.gov/geo/series/GSE86nnn/GSE86023/suppl;https://www.ncbi.nlm.nih.gov/Traces/study/?acc=PRJNA340009",29020985,SRP168138,"Puneet Dang","Mar 03, 2018"
GSE89056,"Integrative analysis of reprogramming human fibroblast cells to naïve pluripotency [RNA-seq]","Expression profiling by high throughput sequencing","Homo sapiens",25,,"TXT;SRA Run Selector","ftp://ftp.ncbi.nlm.nih.gov/geo/series/GSE89nnn/GSE89056/suppl;https://www.ncbi.nlm.nih.gov/Traces/study/?acc=PRJNA350223",29381138,SRP091957,"Shaorong Gao","Mar 03, 2018"
GSE89058,"Integrative analysis of reprogramming human fibroblast cells to naïve pluripotency [ChIP-seq]","Genome binding/occupancy profiling by high throughput sequencing","Homo sapiens",23,,"BW;SRA Run Selector","ftp://ftp.ncbi.nlm.nih.gov/geo/series/GSE89nnn/GSE89058/suppl;https://www.ncbi.nlm.nih.gov/Traces/study/?acc=PRJNA350170",29381138,SRP091940,"Shaorong Gao","Mar 03, 2018"
GSE89060,"Integrative analysis of reprogramming human fibroblast cells to naïve pluripotency [RRBS]","Methylation profiling by high throughput sequencing","Homo sapiens",11,,"TXT;SRA Run Selector","ftp://ftp.ncbi.nlm.nih.gov/geo/series/GSE89nnn/GSE89060/suppl;https://www.ncbi.nlm.nih.gov/Traces/study/?acc=PRJNA350172",29381138,SRP091970,"Shaorong Gao","Mar 03, 2018"
GSE89072,"Integrative analysis of reprogramming human fibroblast cells to naïve pluripotency","Expression profiling by high throughput sequencing;Genome binding/occupancy profiling by high throughput sequencing;Methylation profiling by high throughput sequencing","Homo sapiens",59,,"BW;TXT","ftp://ftp.ncbi.nlm.nih.gov/geo/series/GSE89nnn/GSE89072/suppl",29381138,,"Shaorong Gao","Mar 03, 2018"
GSE95686,"RNA-Seq analysis after spinal cord injury in lamprey reveals distinct transcriptional responses during functional recovery in spinal cord and brain","Expression profiling by high throughput sequencing","Petromyzon marinus",22,,"TXT;SRA Run Selector","ftp://ftp.ncbi.nlm.nih.gov/geo/series/GSE95nnn/GSE95686/suppl;https://www.ncbi.nlm.nih.gov/Traces/study/?acc=PRJNA377918",29335507,SRP101364,"Jeramiah J Smith","Mar 03, 2018"
GSE111339,"Transcriptome related to pubertal development in Brahman heifers","Expression profiling by high throughput sequencing","Bos indicus",72,,"TXT","ftp://ftp.ncbi.nlm.nih.gov/geo/series/GSE111nnn/GSE111339/suppl",27898892;28380590;29616079,,"Marina Fortes","Mar 03, 2018"
GSE111350,"root hair-expressed genes in rice","Expression profiling by array","Oryza sativa",2,,"TXT","ftp://ftp.ncbi.nlm.nih.gov/geo/series/GSE111nnn/GSE111350/suppl",,,"Moon Sunok","Mar 03, 2018"
GSE111351,"Daytime variation of perioperative myocardial injury in cardiac surgery and its prevention by Rev-Erbα antagonism: a single-centre propensity-matched cohort study and a randomised study","Expression profiling by array","Homo sapiens",15,,"TXT","ftp://ftp.ncbi.nlm.nih.gov/geo/series/GSE111nnn/GSE111351/suppl",29107324,,"Lefebvre Philippe","Mar 03, 2018"
GSE111356,"Genome-wide microRNA analysis of reticulocytes isolated from patients with sickle cell disease","Non-coding RNA profiling by array","Homo sapiens;Mus musculus;Rattus norvegicus",12,,"TXT","ftp://ftp.ncbi.nlm.nih.gov/geo/series/GSE111nnn/GSE111356/suppl",30412705,,"Biaoru Li","Mar 03, 2018"
GSE111358,"RNA-seq of Human neck of femur (NOF) fracture hip and osteoarthritic (OA) cartilage","Expression profiling by high throughput sequencing","Homo sapiens",16,,,,,,"Andrew James Skelton","Mar 03, 2018"
GSE111361,"Chip-SIP analysis of Pacifica pier surface waters incubated with organic and inorganic nitrogen and carbon substrates","Other","Bacteria",17,,"TXT","ftp://ftp.ncbi.nlm.nih.gov/geo/series/GSE111nnn/GSE111361/suppl",29562328,,"Xavier Mayali","Mar 03, 2018"
GSE111362,"Perinatal paroxetine exposure in Selcetively-bred Low Responder rats","Expression profiling by array","Rattus norvegicus",78,,"PAIR;TXT","ftp://ftp.ncbi.nlm.nih.gov/geo/series/GSE111nnn/GSE111362/suppl",25451292,,"Matthew Glover","Mar 03, 2018"
GSE111368,"Progression of whole blood transcriptional signatures from interferon-induced to neutrophil-associated patterns in patients with severe influenza","Expression profiling by array","Homo sapiens",359,,"TXT","ftp://ftp.ncbi.nlm.nih.gov/geo/series/GSE111nnn/GSE111368/suppl",29777224,,"Long Hoang","Mar 03, 2018"
GSE111373,"Next generation sequencing establishes the differentially expression profiles of transgenic rainbow trout bearing cecropin P1 transgene","Expression profiling by high throughput sequencing","Oncorhynchus mykiss",6,,"FA;XLSX;SRA Run Selector","ftp://ftp.ncbi.nlm.nih.gov/geo/series/GSE111nnn/GSE111373/suppl;https://www.ncbi.nlm.nih.gov/Traces/study/?acc=PRJNA436731",30340506,SRP133842,"Yueh-chiang Han","Mar 03, 2018"
GSE111378,"Comparison of the transcriptome response within the tracheobronchial lymph node  following infection with Porcine Reproductive and Respiratory Syndrome Virus, Porcine  Circovirus 2 or Swine Influenza A Virus.","Expression profiling by high throughput sequencing","Sus scrofa domesticus",16,,"TXT;SRA Run Selector","ftp://ftp.ncbi.nlm.nih.gov/geo/series/GSE111nnn/GSE111378/suppl;https://www.ncbi.nlm.nih.gov/Traces/study/?acc=PRJNA436740",,SRP133848,"Laura Miller","Mar 03, 2018"
GSE60608,"Gene expression in human bone marrow Mesenchymal Stem cell line (hMSC-TERTs) during proliferation, quiescence (G0-arrest) and re-activation.","Expression profiling by array","Homo sapiens",15,,"TXT","ftp://ftp.ncbi.nlm.nih.gov/geo/series/GSE60nnn/GSE60608/suppl",29803144,,"Genotypic technology","Mar 02, 2018"
GSE76589,"Interfering with interferons: cholesterol modification by Helicobacter pylori prevents IFN receptor assembly","Expression profiling by array","Homo sapiens",4,,"TXT","ftp://ftp.ncbi.nlm.nih.gov/geo/series/GSE76nnn/GSE76589/suppl",29273450,,"Hans-Joachim Mollenkopf","Mar 02, 2018"
GSE93024,"TET-mediated epimutagenesis of the Arabidopsis thaliana methylome","Expression profiling by high throughput sequencing;Methylation profiling by high throughput sequencing;Genome binding/occupancy profiling by high throughput sequencing","Arabidopsis thaliana",32,,"BED;TSV;TXT;SRA Run Selector","ftp://ftp.ncbi.nlm.nih.gov/geo/series/GSE93nnn/GSE93024/suppl;https://www.ncbi.nlm.nih.gov/Traces/study/?acc=PRJNA359478",29497035,SRP095841,"Robert J Schmitz","Mar 02, 2018"
GSE95643,"CARM1-expressing ovarian cancer depends on the histone methyltransferase EZH2 activity [ChIP-Seq]","Genome binding/occupancy profiling by high throughput sequencing","Homo sapiens",6,,"TXT;SRA Run Selector","ftp://ftp.ncbi.nlm.nih.gov/geo/series/GSE95nnn/GSE95643/suppl;https://www.ncbi.nlm.nih.gov/Traces/study/?acc=PRJNA377753",29434212,SRP101295,"Priyankara J Wickramasinghe","Mar 02, 2018"
GSE95644,"CARM1-expressing ovarian cancer depends on the histone methyltransferase EZH2 activity [RNA-Seq]","Expression profiling by high throughput sequencing","Homo sapiens",2,,"TXT;SRA Run Selector","ftp://ftp.ncbi.nlm.nih.gov/geo/series/GSE95nnn/GSE95644/suppl;https://www.ncbi.nlm.nih.gov/Traces/study/?acc=PRJNA377752",29434212,SRP101296,"Priyankara J Wickramasinghe","Mar 02, 2018"
GSE95645,"CARM1-expressing ovarian cancer depends on the histone methyltransferase EZH2 activity","Genome binding/occupancy profiling by high throughput sequencing;Expression profiling by high throughput sequencing","Homo sapiens",8,,,,29434212,,"Priyankara J Wickramasinghe","Mar 02, 2018"
GSE95648,"RNAseq of CCRF-CEM, a T-cell acute lymphoblastic leukemia cell line, after knockdown with 2 control hairpins and 6 hairpins targeting the PRC2 complex.","Expression profiling by high throughput sequencing","Homo sapiens",8,,"TXT;SRA Run Selector","ftp://ftp.ncbi.nlm.nih.gov/geo/series/GSE95nnn/GSE95648/suppl;https://www.ncbi.nlm.nih.gov/Traces/study/?acc=PRJNA377758",30404791,SRP101298,"Ingrid M Aries","Mar 02, 2018"
GSE99795,"Single-cell RNA-seq reveals a subpopulation of prostate cancer cells with enhanced cell cycle-related transcription and attenuated androgen response","Expression profiling by high throughput sequencing","Homo sapiens",147,,"TXT;SRA Run Selector","ftp://ftp.ncbi.nlm.nih.gov/geo/series/GSE99nnn/GSE99795/suppl;https://www.ncbi.nlm.nih.gov/Traces/study/?acc=PRJNA389624",29233929,SRP108807,"Tim Hui-Miing Huang","Mar 02, 2018"
GSE101699,"Transcriptomic response of tall fescue to heat stress and improved thermotolerance by melatonin and 24-epibrassinolide","Expression profiling by high throughput sequencing","Festuca arundinacea",6,,"FASTA;XLSX;SRA Run Selector","ftp://ftp.ncbi.nlm.nih.gov/geo/series/GSE101nnn/GSE101699/suppl;https://www.ncbi.nlm.nih.gov/Traces/study/?acc=PRJNA395224",29587632,SRP113241,"Zhulong Chan","Mar 02, 2018"
GSE101821,"The novel BETi BI 894999 represses super-enhancer associated transcription and synergizes with CDK9 inhibition in AML by induction of apoptosis","Expression profiling by high throughput sequencing;Genome binding/occupancy profiling by high throughput sequencing","Homo sapiens",101,,"TSV;SRA Run Selector","ftp://ftp.ncbi.nlm.nih.gov/geo/series/GSE101nnn/GSE101821/suppl;https://www.ncbi.nlm.nih.gov/Traces/study/?acc=PRJNA395584",29491412,SRP113492,"Daniel Gerlach","Mar 02, 2018"
GSE102367,"c-Jun/AP-1 overexpression reprograms ERα signaling related to tamoxifen response in ERα-positive breast cancer [expression profiling]","Expression profiling by array","Homo sapiens",18,,"CEL","ftp://ftp.ncbi.nlm.nih.gov/geo/series/GSE102nnn/GSE102367/suppl",29467493,,"Karin Dahlman-Wright","Mar 02, 2018"
GSE102410,"c-Jun/AP-1 overexpression reprograms ERα signaling related to tamoxifen response in ERα-positive breast cancer [ChIP-seq]","Genome binding/occupancy profiling by high throughput sequencing","Homo sapiens",7,,"TXT;SRA Run Selector","ftp://ftp.ncbi.nlm.nih.gov/geo/series/GSE102nnn/GSE102410/suppl;https://www.ncbi.nlm.nih.gov/Traces/study/?acc=PRJNA397714",29467493,SRP115104,"Karin Dahlman-Wright","Mar 02, 2018"
GSE102412,"ERα and AP-1 coordinate transcription and tamoxifen response in ERα-positive breast cancer","Expression profiling by array;Genome binding/occupancy profiling by high throughput sequencing","Homo sapiens",25,,"CEL;TXT","ftp://ftp.ncbi.nlm.nih.gov/geo/series/GSE102nnn/GSE102412/suppl",29467493,,"Karin Dahlman-Wright","Mar 02, 2018"
GSE102505,"Transcriptional changes in glioma cells following treatment with 1-Benzyl-3-cetyl-2-methylimidazolium iodide (NH125), Tunicamycin, and 0.1% DMSO (in media)","Expression profiling by high throughput sequencing","Homo sapiens",27,,"CSV;SRA Run Selector","ftp://ftp.ncbi.nlm.nih.gov/geo/series/GSE102nnn/GSE102505/suppl;https://www.ncbi.nlm.nih.gov/Traces/study/?acc=PRJNA397903",,SRP115217,"Saad Sheikh","Mar 02, 2018"
GSE103072,"Expression data from SIVagm-infected African green monkeys (Chlorocebus sabaeus)","Expression profiling by array","Chlorocebus sabaeus;Macaca mulatta",12,,"CEL","ftp://ftp.ncbi.nlm.nih.gov/geo/series/GSE103nnn/GSE103072/suppl",29636452,,"Gregory K Tharp","Mar 02, 2018"
GSE104490,"Clonally expanded CD4+ T cells with a unique gene signature contribute to persistence of the HIV-1 latent reservoir","Expression profiling by high throughput sequencing","Homo sapiens",228,,"TXT;SRA Run Selector","ftp://ftp.ncbi.nlm.nih.gov/geo/series/GSE104nnn/GSE104490/suppl;https://www.ncbi.nlm.nih.gov/Traces/study/?acc=PRJNA412829",29686423,SRP119248,"Israel Tojal da Silva","Mar 02, 2018"
GSE106697,"Transcriptome and Translatome in Drosophila S2 cells treated by tsRNA transfection, serum deprivation, ago2 knockdown and rapamycin","Expression profiling by high throughput sequencing;Other;Non-coding RNA profiling by high throughput sequencing","Drosophila melanogaster",24,,"TXT;SRA Run Selector","ftp://ftp.ncbi.nlm.nih.gov/geo/series/GSE106nnn/GSE106697/suppl;https://www.ncbi.nlm.nih.gov/Traces/study/?acc=PRJNA378597",29548011,SRP101682,"Jian Lu","Mar 02, 2018"
GSE106821,"MARS Seq data from human cortical organoids","Expression profiling by high throughput sequencing","Homo sapiens",18,,"TXT;SRA Run Selector","ftp://ftp.ncbi.nlm.nih.gov/geo/series/GSE106nnn/GSE106821/suppl;https://www.ncbi.nlm.nih.gov/Traces/study/?acc=PRJNA418135",29760764,SRP124848,"Orly Reiner","Mar 02, 2018"
GSE110183,"RNA-dependent intergenerational inheritance of enhanced synaptic plasticity after environmental enrichment","Non-coding RNA profiling by high throughput sequencing","Mus musculus",2,,"TXT;SRA Run Selector","ftp://ftp.ncbi.nlm.nih.gov/geo/series/GSE110nnn/GSE110183/suppl;https://www.ncbi.nlm.nih.gov/Traces/study/?acc=PRJNA433048",29642011,SRP132241,"Gaurav Jain","Mar 02, 2018"
GSE110700,"RNA-seq data from NSCs and tumorspheres generated using the RCAS/TVA-CRISPR/Cas9 system","Expression profiling by high throughput sequencing","Mus musculus",12,,"TXT;SRA Run Selector","ftp://ftp.ncbi.nlm.nih.gov/geo/series/GSE110nnn/GSE110700/suppl;https://www.ncbi.nlm.nih.gov/Traces/study/?acc=PRJNA434303",29654229,SRP132952,"Osvaldo Graña","Mar 02, 2018"
GSE111044,"Expression data from SCEC and corresponding normal samples","Expression profiling by array","Homo sapiens",6,,"CEL","ftp://ftp.ncbi.nlm.nih.gov/geo/series/GSE111nnn/GSE111044/suppl",,,"Juan Wang","Mar 02, 2018"
GSE111223,"Genome-wide DNA methylation study of Parkinson's disease in saliva samples","Methylation profiling by genome tiling array","Homo sapiens",259,,"IDAT;TXT","ftp://ftp.ncbi.nlm.nih.gov/geo/series/GSE111nnn/GSE111223/suppl",28851441;26655927,,"Ritz Beate","Mar 02, 2018"
GSE111293,"Combination Treatment of Acute Myeloid Leukemia Cells with DNMT and HDAC Inhibitors: Predominant Synergistic Gene Downregulation Associated with Gene Body Demethylation","Genome binding/occupancy profiling by high throughput sequencing","Homo sapiens",18,,"BIGWIG;SRA Run Selector","ftp://ftp.ncbi.nlm.nih.gov/geo/series/GSE111nnn/GSE111293/suppl;https://www.ncbi.nlm.nih.gov/Traces/study/?acc=PRJNA436469",,SRP133741,"Kersten Henrik Breuer","Mar 02, 2018"
GSE111298,"aCGH data from SCEC and corresponding normal samples","Genome variation profiling by genome tiling array","Homo sapiens",3,,"TXT","ftp://ftp.ncbi.nlm.nih.gov/geo/series/GSE111nnn/GSE111298/suppl",,,"Juan Wang","Mar 02, 2018"
GSE111299,"Genome-wide analysis of gene expression and DNA copy number variations in small cell esophageal carcinoma","Expression profiling by array;Genome variation profiling by genome tiling array","Homo sapiens",9,,"CEL;TXT","ftp://ftp.ncbi.nlm.nih.gov/geo/series/GSE111nnn/GSE111299/suppl",,,"Juan Wang","Mar 02, 2018"
GSE111302,"Characterization of Transcriptomes of Apical OHCs and Basal OHCs in Cochlea","Expression profiling by high throughput sequencing","Rattus norvegicus",6,,"XLS;SRA Run Selector","ftp://ftp.ncbi.nlm.nih.gov/geo/series/GSE111nnn/GSE111302/suppl;https://www.ncbi.nlm.nih.gov/Traces/study/?acc=PRJNA436547",,SRP133752,"Jianhua Qiu","Mar 02, 2018"
GSE111305,"GSF1243: RNA-seq data of adipocytes treated with DNMT1 inhibitor, guadecitabine (100nM), for 3 days","Expression profiling by high throughput sequencing","Homo sapiens",4,,"TXT;XLSX;SRA Run Selector","ftp://ftp.ncbi.nlm.nih.gov/geo/series/GSE111nnn/GSE111305/suppl;https://www.ncbi.nlm.nih.gov/Traces/study/?acc=PRJNA436558",29759990,SRP133757,"Kenneth Nephew","Mar 02, 2018"
GSE111311,"Analysis of microRNAs in familial Mediterranean fever","Non-coding RNA profiling by array","Homo sapiens",19,,"RCC;TXT","ftp://ftp.ncbi.nlm.nih.gov/geo/series/GSE111nnn/GSE111311/suppl",,,"Nir Pillar","Mar 02, 2018"
GSE111324,"Drosophila esc mutants show Hox-derepression along the AP axis in CNS","Expression profiling by high throughput sequencing","Drosophila melanogaster",8,,"CSV;SRA Run Selector","ftp://ftp.ncbi.nlm.nih.gov/geo/series/GSE111nnn/GSE111324/suppl;https://www.ncbi.nlm.nih.gov/Traces/study/?acc=PRJNA436588",29530878,SRP133786,"jonathan rakar","Mar 02, 2018"
GSE6100,"Sequential Design: time-course","Expression profiling by array","Escherichia coli",20,,"TXT","ftp://ftp.ncbi.nlm.nih.gov/geo/series/GSE6nnn/GSE6100/suppl",,,"Naotake Ogasawara","Mar 01, 2018"
GSE17678,"Reverse genomic analysis of ethylene signaling in apple fruit","Expression profiling by array","Malus domestica",36,,"GPR;TXT","ftp://ftp.ncbi.nlm.nih.gov/geo/series/GSE17nnn/GSE17678/suppl",,,"Abhaya M Dandekar","Mar 01, 2018"
GSE30735,"Transcriptome Analysis of hub2-3 vs the wild-type Col","Expression profiling by array","Arabidopsis thaliana",6,,"CEL;CHP","ftp://ftp.ncbi.nlm.nih.gov/geo/series/GSE30nnn/GSE30735/suppl",,,"xi chen","Mar 01, 2018"
GSE54203,"Profiling of L3 to L4 molting genes of Brugia malayi","Expression profiling by array","Brugia malayi",8,,"TXT","ftp://ftp.ncbi.nlm.nih.gov/geo/series/GSE54nnn/GSE54203/suppl",,,"Sasisekhar Bennuru","Mar 01, 2018"
GSE66472,"Transcriptional adaptation of L. monocytogenes EGDe to acidified nitrite.","Expression profiling by array","Listeria monocytogenes EGD-e",12,,"GPR","ftp://ftp.ncbi.nlm.nih.gov/geo/series/GSE66nnn/GSE66472/suppl",,,"Stefanie Müller-Herbst","Mar 01, 2018"
GSE66571,"Epigenetic analysis of the DMD locus","Genome binding/occupancy profiling by high throughput sequencing","Homo sapiens",17,,"TXT","ftp://ftp.ncbi.nlm.nih.gov/geo/series/GSE66nnn/GSE66571/suppl",,,"Samuele Gherardi","Mar 01, 2018"
GSE69715,"Infection with Hepatitis C Virus Depends on TACSTD2, a Regulator of Claudin-1 and Occludin Highly Downregulated in Hepatocellular Carcinoma [patient]","Expression profiling by array","Homo sapiens",103,,"CEL","ftp://ftp.ncbi.nlm.nih.gov/geo/series/GSE69nnn/GSE69715/suppl",29538454,,"Giacomo Diaz","Mar 01, 2018"
GSE78736,"Infection with Hepatitis C Virus Depends on TACSTD2, a Regulator of Claudin-1 and Occludin Highly Downregulated in Hepatocellular Carcinoma [cell line]","Expression profiling by array","Homo sapiens",4,,"CEL","ftp://ftp.ncbi.nlm.nih.gov/geo/series/GSE78nnn/GSE78736/suppl",29538454,,"Giacomo Diaz","Mar 01, 2018"
GSE78737,"Infection with Hepatitis C Virus Depends on TACSTD2, a Regulator of Claudin-1 and Occludin Highly Downregulated in Hepatocellular Carcinoma","Expression profiling by array","Homo sapiens",107,,"CEL","ftp://ftp.ncbi.nlm.nih.gov/geo/series/GSE78nnn/GSE78737/suppl",29538454,,"Giacomo Diaz","Mar 01, 2018"
GSE86979,"Biogeographic conservation and CO2-dynamics of the cytosine methylome in the globally important cyanobacterium Trichodesmium [WGBS]","Methylation profiling by high throughput sequencing","Trichodesmium;Trichodesmium erythraeum 21-75;Trichodesmium erythraeum IMS101;Trichodesmium thiebautii VI-1",11,,"FA;TXT;SRA Run Selector","ftp://ftp.ncbi.nlm.nih.gov/geo/series/GSE86nnn/GSE86979/suppl;https://www.ncbi.nlm.nih.gov/Traces/study/?acc=PRJNA343176",28925547,SRP089989,"Eric Alva Webb","Mar 01, 2018"
GSE86991,"Biogeographic conservation and CO2-dynamics of the cytosine methylome in the globally important cyanobacterium Trichodesmium [RNA-Seq]","Expression profiling by high throughput sequencing","Trichodesmium erythraeum IMS101",4,,"TXT;SRA Run Selector","ftp://ftp.ncbi.nlm.nih.gov/geo/series/GSE86nnn/GSE86991/suppl;https://www.ncbi.nlm.nih.gov/Traces/study/?acc=PRJNA343177",28925547,SRP089988,"Eric Alva Webb","Mar 01, 2018"
GSE86992,"Biogeographic conservation and CO2-dynamics of the cytosine methylome in the globally important cyanobacterium Trichodesmium","Expression profiling by high throughput sequencing;Methylation profiling by high throughput sequencing","Trichodesmium;Trichodesmium erythraeum 21-75;Trichodesmium erythraeum IMS101;Trichodesmium thiebautii VI-1",15,,"TXT","ftp://ftp.ncbi.nlm.nih.gov/geo/series/GSE86nnn/GSE86992/suppl",28925547,,"Eric Alva Webb","Mar 01, 2018"
GSE89829,"Anopheles coluzzii larval response to two purified Pseudomonas aeruginosa phenazine pigments 1-HP and Pyo.","Expression profiling by array","Anopheles coluzzii;Anopheles gambiae",16,,"TXT","ftp://ftp.ncbi.nlm.nih.gov/geo/series/GSE89nnn/GSE89829/suppl",,,"Philip Adrian Huegli","Mar 01, 2018"
GSE90737,"Circular RNAs are super abundant in cervical tumor and plasma detected by high throughput microarray [cervical_cancer_circRNA]","Non-coding RNA profiling by array","Homo sapiens",10,,"TXT;XLSX","ftp://ftp.ncbi.nlm.nih.gov/geo/series/GSE90nnn/GSE90737/suppl",29415187,,"Dong Wang","Mar 01, 2018"
GSE90738,"Circular RNAs are super abundant in cervical tumor and plasma detected by high throughput microarray [cervical_cancer_mRNA]","Expression profiling by array","Homo sapiens",10,,"TXT;XLSX","ftp://ftp.ncbi.nlm.nih.gov/geo/series/GSE90nnn/GSE90738/suppl",29415187,,"Dong Wang","Mar 01, 2018"
GSE90739,"Circular RNAs are super abundant in cervical tumor and plasma detected by high throughput microarray [Plasma_circRNA]","Non-coding RNA profiling by array","Homo sapiens",21,,"TXT;XLSX","ftp://ftp.ncbi.nlm.nih.gov/geo/series/GSE90nnn/GSE90739/suppl",29415187,,"Dong Wang","Mar 01, 2018"
GSE90740,"Circular RNAs are super abundant in cervical tumor and plasma detected by high throughput microarray [standard_RNA_circRNA]","Non-coding RNA profiling by array","Homo sapiens",4,,"TXT;XLSX","ftp://ftp.ncbi.nlm.nih.gov/geo/series/GSE90nnn/GSE90740/suppl",29415187,,"Dong Wang","Mar 01, 2018"
GSE90741,"Circular RNAs are super abundant in cervical tumor and plasma detected by high throughput microarray","Non-coding RNA profiling by array;Expression profiling by array;Expression profiling by high throughput sequencing","Homo sapiens",55,,"TXT","ftp://ftp.ncbi.nlm.nih.gov/geo/series/GSE90nnn/GSE90741/suppl",29415187,,"Dong Wang","Mar 01, 2018"
GSE93835,"Strong Vaccine-Elicited Th1-Biased CD4 T cell Response Abrogates SIV Vaccine Efficacy","Expression profiling by array","Macaca mulatta",412,,"TXT","ftp://ftp.ncbi.nlm.nih.gov/geo/series/GSE93nnn/GSE93835/suppl",,,"Michael Gale, Jr","Mar 01, 2018"
GSE93942,"Expression data for human chronic myeloid leukemia K562 cell line (KS) and adriamycin induced multidrug-resistant K562/ADR (KA) cell line before and after treatment with hypomethylating agent decitabine","Expression profiling by array","Homo sapiens",12,,"CEL","ftp://ftp.ncbi.nlm.nih.gov/geo/series/GSE93nnn/GSE93942/suppl",,,"Huihan Wang","Mar 01, 2018"
GSE93978,"The miRNA expression characteristics in alopecia areata","Non-coding RNA profiling by array","Homo sapiens",10,,"TXT","ftp://ftp.ncbi.nlm.nih.gov/geo/series/GSE93nnn/GSE93978/suppl",,,"Youyu Sheng","Mar 01, 2018"
GSE94412,"Genome-wide expression analysis of Caenorhabditis elegans AXIN mutant","Expression profiling by high throughput sequencing","Caenorhabditis elegans",4,,"CSV;XLSX;SRA Run Selector","ftp://ftp.ncbi.nlm.nih.gov/geo/series/GSE94nnn/GSE94412/suppl;https://www.ncbi.nlm.nih.gov/Traces/study/?acc=PRJNA369619",30403720,SRP098734,"Ayush Vasant Ranawade","Mar 01, 2018"
GSE94660,"RNA sequencing (RNA-SEQ) of 21 HBV-HCC patients with non-neoplastic liver and tumor tissues","Expression profiling by high throughput sequencing","Homo sapiens",42,,"TXT;SRA Run Selector","ftp://ftp.ncbi.nlm.nih.gov/geo/series/GSE94nnn/GSE94660/suppl;https://www.ncbi.nlm.nih.gov/Traces/study/?acc=PRJNA371753",29212479,SRP099053,"Jun Zhu","Mar 01, 2018"
GSE95079,"The effect of Abl kinases,or Ponatinib challenging on breast cancer cells' global transcriptome","Expression profiling by high throughput sequencing","Homo sapiens",8,,"TXT;SRA Run Selector","ftp://ftp.ncbi.nlm.nih.gov/geo/series/GSE95nnn/GSE95079/suppl;https://www.ncbi.nlm.nih.gov/Traces/study/?acc=PRJNA376006",29415187,SRP100364,"Dong Wang","Mar 01, 2018"
GSE95347,"Expression profiles in Chd7 knockdown oligodendrocyte precursor cells","Expression profiling by array","Mus musculus",6,,"TXT","ftp://ftp.ncbi.nlm.nih.gov/geo/series/GSE95nnn/GSE95347/suppl",,,"Satoshi Kondo","Mar 01, 2018"
GSE95504,"LncRNA expression profiling of hepatocellular carcinoma cell line BEL-7402 treated with baicalein","Non-coding RNA profiling by array","Homo sapiens",9,,"CEL","ftp://ftp.ncbi.nlm.nih.gov/geo/series/GSE95nnn/GSE95504/suppl",,,"Zongfang Li","Mar 01, 2018"
GSE95595,"Successful transplantation of islets into inguinal subcutaneous white adipose tissue","Expression profiling by high throughput sequencing","Mus musculus",12,,"TXT;SRA Run Selector","ftp://ftp.ncbi.nlm.nih.gov/geo/series/GSE95nnn/GSE95595/suppl;https://www.ncbi.nlm.nih.gov/Traces/study/?acc=PRJNA377577",,SRP100954,"Takaho A. Endo","Mar 01, 2018"
GSE95640,"Transcriptome profiling from adipose tissue during low-caloric diet reveals predictors of long-term weight and glycemic outcomes in obese, non-diabetic subjects","Expression profiling by high throughput sequencing","Homo sapiens",382,,"TSV;SRA Run Selector","ftp://ftp.ncbi.nlm.nih.gov/geo/series/GSE95nnn/GSE95640/suppl;https://www.ncbi.nlm.nih.gov/Traces/study/?acc=PRJNA377745",29234017;28793995,SRP101294,"Gregory Lefebvre","Mar 01, 2018"
GSE95657,"caveolin-1 induced gene expression change in retinae","Expression profiling by array","Mus musculus",3,,"CEL","ftp://ftp.ncbi.nlm.nih.gov/geo/series/GSE95nnn/GSE95657/suppl",,,"Zhongshu Tang","Mar 01, 2018"
GSE95856,"MLE12 cell transcriptome analysis 12, 24, 48h after Notch 1-ICD overexpression with NICD1-pIRES-dsRed2 vector","Expression profiling by array","Mus musculus",20,,"GPR","ftp://ftp.ncbi.nlm.nih.gov/geo/series/GSE95nnn/GSE95856/suppl",,,"Jochen Wilhelm","Mar 01, 2018"
GSE96050,"ZFP36 RNA binding proteins restrain T-cell activation kinetics and anti-viral immunity [RNA-seq]","Expression profiling by high throughput sequencing","Mus musculus",17,,"TXT;SRA Run Selector","ftp://ftp.ncbi.nlm.nih.gov/geo/series/GSE96nnn/GSE96050/suppl;https://www.ncbi.nlm.nih.gov/Traces/study/?acc=PRJNA378664",29848443,SRP101662,"Robert Darnell","Mar 01, 2018"
GSE96052,"ZFP36 RNA binding proteins restrain T-cell activation kinetics and anti-viral immunity [ribo-seq]","Other","Mus musculus",8,,"TXT;SRA Run Selector","ftp://ftp.ncbi.nlm.nih.gov/geo/series/GSE96nnn/GSE96052/suppl;https://www.ncbi.nlm.nih.gov/Traces/study/?acc=PRJNA378669",29848443,SRP101666,"Robert Darnell","Mar 01, 2018"
GSE96074,"ZFP36 RNA binding proteins restrain T-cell activation and anti-viral immunity [HITS-CLIP]","Expression profiling by high throughput sequencing","Mus musculus",13,,"XLSX;SRA Run Selector","ftp://ftp.ncbi.nlm.nih.gov/geo/series/GSE96nnn/GSE96074/suppl;https://www.ncbi.nlm.nih.gov/Traces/study/?acc=PRJNA378770",29848443,SRP101720,"Robert Darnell","Mar 01, 2018"
GSE96076,"ZFP36 RNA binding proteins restrain T-cell activation kinetics and anti-viral immunity","Expression profiling by high throughput sequencing;Other","Mus musculus",38,,,,29848443,,"Robert Darnell","Mar 01, 2018"
GSE96077,"Genome Scale Analysis of miRNA and mRNA regulation during preterm labor [monocytes]","Expression profiling by high throughput sequencing","Homo sapiens",39,,"TXT;SRA Run Selector","ftp://ftp.ncbi.nlm.nih.gov/geo/series/GSE96nnn/GSE96077/suppl;https://www.ncbi.nlm.nih.gov/Traces/study/?acc=PRJNA378775",29305255,SRP101726,"alison g paquette","Mar 01, 2018"
GSE96083,"Genome Scale Analysis of miRNA and mRNA regulation during preterm labor [whole blood]","Expression profiling by high throughput sequencing","Homo sapiens",38,,"TXT;SRA Run Selector","ftp://ftp.ncbi.nlm.nih.gov/geo/series/GSE96nnn/GSE96083/suppl;https://www.ncbi.nlm.nih.gov/Traces/study/?acc=PRJNA378794",29305255,SRP101737,"alison g paquette","Mar 01, 2018"
GSE96097,"Genome Scale Analysis of miRNA and mRNA regulation during preterm labor","Expression profiling by high throughput sequencing","Homo sapiens",77,,,,29305255,,"alison g paquette","Mar 01, 2018"
GSE96911,"Gene expression data in U87MG cell line transfected with NeuroD2-overexpression and control vector","Expression profiling by array","Homo sapiens",4,,"CEL","ftp://ftp.ncbi.nlm.nih.gov/geo/series/GSE96nnn/GSE96911/suppl",,,"Dr. Ritu Kulshreshtha","Mar 01, 2018"
GSE96932,"Analysis of gene expression in the skin of mice under high-fat diet regimen following topical association with Corynebacterium accolens.","Expression profiling by array","Mus musculus",20,,"CEL;CHP","ftp://ftp.ncbi.nlm.nih.gov/geo/series/GSE96nnn/GSE96932/suppl",,,"abdel G Elkahloun","Mar 01, 2018"
GSE96983,"Different expression profiles of miRNAs in preeclampsia and normal placenta (miRNA)","Non-coding RNA profiling by array","Homo sapiens",7,,"TXT","ftp://ftp.ncbi.nlm.nih.gov/geo/series/GSE96nnn/GSE96983/suppl",,,"Zhenyu Zhang","Mar 01, 2018"
GSE96984,"Different expression profiles of lncRNAs, mRNAs and circRNAs in preeclampsia and normal placenta (ceRNA)","Non-coding RNA profiling by array;Expression profiling by array","Homo sapiens",7,,"TXT","ftp://ftp.ncbi.nlm.nih.gov/geo/series/GSE96nnn/GSE96984/suppl",,,"Zhenyu Zhang","Mar 01, 2018"
GSE96985,"Different expression profiles of lncRNAs, mRNAs and circRNAs in preeclampsia and normal placenta  None","Expression profiling by array;Non-coding RNA profiling by array","Homo sapiens",14,,"TXT","ftp://ftp.ncbi.nlm.nih.gov/geo/series/GSE96nnn/GSE96985/suppl",,,"Zhenyu Zhang","Mar 01, 2018"
GSE97070,"microRNA profile of human medullary thyroid cancer","Non-coding RNA profiling by array","Homo sapiens",20,,"TXT","ftp://ftp.ncbi.nlm.nih.gov/geo/series/GSE97nnn/GSE97070/suppl",29298817,,"Matteo Dugo","Mar 01, 2018"
GSE97152,"Gene expression profiles of murine fibroblasts and iPS","Expression profiling by array","Mus musculus",5,,"CEL","ftp://ftp.ncbi.nlm.nih.gov/geo/series/GSE97nnn/GSE97152/suppl",,,"Adrian Schwarzer","Mar 01, 2018"
GSE97248,"Belimumab for the Treatment of Early Diffuse Systemic Sclerosis: Results of a Randomized, Placebo Controlled Pilot Trial","Expression profiling by array","Homo sapiens",36,,"TXT","ftp://ftp.ncbi.nlm.nih.gov/geo/series/GSE97nnn/GSE97248/suppl",29073351,,"Tammara Wood","Mar 01, 2018"
GSE97253,"Genome-wide maps of histone modification in mast cells","Genome binding/occupancy profiling by high throughput sequencing","Mus musculus",10,,"BEDGRAPH;XLS;SRA Run Selector","ftp://ftp.ncbi.nlm.nih.gov/geo/series/GSE97nnn/GSE97253/suppl;https://www.ncbi.nlm.nih.gov/Traces/study/?acc=PRJNA381793",29277702,SRP103119,"Hua Huang","Mar 01, 2018"
GSE97295,"Super-enhancer analysis of human sarcomas reveals YAP1 control of NF-κB-dependent tumorigenesis [ChIP-seq]","Genome binding/occupancy profiling by high throughput sequencing","Homo sapiens",6,,"WIG;SRA Run Selector","ftp://ftp.ncbi.nlm.nih.gov/geo/series/GSE97nnn/GSE97295/suppl;https://www.ncbi.nlm.nih.gov/Traces/study/?acc=PRJNA381272",29490948,SRP102880,"Jun Qi","Mar 01, 2018"
GSE97296,"Super-enhancer analysis of human sarcomas reveals YAP1 control of NF-κB-dependent tumorigenesis [RNA-seq]","Expression profiling by high throughput sequencing","Homo sapiens",3,,"TXT;SRA Run Selector","ftp://ftp.ncbi.nlm.nih.gov/geo/series/GSE97nnn/GSE97296/suppl;https://www.ncbi.nlm.nih.gov/Traces/study/?acc=PRJNA381271",29490948,SRP102879,"Jun Qi","Mar 01, 2018"
GSE97297,"Super-enhancer analysis of human sarcomas reveals YAP1 control of NF-κB-dependent tumorigenesis","Genome binding/occupancy profiling by high throughput sequencing;Expression profiling by high throughput sequencing","Homo sapiens",9,,"WIG","ftp://ftp.ncbi.nlm.nih.gov/geo/series/GSE97nnn/GSE97297/suppl",29490948,,"Jun Qi","Mar 01, 2018"
GSE98853,"Transcription profiling of human neural precursors upon alcohol exposure","Expression profiling by array","Homo sapiens",4,,"TXT","ftp://ftp.ncbi.nlm.nih.gov/geo/series/GSE98nnn/GSE98853/suppl",,,"Genotypic technology","Mar 01, 2018"
GSE99480,"Role of SWEF proteins in ABC differentiation","Expression profiling by high throughput sequencing;Genome binding/occupancy profiling by high throughput sequencing","Mus musculus",17,,"BED;CSV;SRA Run Selector","ftp://ftp.ncbi.nlm.nih.gov/geo/series/GSE99nnn/GSE99480/suppl;https://www.ncbi.nlm.nih.gov/Traces/study/?acc=PRJNA388585",29483597,SRP108335,"Yurii Chinenov","Mar 01, 2018"
GSE99677,"An Arabidopsis Nucleoporin NUP85 modulates plant responses to ABA and salt stress","Expression profiling by high throughput sequencing","Arabidopsis thaliana",12,,"TXT;SRA Run Selector","ftp://ftp.ncbi.nlm.nih.gov/geo/series/GSE99nnn/GSE99677/suppl;https://www.ncbi.nlm.nih.gov/Traces/study/?acc=PRJNA389285",29232718,SRP108611,"Jian-Kang Zhu","Mar 01, 2018"
GSE100900,"Gene Expression Profiles in mouse lungs following 7 days post oropharyngeal aspiration exposure to different asbestos and asbestiform fibers.","Expression profiling by array","Mus musculus",15,,"PAIR","ftp://ftp.ncbi.nlm.nih.gov/geo/series/GSE100nnn/GSE100900/suppl",29279043,,"Anna A Shvedova","Mar 01, 2018"
GSE101582,"Gene expression in Sox9 progenitors in the developing mouse lung","Expression profiling by high throughput sequencing;Other","Mus musculus",8,,"TXT;SRA Run Selector","ftp://ftp.ncbi.nlm.nih.gov/geo/series/GSE101nnn/GSE101582/suppl;https://www.ncbi.nlm.nih.gov/Traces/study/?acc=PRJNA394882",,SRP112742,"Edwin Justin Ostrin","Mar 01, 2018"
GSE101644,"Primary melanoma cell lines vary in glycolytic activity","Expression profiling by array","Homo sapiens",15,,"TXT","ftp://ftp.ncbi.nlm.nih.gov/geo/series/GSE101nnn/GSE101644/suppl",29628419,,"Zhiqiang Wang","Mar 01, 2018"
GSE101869,"Substrate-based regulation in Pycnoporus cinnabarinus PB94","Expression profiling by high throughput sequencing","Trametes cinnabarina",16,,"FASTA;TXT;SRA Run Selector","ftp://ftp.ncbi.nlm.nih.gov/geo/series/GSE101nnn/GSE101869/suppl;https://www.ncbi.nlm.nih.gov/Traces/study/?acc=PRJNA395736",,SRP113547,"John Henske","Mar 01, 2018"
GSE101870,"Transcriptomics Provides Mechanistic Indicators of Mixture Toxicology for IMX-101 and IMX-104 Formulations in Fathead Minnows (Pimephales promelas) [DNAN]","Expression profiling by array","Pimephales promelas",12,,"TXT","ftp://ftp.ncbi.nlm.nih.gov/geo/series/GSE101nnn/GSE101870/suppl",29625381,,"Kurt Gust","Mar 01, 2018"
GSE101886,"Transcriptomics Provides Mechanistic Indicators of Mixture Toxicology for IMX-101 and IMX-104 Formulations in Fathead Minnows (Pimephales promelas) [NTO]","Expression profiling by array","Pimephales promelas",12,,"TXT","ftp://ftp.ncbi.nlm.nih.gov/geo/series/GSE101nnn/GSE101886/suppl",29625381,,"Kurt Gust","Mar 01, 2018"
GSE101887,"Transcriptomics Provides Mechanistic Indicators of Mixture Toxicology for IMX-101 and IMX-104 Formulations in Fathead Minnows (Pimephales promelas) [NQ]","Expression profiling by array","Pimephales promelas",12,,"TXT","ftp://ftp.ncbi.nlm.nih.gov/geo/series/GSE101nnn/GSE101887/suppl",29625381,,"Kurt Gust","Mar 01, 2018"
GSE101888,"Transcriptomics Provides Mechanistic Indicators of Mixture Toxicology for IMX-101 and IMX-104 Formulations in Fathead Minnows (Pimephales promelas) [IMX-101]","Expression profiling by array","Pimephales promelas",12,,"TXT","ftp://ftp.ncbi.nlm.nih.gov/geo/series/GSE101nnn/GSE101888/suppl",29625381,,"Kurt Gust","Mar 01, 2018"
GSE101889,"Transcriptomics Provides Mechanistic Indicators of Mixture Toxicology for IMX-101 and IMX-104 Formulations in Fathead Minnows (Pimephales promelas) [IMX-104]","Expression profiling by array","Pimephales promelas",12,,"TXT","ftp://ftp.ncbi.nlm.nih.gov/geo/series/GSE101nnn/GSE101889/suppl",29625381,,"Kurt Gust","Mar 01, 2018"
GSE101890,"Transcriptomics Provides Mechanistic Indicators of Mixture Toxicology for IMX-101 and IMX-104 Formulations in Fathead Minnows (Pimephales promelas)","Expression profiling by array","Pimephales promelas",60,,"TXT","ftp://ftp.ncbi.nlm.nih.gov/geo/series/GSE101nnn/GSE101890/suppl",29625381,,"Kurt Gust","Mar 01, 2018"
GSE102110,"CASC15 overexpression in HuCCT1 cholangiocarcinoma cell line","Expression profiling by array","Homo sapiens",6,,"TXT","ftp://ftp.ncbi.nlm.nih.gov/geo/series/GSE102nnn/GSE102110/suppl",29507901,,"Cedric Coulouarn","Mar 01, 2018"
GSE102524,"Inflammatory Bowel Disease-specific alterations in adipose-derived stroma cell transcriptional profiles","Expression profiling by array","Homo sapiens",30,,"TXT;XLS","ftp://ftp.ncbi.nlm.nih.gov/geo/series/GSE102nnn/GSE102524/suppl",,,"Iordanis Karagiannidis","Mar 01, 2018"
GSE102571,"miR-550a-3-5p overexpression effect on human colon cancer cell line","Expression profiling by array","Homo sapiens",2,,"TXT","ftp://ftp.ncbi.nlm.nih.gov/geo/series/GSE102nnn/GSE102571/suppl",,,"Jae-sung Kim","Mar 01, 2018"
GSE102640,"Gene expression changes in the striatum of Microcebus murinus induced by Canine adenovirus type 2 (CAV-2)","Expression profiling by array","Homo sapiens;Microcebus murinus",20,,"CEL;TXT","ftp://ftp.ncbi.nlm.nih.gov/geo/series/GSE102nnn/GSE102640/suppl",30046008,,"Gina DEVAU","Mar 01, 2018"
GSE102708,"Gene expression changes in the frontal cortex of Microcebus murinus induced by Canine adenovirus type 2 (CAV-2)","Expression profiling by array","Homo sapiens;Microcebus murinus",20,,"CEL;TXT","ftp://ftp.ncbi.nlm.nih.gov/geo/series/GSE102nnn/GSE102708/suppl",30046008,,"Gina DEVAU","Mar 01, 2018"
GSE102709,"Gene expression changes in the midbrain of Microcebus murinus induced by Canine adenovirus type 2 (CAV-2)","Expression profiling by array","Homo sapiens;Microcebus murinus",19,,"CEL;TXT","ftp://ftp.ncbi.nlm.nih.gov/geo/series/GSE102nnn/GSE102709/suppl",30046008,,"Gina DEVAU","Mar 01, 2018"
GSE102906,"Whole genome QTL study identifies candidate loci associated to syringomyelia","Genome variation profiling by SNP array;SNP genotyping by SNP array","Canis lupus familiaris",96,,"JPG;TXT","ftp://ftp.ncbi.nlm.nih.gov/geo/series/GSE102nnn/GSE102906/suppl",29566674,,"Philippe Lemay","Mar 01, 2018"
GSE102948,"STOP1 overexpressor vs. Col-0 and stop1 knockout vs Col-0 under control and NaCl","Expression profiling by array","Arabidopsis thaliana",12,,"TXT","ftp://ftp.ncbi.nlm.nih.gov/geo/series/GSE102nnn/GSE102948/suppl",,,"AYAN SADHUKHAN","Mar 01, 2018"
GSE102987,"Gene expression profiles in lens from KLPH/lctl knockout mice versus wild type controls by RNA-seq","Expression profiling by high throughput sequencing","Mus musculus",2,,"DIFF;SRA Run Selector","ftp://ftp.ncbi.nlm.nih.gov/geo/series/GSE102nnn/GSE102987/suppl;https://www.ncbi.nlm.nih.gov/Traces/study/?acc=PRJNA399698",29425878,SRP116013,"Jianguo Fan","Mar 01, 2018"
GSE103099,"Helper-dependent CAV-2 vector-mediated LRRK2G2019S expression in the M. murinus brain induces Parkinson's disease-like histological lesions and motor symptoms","Expression profiling by array","Homo sapiens;Microcebus murinus",59,,"CEL","ftp://ftp.ncbi.nlm.nih.gov/geo/series/GSE103nnn/GSE103099/suppl",30046008,,"Gina DEVAU","Mar 01, 2018"
GSE103102,"PPARg controls proinflammatory responses in alveolar macrophages","Expression profiling by array","Mus musculus",9,,"TXT","ftp://ftp.ncbi.nlm.nih.gov/geo/series/GSE103nnn/GSE103102/suppl",,,"Markus Feuerer","Mar 01, 2018"
GSE103176,"Gene and miRNA expression profiles in Polycythemia Vera and Essential Thrombocythemia according to CALR and JAK2 mutations","Expression profiling by array;Non-coding RNA profiling by array","Homo sapiens;synthetic construct",130,,"CEL","ftp://ftp.ncbi.nlm.nih.gov/geo/series/GSE103nnn/GSE103176/suppl",29217833,,"Rossella Manfredini","Mar 01, 2018"
GSE103215,"Genome-wide binding sites of NF90/ILF3 in K562 erythroleukemia cells","Genome binding/occupancy profiling by high throughput sequencing","Homo sapiens",1,,"BW;NARROWPEAK;SRA Run Selector","ftp://ftp.ncbi.nlm.nih.gov/geo/series/GSE103nnn/GSE103215/suppl;https://www.ncbi.nlm.nih.gov/Traces/study/?acc=PRJNA400554",,SRP116374,"Peter Kao","Mar 01, 2018"
GSE103237,"Gene and miRNA expression profiles in Polycythemia Vera and Essential Thrombocythemia according to CALR and JAK2 mutations [GEP]","Expression profiling by array","Homo sapiens",65,,"CEL","ftp://ftp.ncbi.nlm.nih.gov/geo/series/GSE103nnn/GSE103237/suppl",29217833,,"Rossella Manfredini","Mar 01, 2018"
GSE103238,"Gene and miRNA expression profiles in Polycythemia Vera and Essential Thrombocythemia according to CALR and JAK2 mutations [miEP]","Non-coding RNA profiling by array","Homo sapiens;synthetic construct",65,,"CEL","ftp://ftp.ncbi.nlm.nih.gov/geo/series/GSE103nnn/GSE103238/suppl",29217833,,"Rossella Manfredini","Mar 01, 2018"
GSE103333,"Muscle-specific gene Zmynd17/Mss51 controls mitochondrial quality and whole body metabolism","Expression profiling by array","Mus musculus",1,,"TXT","ftp://ftp.ncbi.nlm.nih.gov/geo/series/GSE103nnn/GSE103333/suppl",,,"Ryo Fujita","Mar 01, 2018"
GSE103623,"Expression data of 10-day old ssrp1-2 and spt16-1 mutants in comparison to wild type plants","Expression profiling by array","Arabidopsis thaliana",9,,"CEL","ftp://ftp.ncbi.nlm.nih.gov/geo/series/GSE103nnn/GSE103623/suppl",,,"Alexander Pfab","Mar 01, 2018"
GSE103760,"Expression data ex vivo CD4 T cells systemic lupus erythematosus patients","Expression profiling by array","Homo sapiens",16,,"CEL","ftp://ftp.ncbi.nlm.nih.gov/geo/series/GSE103nnn/GSE103760/suppl",,,"Laurence Morel","Mar 01, 2018"
GSE103971,"RNASeq analysis to detect any molecular changes in skin of Dlx4 ablated mice compared to Wild type littermates.","Expression profiling by high throughput sequencing","Mus musculus",10,,"XLSX;SRA Run Selector","ftp://ftp.ncbi.nlm.nih.gov/geo/series/GSE103nnn/GSE103971/suppl;https://www.ncbi.nlm.nih.gov/Traces/study/?acc=PRJNA407807",29380438,SRP117958,"Maria Irene Morasso","Mar 01, 2018"
GSE104022,"Molecular consequences of Dlx3 deletion by tamoxifen inducible K14 Cre in adult mouse epidermis (P42-P46) as determined by RNASeq analysis","Expression profiling by high throughput sequencing","Mus musculus",29,,"XLSX;SRA Run Selector","ftp://ftp.ncbi.nlm.nih.gov/geo/series/GSE104nnn/GSE104022/suppl;https://www.ncbi.nlm.nih.gov/Traces/study/?acc=PRJNA407977",29246798,SRP118141,"Maria Irene Morasso","Mar 01, 2018"
GSE104347,"Genome-wide localisation of histone variants in Toxoplasma gondii implicates variant exchange in transcriptional control by demarcation of functional chromatin regions (ChIP-seq)","Genome binding/occupancy profiling by high throughput sequencing","Toxoplasma gondii RH",23,,"BED;BROADPEAK;BW;NARROWPEAK;SRA Run Selector","ftp://ftp.ncbi.nlm.nih.gov/geo/series/GSE104nnn/GSE104347/suppl;https://www.ncbi.nlm.nih.gov/Traces/study/?acc=PRJNA416926",,SRP123510,"Kami Kim","Mar 01, 2018"
GSE104545,"The ARID1A tumor suppressor controls global transcription via pausing of RNA Polymerase II","Expression profiling by high throughput sequencing;Genome binding/occupancy profiling by high throughput sequencing;Other","Homo sapiens",37,,"BW;TXT;SRA Run Selector","ftp://ftp.ncbi.nlm.nih.gov/geo/series/GSE104nnn/GSE104545/suppl;https://www.ncbi.nlm.nih.gov/Traces/study/?acc=PRJNA413026",29949775,SRP119318,"Marco Trizzino","Mar 01, 2018"
GSE104677,"The effect of cdc5-1 on small RNA accumulation","Non-coding RNA profiling by high throughput sequencing","Arabidopsis thaliana",4,,"TXT;SRA Run Selector","ftp://ftp.ncbi.nlm.nih.gov/geo/series/GSE104nnn/GSE104677/suppl;https://www.ncbi.nlm.nih.gov/Traces/study/?acc=PRJNA413472",,SRP119505,"Chi Zhang","Mar 01, 2018"
GSE104885,"The effect of ddl-1 on small RNA profile","Non-coding RNA profiling by high throughput sequencing","Arabidopsis thaliana",4,,"TXT;SRA Run Selector","ftp://ftp.ncbi.nlm.nih.gov/geo/series/GSE104nnn/GSE104885/suppl;https://www.ncbi.nlm.nih.gov/Traces/study/?acc=PRJNA414095",,SRP119848,"Chi Zhang","Mar 01, 2018"
GSE104916,"Transcriptomic characterization of spl7 and Col-0 ecotypes of Arabidopsis reveals new aspects of Fe-Cu crosstalk","Expression profiling by high throughput sequencing","Arabidopsis thaliana",54,,"TXT;SRA Run Selector","ftp://ftp.ncbi.nlm.nih.gov/geo/series/GSE104nnn/GSE104916/suppl;https://www.ncbi.nlm.nih.gov/Traces/study/?acc=PRJNA414125",,SRP119870,"Chi Zhang","Mar 01, 2018"
GSE106110,"The effect of MAC3 and MAC5A on small RNA accumulation","Non-coding RNA profiling by high throughput sequencing","Arabidopsis thaliana",6,,"TXT;SRA Run Selector","ftp://ftp.ncbi.nlm.nih.gov/geo/series/GSE106nnn/GSE106110/suppl;https://www.ncbi.nlm.nih.gov/Traces/study/?acc=PRJNA415623",,SRP121328,"Chi Zhang","Mar 01, 2018"
GSE106246,"An evolutionarily conserved ribosome-rescue pathway maintains epidermal homeostasis","Expression profiling by high throughput sequencing","Mus musculus",17,,"CSV;SRA Run Selector","ftp://ftp.ncbi.nlm.nih.gov/geo/series/GSE106nnn/GSE106246/suppl;https://www.ncbi.nlm.nih.gov/Traces/study/?acc=PRJNA415988",29643507,SRP121790,"Fiona M Watt","Mar 01, 2018"
GSE106322,"Arabidopsis degradome analysis from Tobacco rattle virus (TRV) infected plants","Expression profiling by array","Arabidopsis thaliana",12,,"CEL","ftp://ftp.ncbi.nlm.nih.gov/geo/series/GSE106nnn/GSE106322/suppl",,,"Jose M. Franco-Zorrilla","Mar 01, 2018"
GSE106359,"Targeted enhancer activation by a subunit of the integrator complex","Expression profiling by high throughput sequencing;Genome binding/occupancy profiling by high throughput sequencing","Homo sapiens",53,,"BW;SRA Run Selector","ftp://ftp.ncbi.nlm.nih.gov/geo/series/GSE106nnn/GSE106359/suppl;https://www.ncbi.nlm.nih.gov/Traces/study/?acc=PRJNA416461",,SRP123108,"Marco Trizzino","Mar 01, 2018"
GSE106568,"Next Generation Sequencing Facilitates Quantitative Analysis of Wild Type and ibm1-3 trancriptomes in normal light and high light condition","Expression profiling by high throughput sequencing","Arabidopsis thaliana",6,,"TXT;SRA Run Selector","ftp://ftp.ncbi.nlm.nih.gov/geo/series/GSE106nnn/GSE106568/suppl;https://www.ncbi.nlm.nih.gov/Traces/study/?acc=PRJNA415344",,SRP121401,"Di Fan","Mar 01, 2018"
GSE106591,"Next Generation Sequencing Facilitates Quantitative Analysis of Wild Type and miR-211-/- Whole Eye Transcriptomes","Expression profiling by high throughput sequencing","Mus musculus",11,,"TXT;SRA Run Selector","ftp://ftp.ncbi.nlm.nih.gov/geo/series/GSE106nnn/GSE106591/suppl;https://www.ncbi.nlm.nih.gov/Traces/study/?acc=PRJNA417301",29209045,SRP124300,"Annamaria Carissimo","Mar 01, 2018"
GSE106603,"Gene expression data of PFKFB3 KD in SMMC7721 cell line","Expression profiling by array","Homo sapiens",2,,"TXT","ftp://ftp.ncbi.nlm.nih.gov/geo/series/GSE106nnn/GSE106603/suppl",,,"Wenkai Shi","Mar 01, 2018"
GSE106619,"Functional involvement of microRNAs in T cell ageing-related decline of CD28 expression","Non-coding RNA profiling by high throughput sequencing","Homo sapiens",12,,"XLSX;SRA Run Selector","ftp://ftp.ncbi.nlm.nih.gov/geo/series/GSE106nnn/GSE106619/suppl;https://www.ncbi.nlm.nih.gov/Traces/study/?acc=PRJNA417458",,SRP124478,"Joost Kluiver","Mar 01, 2018"
GSE106776,"Differential miRNA profiles in cumulus and mural granulosa cells from human pre-ovulatory follicles","Non-coding RNA profiling by high throughput sequencing","Homo sapiens",6,,"XLSX;SRA Run Selector","ftp://ftp.ncbi.nlm.nih.gov/geo/series/GSE106nnn/GSE106776/suppl;https://www.ncbi.nlm.nih.gov/Traces/study/?acc=PRJNA417973",,SRP124790,"Joost Kluiver","Mar 01, 2018"
GSE106845,"MAP kinase-dependent cell-to-cell movement drives plant tissue invasion by the rice blast fungus","Expression profiling by high throughput sequencing","Pyricularia oryzae",6,,"TXT;SRA Run Selector","ftp://ftp.ncbi.nlm.nih.gov/geo/series/GSE106nnn/GSE106845/suppl;https://www.ncbi.nlm.nih.gov/Traces/study/?acc=PRJNA418175",29567712,SRP124884,"Darren Mark Soanes","Mar 01, 2018"
GSE106849,"CRISPR RNA-dependent binding and cleavage of endogenous RNAs by the Campylobacter jejuni Cas9","Expression profiling by high throughput sequencing;Other","Campylobacter jejuni;Escherichia coli K-12",13,,"TXT;WIG;XLSX;SRA Run Selector","ftp://ftp.ncbi.nlm.nih.gov/geo/series/GSE106nnn/GSE106849/suppl;https://www.ncbi.nlm.nih.gov/Traces/study/?acc=PRJNA418174",29499139,SRP124876,"Thorsten Bischler","Mar 01, 2018"
GSE106883,"Impact of bariatric surgery on placental transcriptome","Expression profiling by array","Rattus norvegicus",18,,"CEL;CHP","ftp://ftp.ncbi.nlm.nih.gov/geo/series/GSE106nnn/GSE106883/suppl",29167317,,"Michael R Garrett","Mar 01, 2018"
GSE106935,"5hmC-seq in human kidney DNA","Methylation profiling by high throughput sequencing","Homo sapiens",2,,"BEDGRAPH;SRA Run Selector","ftp://ftp.ncbi.nlm.nih.gov/geo/series/GSE106nnn/GSE106935/suppl;https://www.ncbi.nlm.nih.gov/Traces/study/?acc=PRJNA418466",,SRP125041,"John Paterson Thomson","Mar 01, 2018"
GSE107356,"RNA-Sequencing of Running-dependent and Running-independent Environmental Enrichment in the Adult Mouse Dentate Gyrus","Expression profiling by high throughput sequencing","Mus musculus",5,,"TXT;SRA Run Selector","ftp://ftp.ncbi.nlm.nih.gov/geo/series/GSE107nnn/GSE107356/suppl;https://www.ncbi.nlm.nih.gov/Traces/study/?acc=PRJNA419888",,SRP125661,"Karl JL Fernandes","Mar 01, 2018"
GSE107371,"Hierarchical roles of mitochondrial PAPI and Zucchini in Bombyx germline piRNA biogenesis","Other;Non-coding RNA profiling by high throughput sequencing","Bombyx mori",8,,"TXT;SRA Run Selector","ftp://ftp.ncbi.nlm.nih.gov/geo/series/GSE107nnn/GSE107371/suppl;https://www.ncbi.nlm.nih.gov/Traces/study/?acc=PRJNA419912",29489748,SRP125680,"Haruhiko Siomi","Mar 01, 2018"
GSE107472,"Circular RNAs are super abundant in cervical tumor and plasma detected by high throughput microarray [RNA-Seq]","Non-coding RNA profiling by high throughput sequencing","Homo sapiens",10,,"TXT;SRA Run Selector","ftp://ftp.ncbi.nlm.nih.gov/geo/series/GSE107nnn/GSE107472/suppl;https://www.ncbi.nlm.nih.gov/Traces/study/?acc=PRJNA420201",29415187,SRP125806,"Dong Wang","Mar 01, 2018"
GSE107883,"Functional analysis of HD2C in Arabidopsis","Expression profiling by high throughput sequencing;Genome binding/occupancy profiling by high throughput sequencing;Other","Arabidopsis thaliana",9,,"BW;TXT;SRA Run Selector","ftp://ftp.ncbi.nlm.nih.gov/geo/series/GSE107nnn/GSE107883/suppl;https://www.ncbi.nlm.nih.gov/Traces/study/?acc=PRJNA421832",29343504,SRP126460,"Xuehua Zhong","Mar 01, 2018"
GSE108077,"Warming Induces Significant Reprogramming of Beige, but Not Brown, Adipocyte Cellular Identity","Expression profiling by high throughput sequencing;Genome binding/occupancy profiling by high throughput sequencing","Mus musculus",58,,"BW;TSV;SRA Run Selector","ftp://ftp.ncbi.nlm.nih.gov/geo/series/GSE108nnn/GSE108077/suppl;https://www.ncbi.nlm.nih.gov/Traces/study/?acc=PRJNA422411",29657031,SRP126748,"Evan Rosen","Mar 01, 2018"
GSE108085,"Comprehensive molecular profiling of children with recurrent cancer I","Genome variation profiling by SNP array;SNP genotyping by SNP array","Homo sapiens",41,,"CEL;CYCHP","ftp://ftp.ncbi.nlm.nih.gov/geo/series/GSE108nnn/GSE108085/suppl",29732366,,"Wiktor Majewski","Mar 01, 2018"
GSE108088,"Comprehensive molecular profiling of children with recurrent cancer II","Expression profiling by array","Homo sapiens",43,,"CEL","ftp://ftp.ncbi.nlm.nih.gov/geo/series/GSE108nnn/GSE108088/suppl",29732366,,"Wiktor Majewski","Mar 01, 2018"
GSE108089,"Comprehensive molecular profiling of children with recurrent cancer","Expression profiling by array;Genome variation profiling by SNP array;SNP genotyping by SNP array","Homo sapiens",84,,"CEL;CYCHP","ftp://ftp.ncbi.nlm.nih.gov/geo/series/GSE108nnn/GSE108089/suppl",29732366,,"Wiktor Majewski","Mar 01, 2018"
GSE108176,"The embryo affects day 14 uterine transcriptome depending on the nutritional status in sheep","Expression profiling by array","Ovis aries",16,,"GPR","ftp://ftp.ncbi.nlm.nih.gov/geo/series/GSE108nnn/GSE108176/suppl",,,"Mario Pietro Emilio Vailati Riboni","Mar 01, 2018"
GSE108203,"Tumor evolution in the context of castration resistance in prostate cancer","Genome variation profiling by array","Homo sapiens",28,,"TXT","ftp://ftp.ncbi.nlm.nih.gov/geo/series/GSE108nnn/GSE108203/suppl",29484655,,"Joël Roman Federer-Gsponer","Mar 01, 2018"
GSE108252,"Beta-catenin maintains lung epithelial progenitors after lung specification","Expression profiling by high throughput sequencing","Homo sapiens",4,,"TXT;SRA Run Selector","ftp://ftp.ncbi.nlm.nih.gov/geo/series/GSE108nnn/GSE108252/suppl;https://www.ncbi.nlm.nih.gov/Traces/study/?acc=PRJNA422981",,SRP126999,"Edwin Justin Ostrin","Mar 01, 2018"
GSE108426,"Transgenerational DNA methylation changes in Daphnia magna exposed to chronic gamma radiation","Methylation profiling by high throughput sequencing","Daphnia magna",9,,"TXT;SRA Run Selector","ftp://ftp.ncbi.nlm.nih.gov/geo/series/GSE108nnn/GSE108426/suppl;https://www.ncbi.nlm.nih.gov/Traces/study/?acc=PRJNA427264",29486114,SRP127382,"olivier ARMANT","Mar 01, 2018"
GSE108447,"AMPK promotes survival of c-Myc positive melanoma cells by suppressing oxidative stress","Expression profiling by high throughput sequencing","Mus musculus",10,,"TXT;SRA Run Selector","ftp://ftp.ncbi.nlm.nih.gov/geo/series/GSE108nnn/GSE108447/suppl;https://www.ncbi.nlm.nih.gov/Traces/study/?acc=PRJNA427304",29440228,SRP127397,"Freddy Radtke","Mar 01, 2018"
GSE108732,"RNASeq libraries of quorum-sensing induced and wild-type M. ciceri bv. biserrulae WSM1271","Expression profiling by high throughput sequencing","Mesorhizobium ciceri biovar biserrulae WSM1271",6,,"CSV;XLSX;SRA Run Selector","ftp://ftp.ncbi.nlm.nih.gov/geo/series/GSE108nnn/GSE108732/suppl;https://www.ncbi.nlm.nih.gov/Traces/study/?acc=PRJNA428444",,SRP128021,"Timothy Haskett","Mar 01, 2018"
GSE108759,"ERCC TAC-seq","Other","synthetic construct",7,,"CSV;TXT;SRA Run Selector","ftp://ftp.ncbi.nlm.nih.gov/geo/series/GSE108nnn/GSE108759/suppl;https://www.ncbi.nlm.nih.gov/Traces/study/?acc=PRJNA428505",30588329,SRP128049,"Kaarel Krjutskov","Mar 01, 2018"
GSE108831,"Gene expression changes in Cenococcum geophilum 1.58-Populus tremulaxalba INRA 717-1B4 ectomycorrhizal roots compared to Cenococcum geophilum free-living mycelium","Expression profiling by high throughput sequencing","Cenococcum geophilum 1.58",6,,"TXT;SRA Run Selector","ftp://ftp.ncbi.nlm.nih.gov/geo/series/GSE108nnn/GSE108831/suppl;https://www.ncbi.nlm.nih.gov/Traces/study/?acc=PRJNA428756",29487573,SRP128136,"Annegret Kohler","Mar 01, 2018"
GSE108841,"Low-coverage TAC-seq expression in endometrium","Other","Homo sapiens",16,,"TXT;SRA Run Selector","ftp://ftp.ncbi.nlm.nih.gov/geo/series/GSE108nnn/GSE108841/suppl;https://www.ncbi.nlm.nih.gov/Traces/study/?acc=PRJNA428887",30588329,SRP128370,"Kaarel Krjutskov","Mar 01, 2018"
GSE108866,"Gene expression changes in Cenococcum geophilum 1.58-Pinus sylvestris ectomycorrhizal roots, sclerotia and extramatrical mycelium compared to Cenococcum geophilum free-living mycelium","Expression profiling by high throughput sequencing","Cenococcum geophilum 1.58;Pinus sylvestris",12,,"TXT;SRA Run Selector","ftp://ftp.ncbi.nlm.nih.gov/geo/series/GSE108nnn/GSE108866/suppl;https://www.ncbi.nlm.nih.gov/Traces/study/?acc=PRJNA428975",29487573,SRP128477,"Annegret Kohler","Mar 01, 2018"
GSE108899,"Genome-wide maps of H3K27me3 in endpoint Ezh2+/+ or Ezh2-/- Tet ON PyVmT mouse mammary gland tumours","Genome binding/occupancy profiling by high throughput sequencing","Mus musculus",6,,"BEDGRAPH;SRA Run Selector","ftp://ftp.ncbi.nlm.nih.gov/geo/series/GSE108nnn/GSE108899/suppl;https://www.ncbi.nlm.nih.gov/Traces/study/?acc=PRJNA429046",,SRP128601,"WIlliam Muller","Mar 01, 2018"
GSE108916,"Targeted microRNA-sequencing for precise biomarker molecule counting","Other","Homo sapiens",16,,"CSV;TXT;SRA Run Selector","ftp://ftp.ncbi.nlm.nih.gov/geo/series/GSE108nnn/GSE108916/suppl;https://www.ncbi.nlm.nih.gov/Traces/study/?acc=PRJNA429135",30588329,SRP128498,"Kaarel Krjutskov","Mar 01, 2018"
GSE108926,"The SS18-SSX oncoprotein hijacks KDM2B-PRC1.1 to drive synovial sarcoma [ChIP-seq]","Genome binding/occupancy profiling by high throughput sequencing","Homo sapiens",27,,"BIGWIG;SRA Run Selector","ftp://ftp.ncbi.nlm.nih.gov/geo/series/GSE108nnn/GSE108926/suppl;https://www.ncbi.nlm.nih.gov/Traces/study/?acc=PRJNA429317",29502955,SRP128692,"Nicholas D. Socci","Mar 01, 2018"
GSE108927,"The SS18-SSX oncoprotein hijacks KDM2B-PRC1.1 to drive synovial sarcoma [ATAC-seq]","Genome binding/occupancy profiling by high throughput sequencing","Homo sapiens",3,,"BIGWIG;SRA Run Selector","ftp://ftp.ncbi.nlm.nih.gov/geo/series/GSE108nnn/GSE108927/suppl;https://www.ncbi.nlm.nih.gov/Traces/study/?acc=PRJNA429316",29502955,SRP128694,"Nicholas D. Socci","Mar 01, 2018"
GSE108928,"The SS18-SSX oncoprotein hijacks KDM2B-PRC1.1 to drive synovial sarcoma [RNA-seq]","Expression profiling by high throughput sequencing","Homo sapiens",10,,"TXT;SRA Run Selector","ftp://ftp.ncbi.nlm.nih.gov/geo/series/GSE108nnn/GSE108928/suppl;https://www.ncbi.nlm.nih.gov/Traces/study/?acc=PRJNA429315",29502955,SRP128693,"Nicholas D. Socci","Mar 01, 2018"
GSE108929,"The SS18-SSX oncoprotein hijacks KDM2B-PRC1.1 to drive synovial sarcoma","Genome binding/occupancy profiling by high throughput sequencing;Expression profiling by high throughput sequencing","Homo sapiens",40,,"BIGWIG","ftp://ftp.ncbi.nlm.nih.gov/geo/series/GSE108nnn/GSE108929/suppl",29502955,,"Nicholas D. Socci","Mar 01, 2018"
GSE109009,"Effect of GMG-43-AC on hair follicles","Expression profiling by array","Homo sapiens",2,,"TXT","ftp://ftp.ncbi.nlm.nih.gov/geo/series/GSE109nnn/GSE109009/suppl",29452122,,"Yuval Ramot","Mar 01, 2018"
GSE109053,"MicroRNA markers of human endometrial receptivity","Non-coding RNA profiling by high throughput sequencing","Homo sapiens",12,,"CSV;SRA Run Selector","ftp://ftp.ncbi.nlm.nih.gov/geo/series/GSE109nnn/GSE109053/suppl;https://www.ncbi.nlm.nih.gov/Traces/study/?acc=PRJNA429485",30588329,SRP128741,"Kaarel Krjutskov","Mar 01, 2018"
GSE109124,"Comparing transcriptome by means of DNA microarrays of Streptococcus pneumoniae D39 versus D39PcpsT=>C in medium without uracil","Expression profiling by array","Streptococcus pneumoniae;Streptococcus pneumoniae D39",2,,"TXT","ftp://ftp.ncbi.nlm.nih.gov/geo/series/GSE109nnn/GSE109124/suppl",,,"Tomas Kloosterman","Mar 01, 2018"
GSE109126,"Comparing transcriptome by means of DNA microarrays of Streptococcus pneumoniae D39 versus D39PcpsT=>C in medium with uracil","Expression profiling by array","Streptococcus pneumoniae;Streptococcus pneumoniae D39",2,,"TXT","ftp://ftp.ncbi.nlm.nih.gov/geo/series/GSE109nnn/GSE109126/suppl",,,"Tomas Kloosterman","Mar 01, 2018"
GSE109127,"Comparing transcriptome by means of DNA microarrays of Streptococcus pneumoniae D39 versus D39SM in medium with uracil","Expression profiling by array","Streptococcus pneumoniae;Streptococcus pneumoniae D39",2,,"TXT","ftp://ftp.ncbi.nlm.nih.gov/geo/series/GSE109nnn/GSE109127/suppl",,,"Tomas Kloosterman","Mar 01, 2018"
GSE109128,"Comparing transcriptome by means of DNA microarrays of Streptococcus pneumoniae D39 versus D39SM in medium without uracil","Expression profiling by array","Streptococcus pneumoniae;Streptococcus pneumoniae D39",2,,"TXT","ftp://ftp.ncbi.nlm.nih.gov/geo/series/GSE109nnn/GSE109128/suppl",,,"Tomas Kloosterman","Mar 01, 2018"
GSE109129,"Interplay between capsule expression and uracil metabolism in Streptococcus pneumoniae","Expression profiling by array","Streptococcus pneumoniae;Streptococcus pneumoniae D39",8,,"TXT","ftp://ftp.ncbi.nlm.nih.gov/geo/series/GSE109nnn/GSE109129/suppl",,,"Tomas Kloosterman","Mar 01, 2018"
GSE109584,"High-coverage TAC-seq expression","Other","Homo sapiens",18,,"TSV;SRA Run Selector","ftp://ftp.ncbi.nlm.nih.gov/geo/series/GSE109nnn/GSE109584/suppl;https://www.ncbi.nlm.nih.gov/Traces/study/?acc=PRJNA431607",30588329,SRP131392,"Hindrek Teder","Mar 01, 2018"
GSE109606,"Trisomy-TAC-seq","Other","Homo sapiens",16,,"TSV;SRA Run Selector","ftp://ftp.ncbi.nlm.nih.gov/geo/series/GSE109nnn/GSE109606/suppl;https://www.ncbi.nlm.nih.gov/Traces/study/?acc=PRJNA431465",30588329,SRP131245,"Hindrek Teder","Mar 01, 2018"
GSE109706,"Parkinson’s Disease Genetic Risk in a Midbrain Neuronal Cell Line","Expression profiling by high throughput sequencing;Genome binding/occupancy profiling by high throughput sequencing","Homo sapiens",20,,"SRA Run Selector","https://www.ncbi.nlm.nih.gov/Traces/study/?acc=PRJNA431771",29486295,SRP131485,"Gerry A. Coetzee","Mar 01, 2018"
GSE109829,"Actomyosin-mediated tension orchestrates uncoupled respiration in adipose tissues","Expression profiling by high throughput sequencing","Mus musculus",14,,"XLSX;SRA Run Selector","ftp://ftp.ncbi.nlm.nih.gov/geo/series/GSE109nnn/GSE109829/suppl;https://www.ncbi.nlm.nih.gov/Traces/study/?acc=PRJNA432141",29514068,SRP131767,"Greg Timblin","Mar 01, 2018"
GSE109870,"transcriptome studies of BRD4 inhibitor BDF-1253 on renal clear carcinoma 786-O cells","Expression profiling by high throughput sequencing","Homo sapiens",6,,"DIFF;SRA Run Selector","ftp://ftp.ncbi.nlm.nih.gov/geo/series/GSE109nnn/GSE109870/suppl;https://www.ncbi.nlm.nih.gov/Traces/study/?acc=PRJNA432221",30385738,SRP131787,"Cheng Luo","Mar 01, 2018"
GSE109920,"Expression data from KP and KPY murine sarcoma tumors","Expression profiling by array","Mus musculus",10,,"CEL;CHP","ftp://ftp.ncbi.nlm.nih.gov/geo/series/GSE109nnn/GSE109920/suppl",30382078,,"T.S. Karin Eisinger","Mar 01, 2018"
GSE109923,"Expression data from murine sarcoma cells treated with either DMSO or a combination of SAHA and JQ1 for 48 hours","Expression profiling by array","Mus musculus",6,,"CEL;CHP","ftp://ftp.ncbi.nlm.nih.gov/geo/series/GSE109nnn/GSE109923/suppl",30382078,,"T.S. Karin Eisinger","Mar 01, 2018"
GSE110051,"GRNs driving cartilage and bone formation interact via averaging and synergism during cartilage maturation","Expression profiling by high throughput sequencing","Mus musculus",9,,"TXT;SRA Run Selector","ftp://ftp.ncbi.nlm.nih.gov/geo/series/GSE110nnn/GSE110051/suppl;https://www.ncbi.nlm.nih.gov/Traces/study/?acc=PRJNA432660",,SRP132044,"Brian Eames","Mar 01, 2018"
GSE110110,"targeted allele counting by sequencing (TAC-seq)","Other;Non-coding RNA profiling by high throughput sequencing","Homo sapiens;synthetic construct",85,,,,30588329,,"Kaarel Krjutskov","Mar 01, 2018"
GSE110394,"Analysis of human leukocyte antigen (HLA) allotype-specific response in abacavir-exposed keratinocyte","Expression profiling by array","Mus musculus",2,,"TXT","ftp://ftp.ncbi.nlm.nih.gov/geo/series/GSE110nnn/GSE110394/suppl",,,"Satoshi Kondo","Mar 01, 2018"
GSE110629,"Next-generation sequencing of three memory OT-I cell subsets from mice infected with Listeria monocytogenes","Expression profiling by high throughput sequencing","Mus musculus",6,,"TXT;SRA Run Selector","ftp://ftp.ncbi.nlm.nih.gov/geo/series/GSE110nnn/GSE110629/suppl;https://www.ncbi.nlm.nih.gov/Traces/study/?acc=PRJNA434131",29625895,SRP132888,"Dietmar Herndler-Brandstetter","Mar 01, 2018"
GSE110672,"Glucagon contributes to liver zonation in mice [Gcg KO]","Expression profiling by high throughput sequencing","Mus musculus",12,,"TXT;SRA Run Selector","ftp://ftp.ncbi.nlm.nih.gov/geo/series/GSE110nnn/GSE110672/suppl;https://www.ncbi.nlm.nih.gov/Traces/study/?acc=PRJNA434234",29555772,SRP132927,"Yurong Xin","Mar 01, 2018"
GSE110673,"Glucagon contributes to liver zonation in mice [Gcg infusion]","Expression profiling by high throughput sequencing","Mus musculus",22,,"TXT;SRA Run Selector","ftp://ftp.ncbi.nlm.nih.gov/geo/series/GSE110nnn/GSE110673/suppl;https://www.ncbi.nlm.nih.gov/Traces/study/?acc=PRJNA434235",29555772,SRP132926,"Yurong Xin","Mar 01, 2018"
GSE110674,"Glucagon contributes to liver zonation in mice","Expression profiling by high throughput sequencing","Mus musculus",34,,,,29555772,,"Yurong Xin","Mar 01, 2018"
GSE110698,"Germinal Center B cells RNA-Seq (WT and Cbl-/-Cblb-/-)","Expression profiling by high throughput sequencing","Mus musculus",2,,"XLS;SRA Run Selector","ftp://ftp.ncbi.nlm.nih.gov/geo/series/GSE110nnn/GSE110698/suppl;https://www.ncbi.nlm.nih.gov/Traces/study/?acc=PRJNA434305",,SRP132951,"Hua Gu","Mar 01, 2018"
GSE110706,"Next-generation sequencing of three memory OT-I cell subsets from mice infected with vesicular stomatitis virus","Expression profiling by high throughput sequencing","Mus musculus",3,,"TXT;SRA Run Selector","ftp://ftp.ncbi.nlm.nih.gov/geo/series/GSE110nnn/GSE110706/suppl;https://www.ncbi.nlm.nih.gov/Traces/study/?acc=PRJNA434330",29625895,SRP132962,"Dietmar Herndler-Brandstetter","Mar 01, 2018"
GSE110707,"KLRG1+ Effector CD8+ T Cells Lose KLRG1, Differentiate Into All Memory T Cell Lineages, and Convey Enhanced Protective Immunity","Expression profiling by high throughput sequencing;Genome binding/occupancy profiling by high throughput sequencing","Mus musculus",17,,"BEDGRAPH","ftp://ftp.ncbi.nlm.nih.gov/geo/series/GSE110nnn/GSE110707/suppl",29625895,,"Dietmar Herndler-Brandstetter","Mar 01, 2018"
GSE110797,"MicroRNA expression in serum samples of sulfur mustard veterans as a diagnostic gateway to improve care","Expression profiling by RT-PCR","Homo sapiens",6,,"TXT","ftp://ftp.ncbi.nlm.nih.gov/geo/series/GSE110nnn/GSE110797/suppl",29566027,,"Sedigheh Gharbi","Mar 01, 2018"
GSE110876,"ATAC-seq of naive and three effector OT-I cell subsets from mice infected with Listeria monocytogenes","Genome binding/occupancy profiling by high throughput sequencing","Mus musculus",8,,"BEDGRAPH;SRA Run Selector","ftp://ftp.ncbi.nlm.nih.gov/geo/series/GSE110nnn/GSE110876/suppl;https://www.ncbi.nlm.nih.gov/Traces/study/?acc=PRJNA434725",29625895,SRP133166,"Dietmar Herndler-Brandstetter","Mar 01, 2018"
GSE110939,"Degradome sequencing from Arabidopsis tissues non-infected and infected with Tobacco rattle virus (TRV)","Expression profiling by high throughput sequencing","Arabidopsis thaliana",3,,"TXT;SRA Run Selector","ftp://ftp.ncbi.nlm.nih.gov/geo/series/GSE110nnn/GSE110939/suppl;https://www.ncbi.nlm.nih.gov/Traces/study/?acc=PRJNA434891",,SRP133215,"Livia Donaire","Mar 01, 2018"
GSE110940,"sRNAseq from Arabidopsis leaves non-infected and infected with Turnip mosaic virus (TuMV)","Non-coding RNA profiling by high throughput sequencing","Arabidopsis thaliana",2,,"TXT;SRA Run Selector","ftp://ftp.ncbi.nlm.nih.gov/geo/series/GSE110nnn/GSE110940/suppl;https://www.ncbi.nlm.nih.gov/Traces/study/?acc=PRJNA434890",,SRP133216,"Livia Donaire","Mar 01, 2018"
GSE111111,"Expression data from Germ-Free (GF) and L.NK2-colonized mice intestinal epithelial cells and Peyer's patches cells","Expression profiling by array","Mus musculus",4,,"CEL;XLSX","ftp://ftp.ncbi.nlm.nih.gov/geo/series/GSE111nnn/GSE111111/suppl",,,"Rongcun Yang","Mar 01, 2018"
GSE111232,"Mouse Embryo Sox1 cre-dependent knockout of EED","Expression profiling by high throughput sequencing","Mus musculus",8,,"CSV;XLSX;SRA Run Selector","ftp://ftp.ncbi.nlm.nih.gov/geo/series/GSE111nnn/GSE111232/suppl;https://www.ncbi.nlm.nih.gov/Traces/study/?acc=PRJNA436234",29530878,SRP133646,"jonathan rakar","Mar 01, 2018"
GSE111242,"Astrocyte mRNA expression - comparison of wild type animals to CETP transgenic animals","Expression profiling by array","Mus musculus",7,,"CEL;CHP;XLS","ftp://ftp.ncbi.nlm.nih.gov/geo/series/GSE111nnn/GSE111242/suppl",,,"Lisa Marie Munter","Mar 01, 2018"
GSE111246,"HER2 Overexpression Modifies the Cellular Response to Hypoxia in MCF7 Breast Cancer Cell Lines","Expression profiling by array","Homo sapiens",18,,"TXT","ftp://ftp.ncbi.nlm.nih.gov/geo/series/GSE111nnn/GSE111246/suppl",30670058,,"Edward Joseph Jarman","Mar 01, 2018"
GSE111255,"DBP1 in budding yeast","Expression profiling by high throughput sequencing;Other","Saccharomyces cerevisiae",32,,"CSV;SRA Run Selector","ftp://ftp.ncbi.nlm.nih.gov/geo/series/GSE111nnn/GSE111255/suppl;https://www.ncbi.nlm.nih.gov/Traces/study/?acc=PRJNA436358",,SRP133670,"Alan G Hinnebusch","Mar 01, 2018"
GSE111257,"The Caenorhabditis elegans Female-Like State: Decoupling the Transcriptomic Effects of Aging and Sperm Status","Expression profiling by high throughput sequencing","Caenorhabditis elegans",12,,"H5;TSV;SRA Run Selector","ftp://ftp.ncbi.nlm.nih.gov/geo/series/GSE111nnn/GSE111257/suppl;https://www.ncbi.nlm.nih.gov/Traces/study/?acc=PRJNA436362",28751504,SRP133671,"David Angeles-Albores","Mar 01, 2018"
GSE111260,"A multi-component view of the glioma transcriptome identifies unique immune infiltration patterns in primary glioblastomas and patients with inferior prognosis.","Expression profiling by array","Homo sapiens",70,,"CEL","ftp://ftp.ncbi.nlm.nih.gov/geo/series/GSE111nnn/GSE111260/suppl",,,"Jeanmougin Jeanmougin","Mar 01, 2018"
GSE77991,"Genome-wide methylation analysis of esophageal mucosa using Infinium HumanMethylation 450 BeadChip","Methylation profiling by genome tiling array","Homo sapiens",37,,"TXT","ftp://ftp.ncbi.nlm.nih.gov/geo/series/GSE77nnn/GSE77991/suppl",29358395,,"Satoshi Yamashita","Feb 28, 2018"
GSE85101,"Adipose depot differences in high fat fed mice","Non-coding RNA profiling by high throughput sequencing","Mus musculus",9,,"TXT;SRA Run Selector","ftp://ftp.ncbi.nlm.nih.gov/geo/series/GSE85nnn/GSE85101/suppl;https://www.ncbi.nlm.nih.gov/Traces/study/?acc=PRJNA336174",29507687;30261280,SRP080810,"Naima Moustaid-Moussa","Feb 28, 2018"
GSE87221,"Airn isoforms are important for the functions of cardiomyocytes (RIP-chip-Igf2bp2)","Other","Mus musculus",16,,"CEL;XLSX","ftp://ftp.ncbi.nlm.nih.gov/geo/series/GSE87nnn/GSE87221/suppl",29483092,,"Shizuka Uchida","Feb 28, 2018"
GSE87222,"Airn isoforms are important for the functions of cardiomyocytes (Gene_Array-Airn)","Expression profiling by array","Mus musculus",14,,"CEL;XLSX","ftp://ftp.ncbi.nlm.nih.gov/geo/series/GSE87nnn/GSE87222/suppl",29483092,,"Shizuka Uchida","Feb 28, 2018"
GSE87223,"Airn isoforms are important for the functions of cardiomyocytes","Other;Expression profiling by array","Mus musculus",30,,"CEL","ftp://ftp.ncbi.nlm.nih.gov/geo/series/GSE87nnn/GSE87223/suppl",29483092,,"Shizuka Uchida","Feb 28, 2018"
GSE89484,"Selective modulation of inflammatory Natural Killer (NK) cell phenotypes following histone H3K27 demethylase inhibition [RNA-Seq]","Expression profiling by high throughput sequencing","Homo sapiens",6,,"TXT;SRA Run Selector","ftp://ftp.ncbi.nlm.nih.gov/geo/series/GSE89nnn/GSE89484/suppl;https://www.ncbi.nlm.nih.gov/Traces/study/?acc=PRJNA352350",29301935,SRP092533,"Adam Cribbs","Feb 28, 2018"
GSE89668,"Selective modulation of inflammatory Natural Killer (NK) cell phenotypes following histone H3K27 demethylase inhibition [ATAC-Seq and ChIP-Seq]","Genome binding/occupancy profiling by high throughput sequencing;Other","Homo sapiens",14,,"BW;SRA Run Selector","ftp://ftp.ncbi.nlm.nih.gov/geo/series/GSE89nnn/GSE89668/suppl;https://www.ncbi.nlm.nih.gov/Traces/study/?acc=PRJNA352874",29301935,SRP092959,"Adam Cribbs","Feb 28, 2018"
GSE89669,"Selective modulation of inflammatory Natural Killer (NK) cell phenotypes following histone H3K27 demethylase inhibition","Expression profiling by high throughput sequencing;Genome binding/occupancy profiling by high throughput sequencing;Other","Homo sapiens",20,,"BW","ftp://ftp.ncbi.nlm.nih.gov/geo/series/GSE89nnn/GSE89669/suppl",29301935,,"Adam Cribbs","Feb 28, 2018"
GSE90171,"transcriptional profiling of kidney of PPARgamma null and AZIP mice","Expression profiling by array","Mus musculus",12,,"CEL","ftp://ftp.ncbi.nlm.nih.gov/geo/series/GSE90nnn/GSE90171/suppl",,,"Federica Gilardi","Feb 28, 2018"
GSE95394,"Expression data from susceptible rice cultivar innoculated with Magnaporthe oryzae isolate (Mo-ei-11)","Expression profiling by array","Oryza sativa",24,,"CEL","ftp://ftp.ncbi.nlm.nih.gov/geo/series/GSE95nnn/GSE95394/suppl",,,"T R Sharma","Feb 28, 2018"
GSE95485,"Effect of Lipiodol on Dendritic Cell","Expression profiling by array","Homo sapiens",2,,"CEL;XLSX","ftp://ftp.ncbi.nlm.nih.gov/geo/series/GSE95nnn/GSE95485/suppl",28455434,,"Gentaro Izumi","Feb 28, 2018"
GSE95539,"Small RNA Next Generation Sequencing of healthy and myeloma plasma cells","Non-coding RNA profiling by high throughput sequencing","Homo sapiens",6,,"TXT;SRA Run Selector","ftp://ftp.ncbi.nlm.nih.gov/geo/series/GSE95nnn/GSE95539/suppl;https://www.ncbi.nlm.nih.gov/Traces/study/?acc=PRJNA377345",,SRP100880,"Stefano Volinia","Feb 28, 2018"
GSE95579,"A mouse model of miR-96, miR-182 and miR-183 misexpression implicates miRNAs in cochlear cell fate and homeostasis","Expression profiling by array","Mus musculus",16,,"CEL","ftp://ftp.ncbi.nlm.nih.gov/geo/series/GSE95nnn/GSE95579/suppl",29476110,,"Michael D Weston","Feb 28, 2018"
GSE95720,"Individual retrotransposon integrants are differentially controlled by KZFP/KAP1-dependent histone methylation, DNA methylation and TET-mediated hydroxymethylation in naïve embryonic stem cells","Genome binding/occupancy profiling by high throughput sequencing;Expression profiling by high throughput sequencing;Methylation profiling by high throughput sequencing","Mus musculus",28,,"BED;PILEUP;TXT;SRA Run Selector","ftp://ftp.ncbi.nlm.nih.gov/geo/series/GSE95nnn/GSE95720/suppl;https://www.ncbi.nlm.nih.gov/Traces/study/?acc=PRJNA378220",29482634,SRP101434,"Julien Duc","Feb 28, 2018"
GSE96747,"Next Generation Sequencing Facilitates Quantitative Analysis of Murine Salivary Gland Transcriptomes","Expression profiling by high throughput sequencing","Mus musculus",18,,"TXT;SRA Run Selector","ftp://ftp.ncbi.nlm.nih.gov/geo/series/GSE96nnn/GSE96747/suppl;https://www.ncbi.nlm.nih.gov/Traces/study/?acc=PRJNA379545",29373073,SRP102060,"James E. Melvin","Feb 28, 2018"
GSE98556,"A versatile approach for assessing human stem cell-derived retinal progeny using single cell transcriptomics","Expression profiling by high throughput sequencing","Homo sapiens",546,,"TXT;SRA Run Selector","ftp://ftp.ncbi.nlm.nih.gov/geo/series/GSE98nnn/GSE98556/suppl;https://www.ncbi.nlm.nih.gov/Traces/study/?acc=PRJNA385507",29230913,SRP106476,"Peng Jiang","Feb 28, 2018"
GSE98645,"Analysis of gene expression changes in whole blood samples from young men after acute or short-term intake of probiotic yoghurt compared to acidified milk","Expression profiling by high throughput sequencing","Homo sapiens",77,,"CSV;TXT;SRA Run Selector","ftp://ftp.ncbi.nlm.nih.gov/geo/series/GSE98nnn/GSE98645/suppl;https://www.ncbi.nlm.nih.gov/Traces/study/?acc=PRJNA385815",29489876,SRP106630,"Nadine Zangger","Feb 28, 2018"
GSE98713,"MicroRNAs-wide analysis of primordial germ and somatic cells reveals sexual and developmental differential functional regulation in mouse embryonic gonads","Non-coding RNA profiling by high throughput sequencing","Mus musculus",12,,"TXT;SRA Run Selector","ftp://ftp.ncbi.nlm.nih.gov/geo/series/GSE98nnn/GSE98713/suppl;https://www.ncbi.nlm.nih.gov/Traces/study/?acc=PRJNA385972",29187591,SRP106711,"Jesus del Mazo Martinez","Feb 28, 2018"
GSE99547,"Biomodal role of H3.3 in safe-guarding and establishing cell identities during reprogramming [ATAC-Seq]","Other","Mus musculus",9,,"TXT;SRA Run Selector","ftp://ftp.ncbi.nlm.nih.gov/geo/series/GSE99nnn/GSE99547/suppl;https://www.ncbi.nlm.nih.gov/Traces/study/?acc=PRJNA388760",29670118,SRP108419,"Chadi EL Farran","Feb 28, 2018"
GSE99548,"Biomodal role of H3.3 in safe-guarding and establishing cell identities during reprogramming [RNA-Seq]","Expression profiling by high throughput sequencing","Mus musculus",12,,"TXT;SRA Run Selector","ftp://ftp.ncbi.nlm.nih.gov/geo/series/GSE99nnn/GSE99548/suppl;https://www.ncbi.nlm.nih.gov/Traces/study/?acc=PRJNA388762",29670118,SRP108420,"Chadi EL Farran","Feb 28, 2018"
GSE99591,"Biomodal role of H3.3 in safe-guarding and establishing cell identities during reprogramming [ChIP-Seq]","Genome binding/occupancy profiling by high throughput sequencing","Mus musculus",46,,"TXT;SRA Run Selector","ftp://ftp.ncbi.nlm.nih.gov/geo/series/GSE99nnn/GSE99591/suppl;https://www.ncbi.nlm.nih.gov/Traces/study/?acc=PRJNA388929",29670118,SRP108557,"Chadi EL Farran","Feb 28, 2018"
GSE99592,"Biomodal role of H3.3 in safe-guarding and establishing cell identities during reprogramming","Expression profiling by high throughput sequencing;Genome binding/occupancy profiling by high throughput sequencing;Other","Mus musculus",73,,"TXT","ftp://ftp.ncbi.nlm.nih.gov/geo/series/GSE99nnn/GSE99592/suppl",29670118,,"Chadi EL Farran","Feb 28, 2018"
GSE99967,"Identification of a neutrophil-related gene expression signature that distinguishes between adult patients with and without nephritis in active systemic lupus erythematosus","Expression profiling by array","Homo sapiens",59,,"CEL","ftp://ftp.ncbi.nlm.nih.gov/geo/series/GSE99nnn/GSE99967/suppl",29742110,,"Stephenie Prokopec","Feb 28, 2018"
GSE101773,"PREP1 down-regulation changes the DNA replication timing of Lamin-associated DNA and induces DNA damage [ChIP-Seq]","Genome binding/occupancy profiling by high throughput sequencing","Homo sapiens",2,,"NARROWPEAK;SRA Run Selector","ftp://ftp.ncbi.nlm.nih.gov/geo/series/GSE101nnn/GSE101773/suppl;https://www.ncbi.nlm.nih.gov/Traces/study/?acc=PRJNA395427",29453404,SRP113379,"Dmitry Penkov","Feb 28, 2018"
GSE101774,"PREP1 down-regulation changes the DNA replication timing of Lamin-associated DNA and induces DNA damage [RNA-Seq]","Expression profiling by high throughput sequencing","Homo sapiens",6,,"TXT;SRA Run Selector","ftp://ftp.ncbi.nlm.nih.gov/geo/series/GSE101nnn/GSE101774/suppl;https://www.ncbi.nlm.nih.gov/Traces/study/?acc=PRJNA395426",29453404,SRP113380,"Dmitry Penkov","Feb 28, 2018"
GSE101775,"PREP1 down-regulation changes the DNA replication timing of Lamin-associated DNA and induces DNA damage [Repli-Seq]","Other","Homo sapiens",12,,"TXT;SRA Run Selector","ftp://ftp.ncbi.nlm.nih.gov/geo/series/GSE101nnn/GSE101775/suppl;https://www.ncbi.nlm.nih.gov/Traces/study/?acc=PRJNA395425",29453404,SRP113378,"Dmitry Penkov","Feb 28, 2018"
GSE101776,"PREP1 down-regulation changes the DNA replication timing of Lamin-associated DNA and induces DNA damage","Genome binding/occupancy profiling by high throughput sequencing;Expression profiling by high throughput sequencing;Other","Homo sapiens",20,,,,29453404,,"Dmitry Penkov","Feb 28, 2018"
GSE101993,"Molecular characterization of gene regulatory networks in primary human tracheal and bronchial epithelial cells.","Genome binding/occupancy profiling by high throughput sequencing;Expression profiling by high throughput sequencing","Homo sapiens",20,,"BED;DIFF;SRA Run Selector","ftp://ftp.ncbi.nlm.nih.gov/geo/series/GSE101nnn/GSE101993/suppl;https://www.ncbi.nlm.nih.gov/Traces/study/?acc=PRJNA396159",29459038,SRP113758,"Ann Harris","Feb 28, 2018"
GSE102881,"Transcriptomic analysis of healthy donor and Sickle Cell Disease (SCD) hematopoietic stem/progenitor cells","Expression profiling by high throughput sequencing","Homo sapiens",12,,"TXT;SRA Run Selector","ftp://ftp.ncbi.nlm.nih.gov/geo/series/GSE102nnn/GSE102881/suppl;https://www.ncbi.nlm.nih.gov/Traces/study/?acc=PRJNA399151",29472357,SRP115911,"Oriana Romano","Feb 28, 2018"
GSE103064,"Differential gene expression of S. aureus 04-02981 (MRSA) on exposure to AGXX®","Expression profiling by high throughput sequencing","Staphylococcus aureus",17,,"RPKM;TXT;SRA Run Selector","ftp://ftp.ncbi.nlm.nih.gov/geo/series/GSE103nnn/GSE103064/suppl;https://www.ncbi.nlm.nih.gov/Traces/study/?acc=PRJNA400073",,SRP116134,"Anne de Jong","Feb 28, 2018"
GSE103318,"The bromodomain-containing protein Ibd1 links multiple chromatin-related protein complexes to highly expressed genes in Tetrahymena thermophila","Genome binding/occupancy profiling by high throughput sequencing","Tetrahymena thermophila",4,,"XLS;XLSX;SRA Run Selector","ftp://ftp.ncbi.nlm.nih.gov/geo/series/GSE103nnn/GSE103318/suppl;https://www.ncbi.nlm.nih.gov/Traces/study/?acc=PRJNA401656",29523178,SRP131320,"Alejandro Saettone","Feb 28, 2018"
GSE103379,"Gene expression of macrophages isolated from mouse brains","Expression profiling by array","Mus musculus",6,,"CEL;CHP","ftp://ftp.ncbi.nlm.nih.gov/geo/series/GSE103nnn/GSE103379/suppl",29376888,,"Dorthea Wheeler","Feb 28, 2018"
GSE103380,"Gene expression of microglia from naïve or MHV infected mouse brains","Expression profiling by array","Mus musculus",8,,"CEL;CHP","ftp://ftp.ncbi.nlm.nih.gov/geo/series/GSE103nnn/GSE103380/suppl",29376888,,"Dorthea Wheeler","Feb 28, 2018"
GSE103440,"Demodifying RNA for Transcriptomic Analyses of Archival Formalin-Fixed Paraffin-Embedded Samples","Expression profiling by high throughput sequencing","Mus musculus",96,,"TXT;SRA Run Selector","ftp://ftp.ncbi.nlm.nih.gov/geo/series/GSE103nnn/GSE103440/suppl;https://www.ncbi.nlm.nih.gov/Traces/study/?acc=PRJNA401796",29228314,SRP116969,"Susan Hester","Feb 28, 2018"
GSE103727,"Gene expression of macrophages and microglia from naïve or MHV infected mouse brains","Expression profiling by high throughput sequencing","Mus musculus",14,,"CEL;CHP","ftp://ftp.ncbi.nlm.nih.gov/geo/series/GSE103nnn/GSE103727/suppl",29376888,,"Dorthea Wheeler","Feb 28, 2018"
GSE103918,"Single cell transcriptomic profiling of pluripotent stem cell-derived SCGB3A2+ airway epithelium reveals fate plasticity  *- 10x Chromium: bronchospheres vs. alveolospheres day 41*","Expression profiling by high throughput sequencing","Homo sapiens",2,,"MTX;TSV;SRA Run Selector","ftp://ftp.ncbi.nlm.nih.gov/geo/series/GSE103nnn/GSE103918/suppl;https://www.ncbi.nlm.nih.gov/Traces/study/?acc=PRJNA407489",29657097,SRP117754,"Ignacio S. Caballero","Feb 28, 2018"
GSE103919,"Single cell transcriptomic profiling of pluripotent stem cell-derived SCGB3A2+ airway epithelium reveals fate plasticity* - Fluidigm C1: bronchospheres day 27*","Expression profiling by high throughput sequencing","Homo sapiens",76,,"TXT;SRA Run Selector","ftp://ftp.ncbi.nlm.nih.gov/geo/series/GSE103nnn/GSE103919/suppl;https://www.ncbi.nlm.nih.gov/Traces/study/?acc=PRJNA407490",29657097,SRP117755,"Ignacio S. Caballero","Feb 28, 2018"
GSE103920,"Single cell transcriptomic profiling of pluripotent stem cell-derived SCGB3A2+ airway epithelium reveals fate plasticity","Expression profiling by high throughput sequencing","Homo sapiens",78,,,,29657097,,"Ignacio S. Caballero","Feb 28, 2018"
GSE103986,"Isolation and functional examination of the long non-coding RNA Redrum","Expression profiling by high throughput sequencing","Mus musculus",2,,"TXT;SRA Run Selector","ftp://ftp.ncbi.nlm.nih.gov/geo/series/GSE103nnn/GSE103986/suppl;https://www.ncbi.nlm.nih.gov/Traces/study/?acc=PRJNA407889",29237115,SRP118068,"Charny Park","Feb 28, 2018"
GSE104586,"TAK1 is essential for growth and maintenance of skeletal muscle mass","Expression profiling by array","Mus musculus",6,,"CEL","ftp://ftp.ncbi.nlm.nih.gov/geo/series/GSE104nnn/GSE104586/suppl",29415881,,"Shizuka Uchida","Feb 28, 2018"
GSE104644,"Reduced Type I Interferon response signature detected in dendritic cells from prediabetic NOD mice compared to C57BL/6.g7 and Rag KO","Expression profiling by high throughput sequencing","Mus musculus",70,,"XLSX;SRA Run Selector","ftp://ftp.ncbi.nlm.nih.gov/geo/series/GSE104nnn/GSE104644/suppl;https://www.ncbi.nlm.nih.gov/Traces/study/?acc=PRJNA413395",29415894,SRP119466,"Kristin V Tarbell","Feb 28, 2018"
GSE104720,"Analysis of chromatin accessibility in decidualizing human endometrial stromal cells","Genome binding/occupancy profiling by high throughput sequencing","Homo sapiens",5,,"XLSX;SRA Run Selector","ftp://ftp.ncbi.nlm.nih.gov/geo/series/GSE104nnn/GSE104720/suppl;https://www.ncbi.nlm.nih.gov/Traces/study/?acc=PRJNA413636",29259032,SRP119586,"Jan J Brosens","Feb 28, 2018"
GSE104721,"OBESITY IS ASSOCIATED WITH IMPAIRED EXPRESSION OF THE GLYCOSYLTRANSFERASE EOGT IN DECIDUALIZING ENDOMETRIUM","Expression profiling by high throughput sequencing","Homo sapiens",12,,"XLS;SRA Run Selector","ftp://ftp.ncbi.nlm.nih.gov/geo/series/GSE104nnn/GSE104721/suppl;https://www.ncbi.nlm.nih.gov/Traces/study/?acc=PRJNA413635",29244071,SRP119585,"Jan J Brosens","Feb 28, 2018"
GSE104764,"Chip-chip from human epidermis with H3ac","Genome binding/occupancy profiling by array","Homo sapiens",2,,"GFF;PAIR","ftp://ftp.ncbi.nlm.nih.gov/geo/series/GSE104nnn/GSE104764/suppl",,,"Shu Ding","Feb 28, 2018"
GSE104847,"H9 human embryonic stem cells and Isthmic organizer (IsO) like cells","Expression profiling by array","Homo sapiens",6,,"TXT","ftp://ftp.ncbi.nlm.nih.gov/geo/series/GSE104nnn/GSE104847/suppl",29385674,,"Dong-Wook Kim","Feb 28, 2018"
GSE105110,"Generation of Tumor Antigen-Specific iPSC-Derived Thymic Emigrants (iTE) using a Novel 3D Thymic Culture System","Expression profiling by high throughput sequencing","Mus musculus",18,,"TXT;SRA Run Selector","ftp://ftp.ncbi.nlm.nih.gov/geo/series/GSE105nnn/GSE105110/suppl;https://www.ncbi.nlm.nih.gov/Traces/study/?acc=PRJNA414659",,SRP120212,"Li Jia","Feb 28, 2018"
GSE106445,"Transcriptome analysis of satellite cells with a genetic deletion of HDAC4 to identify the gene modulated by HDAC4","Expression profiling by high throughput sequencing","Mus musculus",4,,"XLSX;SRA Run Selector","ftp://ftp.ncbi.nlm.nih.gov/geo/series/GSE106nnn/GSE106445/suppl;https://www.ncbi.nlm.nih.gov/Traces/study/?acc=PRJNA416903",29472596,SRP123455,"Viviana M","Feb 28, 2018"
GSE106446,"Genome-wide maps of chromatin bound by HDAC4 in proliferating muscle cells","Genome binding/occupancy profiling by high throughput sequencing","Mus musculus",2,,"XLSX;SRA Run Selector","ftp://ftp.ncbi.nlm.nih.gov/geo/series/GSE106nnn/GSE106446/suppl;https://www.ncbi.nlm.nih.gov/Traces/study/?acc=PRJNA416904",29472596,SRP123454,"Viviana M","Feb 28, 2018"
GSE106485,"HDAC4 regulates satellite cell proliferation and differentiation by targeting P21 and Sharp1 genes","Expression profiling by high throughput sequencing;Genome binding/occupancy profiling by high throughput sequencing","Mus musculus",6,,"XLSX","ftp://ftp.ncbi.nlm.nih.gov/geo/series/GSE106nnn/GSE106485/suppl",29472596,,"Viviana M","Feb 28, 2018"
GSE106581,"Cancer-associated rs6983267 SNP and its accompanying long non-coding RNA CCAT2 induce myeloid malignancies via unique SNP-specific RNA mutations","Expression profiling by array","Mus musculus",18,,"CEL","ftp://ftp.ncbi.nlm.nih.gov/geo/series/GSE106nnn/GSE106581/suppl",29567676,,"George Calin","Feb 28, 2018"
GSE106961,"Conjunctival transcriptome profiling of Solomon Islanders with active trachoma but without ocular Chlamydia trachomatis infection.","Expression profiling by array","Homo sapiens",20,,"CEL","ftp://ftp.ncbi.nlm.nih.gov/geo/series/GSE106nnn/GSE106961/suppl",,,"Hristina Chavdarova Vasileva","Feb 28, 2018"
GSE107050,"Biomodal role of H3.3 in safe-guarding and establishing cell identities during reprogramming [RNA-Seq H3.3 KD]","Expression profiling by high throughput sequencing","Mus musculus",6,,"TXT;SRA Run Selector","ftp://ftp.ncbi.nlm.nih.gov/geo/series/GSE107nnn/GSE107050/suppl;https://www.ncbi.nlm.nih.gov/Traces/study/?acc=PRJNA418916",29670118,SRP125180,"Chadi EL Farran","Feb 28, 2018"
GSE107425,"JAZ1 attenuates drought resistance by regulating JA and ABA signaling in rice","Expression profiling by high throughput sequencing","Oryza sativa Japonica Group",10,,"XLSX;SRA Run Selector","ftp://ftp.ncbi.nlm.nih.gov/geo/series/GSE107nnn/GSE107425/suppl;https://www.ncbi.nlm.nih.gov/Traces/study/?acc=PRJNA420056",29312378,SRP125756,"Jie Fu","Feb 28, 2018"
GSE108598,"Epigenetic activation during Th17 cell differentiation is impaired after TRIM28 deletion","Genome binding/occupancy profiling by high throughput sequencing","Mus musculus",8,,"WIG;SRA Run Selector","ftp://ftp.ncbi.nlm.nih.gov/geo/series/GSE108nnn/GSE108598/suppl;https://www.ncbi.nlm.nih.gov/Traces/study/?acc=PRJNA427793",29651155,SRP127662,"Yu Jiang","Feb 28, 2018"
GSE108868,"Expression data of the human colorectal cancer cell line HCT116 in response to MS-275 and hydroxyurea treatment","Expression profiling by array","Homo sapiens",4,,"CEL","ftp://ftp.ncbi.nlm.nih.gov/geo/series/GSE108nnn/GSE108868/suppl",29472538,,"Oliver H. Krämer","Feb 28, 2018"
GSE108965,"Molecular Effects of Developmental FM 550 Exposure in Wistar Rat Fetal Forebrain","Expression profiling by high throughput sequencing","Rattus norvegicus",6,,"CSV;SRA Run Selector","ftp://ftp.ncbi.nlm.nih.gov/geo/series/GSE108nnn/GSE108965/suppl;https://www.ncbi.nlm.nih.gov/Traces/study/?acc=PRJNA429254",29351906,SRP128552,"Dereje D. Jima","Feb 28, 2018"
GSE109070,"rGal1 transcriptional effects over RWP-1","Expression profiling by array","Homo sapiens",4,,"CEL","ftp://ftp.ncbi.nlm.nih.gov/geo/series/GSE109nnn/GSE109070/suppl",29615514,,"Neus Martínez","Feb 28, 2018"
GSE109131,"Gene-specific mechanisms dictate glucocorticoid receptor-mediated repression of inflammatory response genes in macrophages [ChIP-seq]","Genome binding/occupancy profiling by high throughput sequencing","Mus musculus",33,,"BIGWIG;SRA Run Selector","ftp://ftp.ncbi.nlm.nih.gov/geo/series/GSE109nnn/GSE109131/suppl;https://www.ncbi.nlm.nih.gov/Traces/study/?acc=PRJNA429743",29424686,SRP128988,"Yurii Chinenov","Feb 28, 2018"
GSE109284,"LXR nuclear receptors are transcriptional regulators of dendritic cell chemotaxis","Expression profiling by array","Mus musculus",4,,"CEL","ftp://ftp.ncbi.nlm.nih.gov/geo/series/GSE109nnn/GSE109284/suppl",29507185,,"ANTONIO CASTRILLO","Feb 28, 2018"
GSE109607,"Mechanistic insights into anti-cancer properties of oligomeric proanthocyanidins from grape seeds in colorectal cancer","Expression profiling by high throughput sequencing","Homo sapiens",30,,"CSV;SRA Run Selector","ftp://ftp.ncbi.nlm.nih.gov/geo/series/GSE109nnn/GSE109607/suppl;https://www.ncbi.nlm.nih.gov/Traces/study/?acc=PRJNA431467",29463813;29684110,SRP131246,"Nicole Baldwin","Feb 28, 2018"
GSE109815,"Identify potential maternal genes of Bombyx mori using Digital Gene Expression Profiling","Expression profiling by high throughput sequencing","Bombyx mori",5,,"XLS;XLSX;SRA Run Selector","ftp://ftp.ncbi.nlm.nih.gov/geo/series/GSE109nnn/GSE109815/suppl;https://www.ncbi.nlm.nih.gov/Traces/study/?acc=PRJNA432075",29462160,SRP131695,"Pingzhen Xu","Feb 28, 2018"
GSE109999,"Single cell profiling of mouse blood cells using CEL-seq2","Expression profiling by high throughput sequencing","Mus musculus",374,,"TXT","ftp://ftp.ncbi.nlm.nih.gov/geo/series/GSE109nnn/GSE109999/suppl",30096152,,"Shian Su","Feb 28, 2018"
GSE110085,"Comparison of primary vs immortalized HUVEC","Expression profiling by array","Homo sapiens",12,,"CEL","ftp://ftp.ncbi.nlm.nih.gov/geo/series/GSE110nnn/GSE110085/suppl",29520052,,"Tobias May","Feb 28, 2018"
GSE110243,"Gene-specific mechanisms dictate glucocorticoid receptor-mediated repression of inflammatory response genes in macrophages [RNA-seq]","Expression profiling by high throughput sequencing","Mus musculus",16,,"CSV;SRA Run Selector","ftp://ftp.ncbi.nlm.nih.gov/geo/series/GSE110nnn/GSE110243/suppl;https://www.ncbi.nlm.nih.gov/Traces/study/?acc=PRJNA433244",29424686,SRP132312,"Yurii Chinenov","Feb 28, 2018"
GSE110279,"Gene-specific mechanisms dictate glucocorticoid receptor-mediated repression of inflammatory response genes in macrophages","Genome binding/occupancy profiling by high throughput sequencing;Expression profiling by high throughput sequencing","Mus musculus",49,,"BIGWIG","ftp://ftp.ncbi.nlm.nih.gov/geo/series/GSE110nnn/GSE110279/suppl",29424686,,"Yurii Chinenov","Feb 28, 2018"
GSE110501,"Single-cell transcriptome analyses reveal endothelial cell heterogeneity in tumors and changes following anti-angiogenic treatment","Expression profiling by high throughput sequencing","Homo sapiens;Mus musculus",16,,"GTF;TXT;SRA Run Selector","ftp://ftp.ncbi.nlm.nih.gov/geo/series/GSE110nnn/GSE110501/suppl;https://www.ncbi.nlm.nih.gov/Traces/study/?acc=PRJNA433865",29449267,SRP132721,"Qi Zhao","Feb 28, 2018"
GSE111067,"Expression of mutant Asxl1 perturbs hematopoiesis and promotes susceptibility to leukemic transformation","Expression profiling by high throughput sequencing;Genome binding/occupancy profiling by high throughput sequencing","Mus musculus",12,,"BW;TXT;SRA Run Selector","ftp://ftp.ncbi.nlm.nih.gov/geo/series/GSE111nnn/GSE111067/suppl;https://www.ncbi.nlm.nih.gov/Traces/study/?acc=PRJNA435741",28516957,SRP133391,"Omar Abdel-Wahab","Feb 28, 2018"
GSE111108,"Single cell profiling of 3 Human Lung Adenocarcinoma cell lines.","Expression profiling by high throughput sequencing","Homo sapiens",1,,"CSV;SRA Run Selector","ftp://ftp.ncbi.nlm.nih.gov/geo/series/GSE111nnn/GSE111108/suppl;https://www.ncbi.nlm.nih.gov/Traces/study/?acc=PRJNA435946",30096152,SRP133476,"Shian Su","Feb 28, 2018"
GSE111166,"Genome-Wide CRISPR/Cas9 Screen Identifies Host Factors Essential for Influenza Virus Replication","Other","Homo sapiens",12,,"CSV;TXT;XLSX;SRA Run Selector","ftp://ftp.ncbi.nlm.nih.gov/geo/series/GSE111nnn/GSE111166/suppl;https://www.ncbi.nlm.nih.gov/Traces/study/?acc=PRJNA436088",29642015,SRP133553,"Yan Li","Feb 28, 2018"
GSE111168,"Next Generation Sequencing Facilitates Quantitative Analysis of Retinoblastoma Transcriptomes","Expression profiling by high throughput sequencing","Homo sapiens",6,,"TXT;SRA Run Selector","ftp://ftp.ncbi.nlm.nih.gov/geo/series/GSE111nnn/GSE111168/suppl;https://www.ncbi.nlm.nih.gov/Traces/study/?acc=PRJNA436090",29741668,SRP133555,"Peiwei Chai","Feb 28, 2018"
GSE111182,"Expression data from ependymal cell cultures treated with MLN4924.","Expression profiling by array","Mus musculus",6,,"CEL","ftp://ftp.ncbi.nlm.nih.gov/geo/series/GSE111nnn/GSE111182/suppl",,,"Khadar Abdi","Feb 28, 2018"
GSE111191,"Expression data from PDVC57 cells stimulated with or without Onscostatin M","Expression profiling by array","Mus musculus",4,,"CEL","ftp://ftp.ncbi.nlm.nih.gov/geo/series/GSE111nnn/GSE111191/suppl",,,"Marie Simonneau","Feb 28, 2018"
GSE111192,"Chromosomal DNA binding of mIHF","Genome binding/occupancy profiling by high throughput sequencing","Mycobacterium tuberculosis",4,,"TXT;SRA Run Selector","ftp://ftp.ncbi.nlm.nih.gov/geo/series/GSE111nnn/GSE111192/suppl;https://www.ncbi.nlm.nih.gov/Traces/study/?acc=PRJNA436143",,SRP133586,"Andrej Benjak","Feb 28, 2018"
GSE111193,"Impact of mIHF on gene expression","Expression profiling by high throughput sequencing","Mycobacterium tuberculosis",8,,"CSV;TXT;SRA Run Selector","ftp://ftp.ncbi.nlm.nih.gov/geo/series/GSE111nnn/GSE111193/suppl;https://www.ncbi.nlm.nih.gov/Traces/study/?acc=PRJNA436144",,SRP133588,"Andrej Benjak","Feb 28, 2018"
GSE111194,"Essential Nucleoid Associated Protein mIHF (Rv1388) controls virulence and housekeeping genes in Mycobacterium tuberculosis","Genome binding/occupancy profiling by high throughput sequencing;Expression profiling by high throughput sequencing","Mycobacterium tuberculosis",12,,"TXT","ftp://ftp.ncbi.nlm.nih.gov/geo/series/GSE111nnn/GSE111194/suppl",,,"Andrej Benjak","Feb 28, 2018"
GSE111195,"Genome wide characterization of a STAT1-independent antiviral and immunoregulatory transcriptional program induced by IFNβ and TNFα reveals non-canonical STAT2 and IRF9 pathways","Expression profiling by high throughput sequencing","Homo sapiens",18,,"CSV;SRA Run Selector","ftp://ftp.ncbi.nlm.nih.gov/geo/series/GSE111nnn/GSE111195/suppl;https://www.ncbi.nlm.nih.gov/Traces/study/?acc=PRJNA436141",,SRP133589,"Nathalie Grandvaux","Feb 28, 2018"
GSE111207,"Riboflavin deficiency regulates inflammation-associated genes in rat esophageal intraepithelial neoplasia","Expression profiling by array","Rattus norvegicus",8,,"CEL;CHP","ftp://ftp.ncbi.nlm.nih.gov/geo/series/GSE111nnn/GSE111207/suppl",,,"Feng Pan","Feb 28, 2018"
GSE111221,"Gene expression of attached and suspended Bim-/- Bmf-/- murine kidney epithelial cells","Expression profiling by high throughput sequencing","Mus musculus",6,,"TXT;SRA Run Selector","ftp://ftp.ncbi.nlm.nih.gov/geo/series/GSE111nnn/GSE111221/suppl;https://www.ncbi.nlm.nih.gov/Traces/study/?acc=PRJNA436181",29141222,SRP133624,"Roger J Davis","Feb 28, 2018"
GSE66363,"Expression data from postnatal piglet retina, investigating how sialyllactose benefit retina development and vision","Expression profiling by array","Sus scrofa",18,,"CEL","ftp://ftp.ncbi.nlm.nih.gov/geo/series/GSE66nnn/GSE66363/suppl",,,"yujie shi","Feb 27, 2018"
GSE66423,"Whole genome pooled shRNA screen to characterize Raptinal-induced apoptosis in the MIA PaCa-2 cell line","Non-coding RNA profiling by array","Homo sapiens",3,,"CEL","ftp://ftp.ncbi.nlm.nih.gov/geo/series/GSE66nnn/GSE66423/suppl",,,"Kathryn Partlow","Feb 27, 2018"
GSE87136,"Whole Exome-seq profiles of prostate cancer cell lines for copy number and PARADIGM analysis","Other","Homo sapiens",2,,"SEG;SRA Run Selector","ftp://ftp.ncbi.nlm.nih.gov/geo/series/GSE87nnn/GSE87136/suppl;https://www.ncbi.nlm.nih.gov/Traces/study/?acc=PRJNA343723",29340039,SRP090212,"Joshi Alumkal","Feb 27, 2018"
GSE88958,"microRNA expression profiling in tumor prostate samples from recurrent and non-recurrent cases","Non-coding RNA profiling by array","Homo sapiens",40,,"TXT","ftp://ftp.ncbi.nlm.nih.gov/geo/series/GSE88nnn/GSE88958/suppl",,,"Chad Creighton","Feb 27, 2018"
GSE89259,"Antagonistic roles of TGF-β ligands during cardiac regeneration in zebrafish","Expression profiling by array","Danio rerio",1,,"TXT","ftp://ftp.ncbi.nlm.nih.gov/geo/series/GSE89nnn/GSE89259/suppl",29196619,,"Sven Reischauer","Feb 27, 2018"
GSE89663,"Digestion-ligation-only Hi-C is an efficient and cost-effective method for chromosome conformation capture","Other","Homo sapiens",6,,"BED;SRA Run Selector","ftp://ftp.ncbi.nlm.nih.gov/geo/series/GSE89nnn/GSE89663/suppl;https://www.ncbi.nlm.nih.gov/Traces/study/?acc=PRJNA352857",29700467,SRP092910,"Ping Hong","Feb 27, 2018"
GSE93111,"Identification of miRNAs that regulate vestibular compensation","Non-coding RNA profiling by array","Rattus norvegicus",8,,"TXT","ftp://ftp.ncbi.nlm.nih.gov/geo/series/GSE93nnn/GSE93111/suppl",28821887,,"Mun Young Chang","Feb 27, 2018"
GSE93976,"In vivo analysis of injury sites presenting full or attenuated pericyte-derived scarring after spinal cord injury (SCI)","Expression profiling by high throughput sequencing","Mus musculus",12,,"TXT;SRA Run Selector","ftp://ftp.ncbi.nlm.nih.gov/geo/series/GSE93nnn/GSE93976/suppl;https://www.ncbi.nlm.nih.gov/Traces/study/?acc=PRJNA362963",29502968,SRP097644,"Joakim Lundeberg","Feb 27, 2018"
GSE94859,"EOMES-expressing CD4+ T cells are increased in PTPN22 (1858T) risk allele carriers","Expression profiling by high throughput sequencing","Homo sapiens",32,,"XLSX;SRA Run Selector","ftp://ftp.ncbi.nlm.nih.gov/geo/series/GSE94nnn/GSE94859/suppl;https://www.ncbi.nlm.nih.gov/Traces/study/?acc=PRJNA374657",29388193,SRP099568,"Karine Chemin","Feb 27, 2018"
GSE95844,"Argonaute2 and LaminB repress transcription by controlling RNA Pol II recruitment and chromatin topology in Drosophila melanogaster (mRNA)","Expression profiling by high throughput sequencing","Drosophila melanogaster",10,,"TSV;SRA Run Selector","ftp://ftp.ncbi.nlm.nih.gov/geo/series/GSE95nnn/GSE95844/suppl;https://www.ncbi.nlm.nih.gov/Traces/study/?acc=PRJNA378551",29529026,SRP101588,"Ryan Dale","Feb 27, 2018"
GSE95845,"Argonaute2 and LaminB modulate gene expression by controlling chromatin topology (neuRNA-seq)","Expression profiling by high throughput sequencing;Other","Drosophila melanogaster",23,,"TSV;SRA Run Selector","ftp://ftp.ncbi.nlm.nih.gov/geo/series/GSE95nnn/GSE95845/suppl;https://www.ncbi.nlm.nih.gov/Traces/study/?acc=PRJNA378550",29529026,SRP101589,"Ryan Dale","Feb 27, 2018"
GSE95847,"Argonaute2 and LaminB repress transcription by controlling RNA Pol II recruitment and chromatin topology in Drosophila melanogaster (4C-Seq)","Other","Drosophila melanogaster",6,,"BEDGRAPH;SRA Run Selector","ftp://ftp.ncbi.nlm.nih.gov/geo/series/GSE95nnn/GSE95847/suppl;https://www.ncbi.nlm.nih.gov/Traces/study/?acc=PRJNA378559",29529026,SRP101592,"Ryan Dale","Feb 27, 2018"
GSE97265,"High-efficiency RNA-based reprogramming of human primary fibroblasts","Expression profiling by high throughput sequencing","Homo sapiens",14,,"TXT;SRA Run Selector","ftp://ftp.ncbi.nlm.nih.gov/geo/series/GSE97nnn/GSE97265/suppl;https://www.ncbi.nlm.nih.gov/Traces/study/?acc=PRJNA381150",29467427,SRP102810,"David P Astling","Feb 27, 2018"
GSE97712,"Genome-wide binding reveals intrinsic specificity and regulatory function of lineage-specifying bHLH transcription factors (ChIP-Seq).","Genome binding/occupancy profiling by high throughput sequencing","Mus musculus",20,,"BW;SRA Run Selector","ftp://ftp.ncbi.nlm.nih.gov/geo/series/GSE97nnn/GSE97712/suppl;https://www.ncbi.nlm.nih.gov/Traces/study/?acc=PRJNA382710",29500235,SRP103843,"Jane E Johnson","Feb 27, 2018"
GSE97713,"Genome-wide binding reveals intrinsic specificity and regulatory function of lineage-specifying bHLH transcription factors (RNA-Seq).","Expression profiling by high throughput sequencing","Mus musculus",18,,"TXT;SRA Run Selector","ftp://ftp.ncbi.nlm.nih.gov/geo/series/GSE97nnn/GSE97713/suppl;https://www.ncbi.nlm.nih.gov/Traces/study/?acc=PRJNA382709",,SRP103844,"Jane E Johnson","Feb 27, 2018"
GSE97714,"Genome-wide binding reveals intrinsic specificity and regulatory function of lineage-specifying bHLH transcription factors (ATAC-Seq).","Genome binding/occupancy profiling by high throughput sequencing","Mus musculus",6,,"BW;SRA Run Selector","ftp://ftp.ncbi.nlm.nih.gov/geo/series/GSE97nnn/GSE97714/suppl;https://www.ncbi.nlm.nih.gov/Traces/study/?acc=PRJNA382711",,SRP103845,"Jane E Johnson","Feb 27, 2018"
GSE97715,"Genome-wide binding reveals intrinsic specificity and regulatory function of lineage-specifying bHLH transcription factors","Expression profiling by high throughput sequencing;Genome binding/occupancy profiling by high throughput sequencing","Mus musculus",44,,"BW","ftp://ftp.ncbi.nlm.nih.gov/geo/series/GSE97nnn/GSE97715/suppl",,,"Jane E Johnson","Feb 27, 2018"
GSE98278,"A molecular fingerprint for terminal abdominal aortic aneurysm progression","Expression profiling by array","Homo sapiens",48,,"IDAT;TXT","ftp://ftp.ncbi.nlm.nih.gov/geo/series/GSE98nnn/GSE98278/suppl",29191809,,"Bernd Henrik Northoff","Feb 27, 2018"
GSE99673,"sRNA population in HT and AB D. melanogaster","Non-coding RNA profiling by high throughput sequencing","Drosophila melanogaster",2,,"CSV;SRA Run Selector","ftp://ftp.ncbi.nlm.nih.gov/geo/series/GSE99nnn/GSE99673/suppl;https://www.ncbi.nlm.nih.gov/Traces/study/?acc=PRJNA389281",29474379,SRP108609,"Irina Mohorianu","Feb 27, 2018"
GSE100798,"Avian zygote activates only maternal allele to disburden high variation of supernumerary sperms contrary to mammal","Expression profiling by high throughput sequencing","Gallus gallus",9,,"TXT;SRA Run Selector","ftp://ftp.ncbi.nlm.nih.gov/geo/series/GSE100nnn/GSE100798/suppl;https://www.ncbi.nlm.nih.gov/Traces/study/?acc=PRJNA393103",29659814;30375976,SRP111097,"JAE YONG HAN","Feb 27, 2018"
GSE101365,"Argonaute2 and LaminB modulate gene expression by controlling chromatin topology (ChIP-seq)","Genome binding/occupancy profiling by high throughput sequencing","Drosophila melanogaster",12,,"BED;SRA Run Selector","ftp://ftp.ncbi.nlm.nih.gov/geo/series/GSE101nnn/GSE101365/suppl;https://www.ncbi.nlm.nih.gov/Traces/study/?acc=PRJNA394037",29529026,SRP112568,"Ryan Dale","Feb 27, 2018"
GSE101390,"Zebrafish Rfx4 controls dorsal and ventral midline formation in the neural tube","Expression profiling by high throughput sequencing","Danio rerio",11,,"TXT;SRA Run Selector","ftp://ftp.ncbi.nlm.nih.gov/geo/series/GSE101nnn/GSE101390/suppl;https://www.ncbi.nlm.nih.gov/Traces/study/?acc=PRJNA394073",29243319,SRP111801,"Oleg Moskvin","Feb 27, 2018"
GSE101698,"Evidence that DNA polymerase δ contributes to initiation of leading strand DNA replication in Saccharomyces cerevisiae","Other","Saccharomyces cerevisiae",28,,"BW;FA;SRA Run Selector","ftp://ftp.ncbi.nlm.nih.gov/geo/series/GSE101nnn/GSE101698/suppl;https://www.ncbi.nlm.nih.gov/Traces/study/?acc=PRJNA395222",29487291,SRP113233,"Marta Anna Garbacz","Feb 27, 2018"
GSE101904,"A quantitative chemotherapy genetic interaction map identifies new factors associated with PARP inhibitor resistance","Expression profiling by high throughput sequencing","Homo sapiens",8,,"TXT;SRA Run Selector","ftp://ftp.ncbi.nlm.nih.gov/geo/series/GSE101nnn/GSE101904/suppl;https://www.ncbi.nlm.nih.gov/Traces/study/?acc=PRJNA395899",29669295,SRP113604,"Sourav Bandyopadhyay","Feb 27, 2018"
GSE102128,"RNA-seq of hiPSCs-derived NPCs from 3 pairs of dizygotic discordant twins for Congenital Zika syndrome","Expression profiling by high throughput sequencing","Homo sapiens",6,,"TXT;SRA Run Selector","ftp://ftp.ncbi.nlm.nih.gov/geo/series/GSE102nnn/GSE102128/suppl;https://www.ncbi.nlm.nih.gov/Traces/study/?acc=PRJNA396752",29396410,SRP114529,"Murilo Sena Amaral","Feb 27, 2018"
GSE102483,"Expression data for the molecular signature of TF1a acute myeloid leukaemia cell line","Expression profiling by array","Homo sapiens",15,,"CEL","ftp://ftp.ncbi.nlm.nih.gov/geo/series/GSE102nnn/GSE102483/suppl",29340063,,"Doug Van Hoewyk","Feb 27, 2018"
GSE102724,"DNA regions bound by Myxococcus xanthus ParB and FrzCD","Genome binding/occupancy profiling by high throughput sequencing","Myxococcus xanthus",2,,"TXT;SRA Run Selector","ftp://ftp.ncbi.nlm.nih.gov/geo/series/GSE102nnn/GSE102724/suppl;https://www.ncbi.nlm.nih.gov/Traces/study/?acc=PRJNA398503",29161263,SRP115549,"Emanuele G Biondi","Feb 27, 2018"
GSE102816,"Gene regulation by CnpB in Mycobacterium tuberculosis","Expression profiling by high throughput sequencing","Mycobacterium tuberculosis",6,,"XLSX;SRA Run Selector","ftp://ftp.ncbi.nlm.nih.gov/geo/series/GSE102nnn/GSE102816/suppl;https://www.ncbi.nlm.nih.gov/Traces/study/?acc=PRJNA399098",29378893,SRP115819,"Guangchun Bai","Feb 27, 2018"
GSE102950,"Plant abiotic stress tolerance conferred by the desert endophytic bacterium Enterobacter sp. SA187 is mediated through enhanced ethylene signalling","Expression profiling by high throughput sequencing","Arabidopsis thaliana",12,,"XLSX;SRA Run Selector","ftp://ftp.ncbi.nlm.nih.gov/geo/series/GSE102nnn/GSE102950/suppl;https://www.ncbi.nlm.nih.gov/Traces/study/?acc=PRJNA399521",29554117,SRP115958,"Kiruthiga Gayathri MARIAPPAN","Feb 27, 2018"
GSE102962,"Single-cell RNAseq Reveals Seven Classes of Visceral Sensory Neuron","Expression profiling by high throughput sequencing","Mus musculus",412,,"TXT;SRA Run Selector","ftp://ftp.ncbi.nlm.nih.gov/geo/series/GSE102nnn/GSE102962/suppl;https://www.ncbi.nlm.nih.gov/Traces/study/?acc=PRJNA399549",29483303,SRP115964,"James Hockley","Feb 27, 2018"
GSE103068,"Synergistic activity of BET inhibitor BI 894999 with PLK inhibitor volasertib in AML in vitro and in vivo","Expression profiling by high throughput sequencing","Homo sapiens",36,,"TSV;SRA Run Selector","ftp://ftp.ncbi.nlm.nih.gov/geo/series/GSE103nnn/GSE103068/suppl;https://www.ncbi.nlm.nih.gov/Traces/study/?acc=PRJNA400080",29454094,SRP116140,"Daniel Gerlach","Feb 27, 2018"
GSE103082,"Resistance to BET inhibitor leads to new therapeutic vulnerabilities in castration resistant prostate cancer","Expression profiling by high throughput sequencing","Homo sapiens",6,,"FPKM_TRACKING;SRA Run Selector","ftp://ftp.ncbi.nlm.nih.gov/geo/series/GSE103nnn/GSE103082/suppl;https://www.ncbi.nlm.nih.gov/Traces/study/?acc=PRJNA400161",,SRP116233,"Irfan A Asangani","Feb 27, 2018"
GSE103249,"Snord116-dependent diurnal rhythm of DNA methylation in mouse cortex","Methylation profiling by high throughput sequencing","Mus musculus",36,,"BED;SRA Run Selector","ftp://ftp.ncbi.nlm.nih.gov/geo/series/GSE103nnn/GSE103249/suppl;https://www.ncbi.nlm.nih.gov/Traces/study/?acc=PRJNA400623",29691382,SRP116554,"Rochelle Coulson","Feb 27, 2018"
GSE103406,"In planta bacterial RNA-Seq without bacterial isolation","Expression profiling by high throughput sequencing","Pseudomonas syringae pv. tomato str. DC3000",12,,"TXT;SRA Run Selector","ftp://ftp.ncbi.nlm.nih.gov/geo/series/GSE103nnn/GSE103406/suppl;https://www.ncbi.nlm.nih.gov/Traces/study/?acc=PRJNA401802",29531038,SRP117026,"Kenichi Tsuda","Feb 27, 2018"
GSE103441,"In planta bacterial RNA-Seq with bacterial isolation. ","Expression profiling by high throughput sequencing","Pseudomonas syringae pv. tomato str. DC3000",114,,"TXT;SRA Run Selector","ftp://ftp.ncbi.nlm.nih.gov/geo/series/GSE103nnn/GSE103441/suppl;https://www.ncbi.nlm.nih.gov/Traces/study/?acc=PRJNA401856",29531038,SRP117027,"Kenichi Tsuda","Feb 27, 2018"
GSE103870,"RNA-Seq of in vitro Beta-Catenin-Stabilized Mouse Dermal Fibroblasts","Expression profiling by high throughput sequencing;Non-coding RNA profiling by high throughput sequencing","Mus musculus",6,,"TXT;XLSX;SRA Run Selector","ftp://ftp.ncbi.nlm.nih.gov/geo/series/GSE103nnn/GSE103870/suppl;https://www.ncbi.nlm.nih.gov/Traces/study/?acc=PRJNA407357",29209359,SRP117690,"Radhika Paresh Atit","Feb 27, 2018"
GSE104340,"Drosophila transcription factors, Séance, Ouija board and Molting defective, cooperatively control ecdysone biosynthesis","Expression profiling by high throughput sequencing","Drosophila melanogaster",4,,"XLSX;SRA Run Selector","ftp://ftp.ncbi.nlm.nih.gov/geo/series/GSE104nnn/GSE104340/suppl;https://www.ncbi.nlm.nih.gov/Traces/study/?acc=PRJNA412391",29187506,SRP118997,"Kirst King-Jones","Feb 27, 2018"
GSE104389,"Genome-wide analysis of the histone variant H3mm7","Expression profiling by high throughput sequencing;Genome binding/occupancy profiling by high throughput sequencing","Mus musculus",117,,"BW;TXT","ftp://ftp.ncbi.nlm.nih.gov/geo/series/GSE104nnn/GSE104389/suppl",29643389,,"Yasuyuki Ohkawa","Feb 27, 2018"
GSE106813,"Genome-wide analysis of PDX1 target genes in human pancreatic progenitors [expression profiling]","Expression profiling by array","Homo sapiens",4,,"CEL","ftp://ftp.ncbi.nlm.nih.gov/geo/series/GSE106nnn/GSE106813/suppl",29396371,,"Heiko Lickert","Feb 27, 2018"
GSE106949,"Genome-wide analysis of PDX1 target genes in human pancreatic progenitors [ChIP-seq]","Genome binding/occupancy profiling by high throughput sequencing","Homo sapiens",8,,"BED;SRA Run Selector","ftp://ftp.ncbi.nlm.nih.gov/geo/series/GSE106nnn/GSE106949/suppl;https://www.ncbi.nlm.nih.gov/Traces/study/?acc=PRJNA418487",29396371,SRP125047,"Heiko Lickert","Feb 27, 2018"
GSE106950,"Genome-wide analysis of PDX1 target genes in human pancreatic progenitors","Expression profiling by array;Genome binding/occupancy profiling by high throughput sequencing","Homo sapiens",12,,"CEL","ftp://ftp.ncbi.nlm.nih.gov/geo/series/GSE106nnn/GSE106950/suppl",29396371,,"Heiko Lickert","Feb 27, 2018"
GSE107003,"Age-dependent increase of oxidative stress regulates microRNA-29 family preserving cardiac health","Expression profiling by high throughput sequencing","Danio rerio",6,,"TXT;SRA Run Selector","ftp://ftp.ncbi.nlm.nih.gov/geo/series/GSE107nnn/GSE107003/suppl;https://www.ncbi.nlm.nih.gov/Traces/study/?acc=PRJNA418766",29203887,SRP125111,"Carsten Kuenne","Feb 27, 2018"
GSE107062,"Age-dependent increase of oxidative stress regulates microRNA-29 family preserving cardiac health","Non-coding RNA profiling by high throughput sequencing","Nothobranchius furzeri",12,,"XLSX;SRA Run Selector","ftp://ftp.ncbi.nlm.nih.gov/geo/series/GSE107nnn/GSE107062/suppl;https://www.ncbi.nlm.nih.gov/Traces/study/?acc=PRJNA418943",29203887,SRP125195,"Marco Groth","Feb 27, 2018"
GSE107461,"Direct reprogramming of spiral ganglion non-neuronal cells into neurons: Towards ameliorating sensorineural hearing loss by gene therapy","Expression profiling by high throughput sequencing","Mus musculus",9,,"TXT;SRA Run Selector","ftp://ftp.ncbi.nlm.nih.gov/geo/series/GSE107nnn/GSE107461/suppl;https://www.ncbi.nlm.nih.gov/Traces/study/?acc=PRJNA420108",29492404,SRP125778,"Yutaka Amemiya","Feb 27, 2018"
GSE108024,"Designer epigenome modifiers enable robust and sustained gene silencing in clinically relevant human cells [ATAC-seq]","Genome binding/occupancy profiling by high throughput sequencing","Homo sapiens",4,,"XLSX;SRA Run Selector","ftp://ftp.ncbi.nlm.nih.gov/geo/series/GSE108nnn/GSE108024/suppl;https://www.ncbi.nlm.nih.gov/Traces/study/?acc=PRJNA422250",29538770,SRP126656,"Claudio Mussolino","Feb 27, 2018"
GSE108029,"Designer epigenome modifiers enable robust and sustained gene silencing in clinically relevant human cells [RNA-seq]","Expression profiling by high throughput sequencing","Homo sapiens",6,,"TSV;SRA Run Selector","ftp://ftp.ncbi.nlm.nih.gov/geo/series/GSE108nnn/GSE108029/suppl;https://www.ncbi.nlm.nih.gov/Traces/study/?acc=PRJNA422254",29538770,SRP126659,"Claudio Mussolino","Feb 27, 2018"
GSE108030,"Designer epigenome modifiers enable robust and sustained gene silencing in clinically relevant human cells","Genome binding/occupancy profiling by high throughput sequencing;Expression profiling by high throughput sequencing","Homo sapiens",10,,,,29538770,,"Claudio Mussolino","Feb 27, 2018"
GSE109038,"Coordinated regulation of Arabidopsis microRNA biogenesis and red light signaling through Dicer-like 1 and phytochrome-interacting factor 4","Non-coding RNA profiling by high throughput sequencing","Arabidopsis thaliana",6,,"TXT;SRA Run Selector","ftp://ftp.ncbi.nlm.nih.gov/geo/series/GSE109nnn/GSE109038/suppl;https://www.ncbi.nlm.nih.gov/Traces/study/?acc=PRJNA429462",29522510,SRP128715,"Zhenfei Sun","Feb 27, 2018"
GSE109177,"CRISPR-Cas9 screens in human cells and primary neurons identify modifiers of C9orf72 dipeptide repeat protein toxicity","Expression profiling by high throughput sequencing","Homo sapiens;Mus musculus",18,,"CSV;SRA Run Selector","ftp://ftp.ncbi.nlm.nih.gov/geo/series/GSE109nnn/GSE109177/suppl;https://www.ncbi.nlm.nih.gov/Traces/study/?acc=PRJNA429967",29507424,SRP130969,"Nicholas Kramer","Feb 27, 2018"
GSE109301,"Efficacy of the highly selective focal adhesion kinase inhibitor BI 853520 in adenocarcinoma xenograft models is linked to a mesenchymal tumor phenotype [miRNA]","Non-coding RNA profiling by array","Homo sapiens;synthetic construct",37,,"CEL","ftp://ftp.ncbi.nlm.nih.gov/geo/series/GSE109nnn/GSE109301/suppl",29472531,,"Daniel Gerlach","Feb 27, 2018"
GSE109302,"Efficacy of the highly selective focal adhesion kinase inhibitor BI 853520 in adenocarcinoma xenograft models is linked to a mesenchymal tumor phenotype [mRNA]","Expression profiling by array","Homo sapiens",47,,"CEL","ftp://ftp.ncbi.nlm.nih.gov/geo/series/GSE109nnn/GSE109302/suppl",29472531,,"Daniel Gerlach","Feb 27, 2018"
GSE109304,"Efficacy of the highly selective focal adhesion kinase inhibitor BI 853520 in adenocarcinoma xenograft models is linked to a mesenchymal tumor phenotype","Expression profiling by array;Non-coding RNA profiling by array","Homo sapiens;synthetic construct",84,,"CEL","ftp://ftp.ncbi.nlm.nih.gov/geo/series/GSE109nnn/GSE109304/suppl",29472531,,"Daniel Gerlach","Feb 27, 2018"
GSE110496,"Single cell transcriptional dynamics of flavivirus infection","Expression profiling by high throughput sequencing","Homo sapiens",2260,,"TSV;SRA Run Selector","ftp://ftp.ncbi.nlm.nih.gov/geo/series/GSE110nnn/GSE110496/suppl;https://www.ncbi.nlm.nih.gov/Traces/study/?acc=PRJNA433871",29451494,SRP132726,"Fabio Zanini","Feb 27, 2018"
GSE111100,"Transcriptional responses of continuously cultured Nitrosomonas europae to chonic TiO2 nanoparticle stress","Expression profiling by array","Nitrosomonas europaea;Nitrosomonas europaea ATCC 19718",9,,"TXT;XLS","ftp://ftp.ncbi.nlm.nih.gov/geo/series/GSE111nnn/GSE111100/suppl",30342338,,"Junkang Wu","Feb 27, 2018"
GSE111106,"Rostrocaudal Areal Patterning of Human PSC-Derived Cortical Neurons by FGF8 Signaling","Expression profiling by array","Homo sapiens",6,,"TXT","ftp://ftp.ncbi.nlm.nih.gov/geo/series/GSE111nnn/GSE111106/suppl",29707616,,"Kent Imaizumi","Feb 27, 2018"
GSE111132,"A Linc1405/Eomes Complex Promotes Cardiac Mesoderm Specification and Cardiogenesis","Expression profiling by array","Mus musculus",5,,"GPR","ftp://ftp.ncbi.nlm.nih.gov/geo/series/GSE111nnn/GSE111132/suppl",29754779,,"Xudong Guo","Feb 27, 2018"
GSE111139,"Expression data from mir-429 transfected HEY cells in a time-point series (0hr-HEY, 24hrs, 48hrs and 144hrs)","Expression profiling by array","Homo sapiens",21,,"CEL","ftp://ftp.ncbi.nlm.nih.gov/geo/series/GSE111nnn/GSE111139/suppl",,,"Loukia Lili","Feb 27, 2018"
GSE111142,"Gene expression signatures between lean and diabetes resistant B6 mice and obese and diabetes susceptible NZO mice.","Expression profiling by array","Mus musculus",24,,"TXT","ftp://ftp.ncbi.nlm.nih.gov/geo/series/GSE111nnn/GSE111142/suppl",29605715,,"Pascal Gottmann","Feb 27, 2018"
GSE111145,"Identification of a novel role of MTF2 in the regulation of H3K27me3 by PRC2 (RNA-Seq)","Expression profiling by high throughput sequencing","Mus musculus",6,,"BEDGRAPH;BW;SRA Run Selector","ftp://ftp.ncbi.nlm.nih.gov/geo/series/GSE111nnn/GSE111145/suppl;https://www.ncbi.nlm.nih.gov/Traces/study/?acc=PRJNA436055",29899877,SRP133607,"Tae-Young Roh","Feb 27, 2018"
GSE111146,"Identification of a novel role of MTF2 in the regulation of H3K27me3 by PRC2 (ChIP-Seq)","Genome binding/occupancy profiling by high throughput sequencing","Mus musculus",8,,"BEDGRAPH;SRA Run Selector","ftp://ftp.ncbi.nlm.nih.gov/geo/series/GSE111nnn/GSE111146/suppl;https://www.ncbi.nlm.nih.gov/Traces/study/?acc=PRJNA436054",29899877,SRP133608,"Tae-Young Roh","Feb 27, 2018"
GSE111147,"Identification of a novel role of MTF2 in the regulation of H3K27me3 by PRC2","Expression profiling by high throughput sequencing;Genome binding/occupancy profiling by high throughput sequencing","Mus musculus",14,,"BEDGRAPH;BW","ftp://ftp.ncbi.nlm.nih.gov/geo/series/GSE111nnn/GSE111147/suppl",29899877,,"Tae-Young Roh","Feb 27, 2018"
GSE111156,"Gene Expression Changes in the Duodenal Adenoma-Carcinoma Sequence in Familial Adenomatous Polyposis (FAP)","Expression profiling by array","Homo sapiens",48,,"CEL;CHP;XLS","ftp://ftp.ncbi.nlm.nih.gov/geo/series/GSE111nnn/GSE111156/suppl",,,"Sushrut Sujan Thiruvengadam","Feb 27, 2018"
GSE111159,"Tissue-specific features of oxidative stress-associated gene expression in a healthy mouse model","Expression profiling by array","Mus musculus",50,,"CEL","ftp://ftp.ncbi.nlm.nih.gov/geo/series/GSE111nnn/GSE111159/suppl",30326626,,"Jung Min Kim","Feb 27, 2018"
GSE111176,"Transcriptional organization of autism spectrum disorder","Expression profiling by array","Homo sapiens",147,,,,,,"Vahid H Gazestani","Feb 27, 2018"
GSE111208,"IL-10 signaling remodels adipose chromatin architecture to limit thermogenesis and energy expenditure [ChIP-Seq]","Genome binding/occupancy profiling by high throughput sequencing","Mus musculus",3,,"BEDGRAPH;SRA Run Selector","ftp://ftp.ncbi.nlm.nih.gov/geo/series/GSE111nnn/GSE111208/suppl;https://www.ncbi.nlm.nih.gov/Traces/study/?acc=PRJNA436164",29249357,SRP133606,"Peter Tontonoz","Feb 27, 2018"
GSE60876,"YAP and RUNX co-regulated genes in MCF10A","Expression profiling by array","Homo sapiens",30,,"CEL","ftp://ftp.ncbi.nlm.nih.gov/geo/series/GSE60nnn/GSE60876/suppl",29581836,,"Tuan Zea Tan","Feb 26, 2018"
GSE87038,"Single-cell RNA-seq analysis unveils a prevalent epithelial/mesenchymal hybrid state during mouse organogenesis","Expression profiling by high throughput sequencing","Mus musculus",32,,"TXT;XLSX;SRA Run Selector","ftp://ftp.ncbi.nlm.nih.gov/geo/series/GSE87nnn/GSE87038/suppl;https://www.ncbi.nlm.nih.gov/Traces/study/?acc=PRJNA343327",29540203;30787436,SRP090067,"Ji Dong","Feb 26, 2018"
GSE93724,"Activation of DAF-16/FOXO by reactive oxygen species promotes longevity in long- lived mitochondrial mutants in C. elegans","Expression profiling by high throughput sequencing","Caenorhabditis elegans",51,,"TXT;SRA Run Selector","ftp://ftp.ncbi.nlm.nih.gov/geo/series/GSE93nnn/GSE93724/suppl;https://www.ncbi.nlm.nih.gov/Traces/study/?acc=PRJNA362200",,SRP096897,"Jeremy Van Raamsdonk","Feb 26, 2018"
GSE94775,"Re-routing central metabolism in Aspergillus nidulans","Expression profiling by high throughput sequencing","Aspergillus nidulans",8,,"XLS;SRA Run Selector","ftp://ftp.ncbi.nlm.nih.gov/geo/series/GSE94nnn/GSE94775/suppl;https://www.ncbi.nlm.nih.gov/Traces/study/?acc=PRJNA374024",29566661,SRP099207,"Ronald de Vries","Feb 26, 2018"
GSE99102,"Zc3h10 is a novel mitochondrial regulator","Expression profiling by array","Mus musculus",10,,"CEL","ftp://ftp.ncbi.nlm.nih.gov/geo/series/GSE99nnn/GSE99102/suppl",29507079,,"Stefano de Pretis","Feb 26, 2018"
GSE103267,"RNA-dependent chromatin targeting of TET2 for endogenous retrovirus control in pluripotent stem cells [RNA-Seq]","Expression profiling by high throughput sequencing","Mus musculus",4,,"TSV;SRA Run Selector","ftp://ftp.ncbi.nlm.nih.gov/geo/series/GSE103nnn/GSE103267/suppl;https://www.ncbi.nlm.nih.gov/Traces/study/?acc=PRJNA401908",29483655,SRP131308,"Jianlong Wang","Feb 26, 2018"
GSE103268,"RNA-dependent chromatin targeting of TET2 for endogenous retrovirus control in pluripotent stem cells [CLIP-Seq]","Expression profiling by high throughput sequencing","Mus musculus",1,,"BED;SRA Run Selector","ftp://ftp.ncbi.nlm.nih.gov/geo/series/GSE103nnn/GSE103268/suppl;https://www.ncbi.nlm.nih.gov/Traces/study/?acc=PRJNA401869",29483655,SRP131307,"Jianlong Wang","Feb 26, 2018"
GSE103269,"RNA-dependent chromatin targeting of TET2 for endogenous retrovirus control in pluripotent stem cells","Expression profiling by high throughput sequencing","Mus musculus",5,,"BED;TSV","ftp://ftp.ncbi.nlm.nih.gov/geo/series/GSE103nnn/GSE103269/suppl",29483655,,"Jianlong Wang","Feb 26, 2018"
GSE103383,"RNA Seq analysis of pancreatic beta cell transcriptome during dedifferentiation","Expression profiling by high throughput sequencing","Homo sapiens",27,,"TXT;SRA Run Selector","ftp://ftp.ncbi.nlm.nih.gov/geo/series/GSE103nnn/GSE103383/suppl;https://www.ncbi.nlm.nih.gov/Traces/study/?acc=PRJNA401709",29472102,SRP131337,"Fabrice CHIMIENTI","Feb 26, 2018"
GSE103442,"Transcriptome landscape of a bacterial pathogen under plant immunity","Expression profiling by high throughput sequencing","Pseudomonas syringae pv. tomato str. DC3000",126,,,,29531038,,"Kenichi Tsuda","Feb 26, 2018"
GSE107911,"O-GlcNAc transferase recognizes protein substrates using an asparagine ladder in the TPR superhelix","Protein profiling by protein array","Homo sapiens",33,,"GPR;TXT","ftp://ftp.ncbi.nlm.nih.gov/geo/series/GSE107nnn/GSE107911/suppl",29485866,,"Suzanne Walker","Feb 26, 2018"
GSE108861,"Expression data from endpoint mammary gland tumours from Ezh2 +/+ or Ezh2 -/- Tet ON PyVmT mice","Expression profiling by array","Mus musculus",10,,"CEL","ftp://ftp.ncbi.nlm.nih.gov/geo/series/GSE108nnn/GSE108861/suppl",,,"WIlliam Muller","Feb 26, 2018"
GSE109055,"NAD+ supplementation normalizes key Alzheimer’s features and DNA damage in a new AD mouse model with introduced DNA repair deficiency","Expression profiling by array","Mus musculus",64,,"TXT","ftp://ftp.ncbi.nlm.nih.gov/geo/series/GSE109nnn/GSE109055/suppl",29432159,,"Kevin G Becker","Feb 26, 2018"
GSE109456,"Id2-deficient NK cells acquire a naïve-like fate (Affymetrix data set)","Expression profiling by array","Mus musculus",6,,"CEL","ftp://ftp.ncbi.nlm.nih.gov/geo/series/GSE109nnn/GSE109456/suppl",,,"Barbara L Kee","Feb 26, 2018"
GSE109517,"Id2-deficient NK cells acquire a naïve-like fate (ATAC-seq data set)","Genome binding/occupancy profiling by high throughput sequencing","Mus musculus",6,,"BED;BW;SRA Run Selector","ftp://ftp.ncbi.nlm.nih.gov/geo/series/GSE109nnn/GSE109517/suppl;https://www.ncbi.nlm.nih.gov/Traces/study/?acc=PRJNA431289",,SRP131154,"Barbara L Kee","Feb 26, 2018"
GSE109518,"Id2-deficient NK cells acquire a naïve-like fate","Genome binding/occupancy profiling by high throughput sequencing;Expression profiling by array","Mus musculus",12,,"BED;BW;CEL","ftp://ftp.ncbi.nlm.nih.gov/geo/series/GSE109nnn/GSE109518/suppl",29703840,,"Barbara L Kee","Feb 26, 2018"
GSE110413,"Gcn4 binding in coding regions can activate internal and canonical 5’ promoters in yeast [RNA-seq]","Expression profiling by high throughput sequencing","Saccharomyces cerevisiae",12,,"TDF;SRA Run Selector","ftp://ftp.ncbi.nlm.nih.gov/geo/series/GSE110nnn/GSE110413/suppl;https://www.ncbi.nlm.nih.gov/Traces/study/?acc=PRJNA433659",29628310,SRP132584,"Razvan V. Chereji","Feb 26, 2018"
GSE110648,"The Polycomb-dependent epigenome controls β-cell dysfunction, dedifferentiation and diabetes","Expression profiling by high throughput sequencing;Genome binding/occupancy profiling by high throughput sequencing","Mus musculus",55,,"BED;BW;TXT;SRA Run Selector","ftp://ftp.ncbi.nlm.nih.gov/geo/series/GSE110nnn/GSE110648/suppl;https://www.ncbi.nlm.nih.gov/Traces/study/?acc=PRJNA434190",29754954,SRP132909,"Steffen Heyne","Feb 26, 2018"
GSE111082,"Hominin-specific NOTCH2NL genes affect Notch signaling and cortical neurogenesis","Expression profiling by high throughput sequencing","Homo sapiens;Mus musculus",12,,"TXT;SRA Run Selector","ftp://ftp.ncbi.nlm.nih.gov/geo/series/GSE111nnn/GSE111082/suppl;https://www.ncbi.nlm.nih.gov/Traces/study/?acc=PRJNA435875",29856954,SRP133438,"David Haussler","Feb 26, 2018"
GSE111122,"SOX7 Target Genes and their Contribution to its Tumor Suppressive Function","Expression profiling by array","Homo sapiens",12,,"CEL","ftp://ftp.ncbi.nlm.nih.gov/geo/series/GSE111nnn/GSE111122/suppl",29757932,,"Jeff Chou","Feb 26, 2018"
GSE20733,"Effects of gene scilencing of USP2 on expression profiles of HL60 cells (PMA 3days and LPS 4hrs)","Expression profiling by array","Homo sapiens",6,,"CEL;CHP","ftp://ftp.ncbi.nlm.nih.gov/geo/series/GSE20nnn/GSE20733/suppl",,,"Hiroshi Kitamura","Feb 25, 2018"
GSE21004,"Effects of gene scilencing of USP2 on expression profiles of HL60 cells (PMA 1day and LPS 4hrs)","Expression profiling by array","Homo sapiens",6,,"CEL;CHP","ftp://ftp.ncbi.nlm.nih.gov/geo/series/GSE21nnn/GSE21004/suppl",,,"Hiroshi Kitamura","Feb 25, 2018"
GSE66283,"Different target specificities of haptoglobin and hemopexin define their sequential role as primary and backup protective systems against hemoglobin toxicity","Expression profiling by array","Homo sapiens",37,,"TXT","ftp://ftp.ncbi.nlm.nih.gov/geo/series/GSE66nnn/GSE66283/suppl",,,"Christian Andreas Schaer","Feb 25, 2018"
GSE66331,"Real-time quantitative PCR analysis of human monocyte cells treated invitro with purified angiotensin type 1 receptor auto antibody","Expression profiling by RT-PCR","Homo sapiens",24,,"TXT","ftp://ftp.ncbi.nlm.nih.gov/geo/series/GSE66nnn/GSE66331/suppl",,,"Peter M Abadir","Feb 25, 2018"
GSE86313,"Reduction of rRNA during sRNA library construction using a complementary blocking oligo, in Drosophila melanogaster","Non-coding RNA profiling by high throughput sequencing","Drosophila melanogaster",4,,"CSV;SRA Run Selector","ftp://ftp.ncbi.nlm.nih.gov/geo/series/GSE86nnn/GSE86313/suppl;https://www.ncbi.nlm.nih.gov/Traces/study/?acc=PRJNA341393",29474379,SRP083911,"Irina Mohorianu","Feb 25, 2018"
GSE89183,"Consequences of Ribosomal Protein Haploinsufficiency in Human Hematopoiesis","Expression profiling by high throughput sequencing;Other","Homo sapiens",14,,"TXT;SRA Run Selector","ftp://ftp.ncbi.nlm.nih.gov/geo/series/GSE89nnn/GSE89183/suppl;https://www.ncbi.nlm.nih.gov/Traces/study/?acc=PRJNA350543",29551269,SRP092068,"Vijay G Sankaran","Feb 25, 2018"
GSE95201,"Gene expression profiles of liver and lung endothelial cells during normal and upregulation of Wnt/beta-catenin signaling","Expression profiling by high throughput sequencing","Mus musculus",16,,"XLSX;SRA Run Selector","ftp://ftp.ncbi.nlm.nih.gov/geo/series/GSE95nnn/GSE95201/suppl;https://www.ncbi.nlm.nih.gov/Traces/study/?acc=PRJNA376420",,SRP100554,"Richard Daneman","Feb 25, 2018"
GSE96760,"H-STS NET cell line perturbed with small molecule compounds","Expression profiling by high throughput sequencing","Homo sapiens",573,,"TXT;SRA Run Selector","ftp://ftp.ncbi.nlm.nih.gov/geo/series/GSE96nnn/GSE96760/suppl;https://www.ncbi.nlm.nih.gov/Traces/study/?acc=PRJNA379584",29915428,SRP102077,"Mariano Javier Alvarez","Feb 25, 2018"
GSE98832,"Reduction of rRNA during sRNA library construction using a set of blocking oligos, in Drosophila melanogaster","Non-coding RNA profiling by high throughput sequencing","Drosophila melanogaster",4,,"CSV;SRA Run Selector","ftp://ftp.ncbi.nlm.nih.gov/geo/series/GSE98nnn/GSE98832/suppl;https://www.ncbi.nlm.nih.gov/Traces/study/?acc=PRJNA386333",29474379,SRP106904,"Irina Mohorianu","Feb 25, 2018"
GSE98833,"Reduction of rRNA during sRNA library construction using blocking oligos","Non-coding RNA profiling by high throughput sequencing","Drosophila melanogaster",10,,"CSV","ftp://ftp.ncbi.nlm.nih.gov/geo/series/GSE98nnn/GSE98833/suppl",29474379,,"Irina Mohorianu","Feb 25, 2018"
GSE98894,"Expression profile of Gastro-Entero-Pancreatic Neuroendocrine Tumors (GEP-NET)","Expression profiling by high throughput sequencing","Homo sapiens",212,,"TXT;SRA Run Selector","ftp://ftp.ncbi.nlm.nih.gov/geo/series/GSE98nnn/GSE98894/suppl;https://www.ncbi.nlm.nih.gov/Traces/study/?acc=PRJNA386518",29915428,SRP107025,"Mariano Javier Alvarez","Feb 25, 2018"
GSE99199,"Pharmacogenomic comparison between D3T- and CDDO-Im in mouse liver tissue","Expression profiling by array","Mus musculus",40,,"CEL","ftp://ftp.ncbi.nlm.nih.gov/geo/series/GSE99nnn/GSE99199/suppl",29367259,,"Thomas R Sutter","Feb 25, 2018"
GSE102473,"5-Hydroxymethylcytosine profiling of aging hippocampi","Methylation profiling by high throughput sequencing","Mus musculus",15,,"BEDGRAPH;TXT;SRA Run Selector","ftp://ftp.ncbi.nlm.nih.gov/geo/series/GSE102nnn/GSE102473/suppl;https://www.ncbi.nlm.nih.gov/Traces/study/?acc=PRJNA397841",29466726,SRP115183,"Jeremy Michael Shea","Feb 25, 2018"
GSE108050,"Expression data in LoVo cells treated with MEK inhibitor","Expression profiling by high throughput sequencing","Homo sapiens",36,,"TXT;SRA Run Selector","ftp://ftp.ncbi.nlm.nih.gov/geo/series/GSE108nnn/GSE108050/suppl;https://www.ncbi.nlm.nih.gov/Traces/study/?acc=PRJNA422292",29669006,SRP126681,"Kanae Gamo","Feb 25, 2018"
GSE108052,"Expression data from mouse colon tissue in activated T cell transfer colitis model treated with MEK inhibitor or anti-TNFa antibody","Expression profiling by high throughput sequencing","Mus musculus",24,,"TXT;SRA Run Selector","ftp://ftp.ncbi.nlm.nih.gov/geo/series/GSE108nnn/GSE108052/suppl;https://www.ncbi.nlm.nih.gov/Traces/study/?acc=PRJNA422291",29669006,SRP126683,"Kanae Gamo","Feb 25, 2018"
GSE109472,"p110α of PI3K is Indispensable for Quiescence Exit in Adult Muscle Satellite Cells","Expression profiling by high throughput sequencing","Mus musculus",8,,"DIFF;SRA Run Selector","ftp://ftp.ncbi.nlm.nih.gov/geo/series/GSE109nnn/GSE109472/suppl;https://www.ncbi.nlm.nih.gov/Traces/study/?acc=PRJNA431162",29581096,SRP131110,"Han ZHU","Feb 25, 2018"
GSE66304,"Knockout human reveal an essential role for Paternally Expressed 10 (PEG10) in JEG3 cell line development","Expression profiling by high throughput sequencing","Homo sapiens",6,,"TXT;SRA Run Selector","ftp://ftp.ncbi.nlm.nih.gov/geo/series/GSE66nnn/GSE66304/suppl;https://www.ncbi.nlm.nih.gov/Traces/study/?acc=PRJNA276466",,SRP055517,"Yu-Ting Tseng","Feb 24, 2018"
GSE95373,"Plant development on ISS differes from the development on the ground and is influenced by the genetic background.","Expression profiling by high throughput sequencing","Arabidopsis thaliana",32,,"XLSX;SRA Run Selector","ftp://ftp.ncbi.nlm.nih.gov/geo/series/GSE95nnn/GSE95373/suppl;https://www.ncbi.nlm.nih.gov/Traces/study/?acc=PRJNA376779",,SRP100712,"Robert J. Ferl","Feb 24, 2018"
GSE99098,"Effect of benzoxazolyl compound mBMG290 on Mycobacterium tuberculosis","Expression profiling by array","Mycobacterium tuberculosis",3,,"MEV","ftp://ftp.ncbi.nlm.nih.gov/geo/series/GSE99nnn/GSE99098/suppl",,,"Brian Weinrick","Feb 24, 2018"
GSE108269,"The RNA sequencing of brain after microglial depletion and repopulation","Expression profiling by high throughput sequencing","Mus musculus",65,,"XLS;SRA Run Selector","ftp://ftp.ncbi.nlm.nih.gov/geo/series/GSE108nnn/GSE108269/suppl;https://www.ncbi.nlm.nih.gov/Traces/study/?acc=PRJNA423014",29472620,SRP127028,"Bo Peng","Feb 24, 2018"
GSE108416,"The single-cell RNA sequencing of brain microglia","Expression profiling by high throughput sequencing","Mus musculus",2,,"MTX;TSV;SRA Run Selector","ftp://ftp.ncbi.nlm.nih.gov/geo/series/GSE108nnn/GSE108416/suppl;https://www.ncbi.nlm.nih.gov/Traces/study/?acc=PRJNA427212",29472620,SRP127369,"Bo Peng","Feb 24, 2018"
GSE111043,"Comparison between steady-state fibroblasts and myofibroblasts in mouse lungs","Expression profiling by array","Mus musculus",6,,"TXT","ftp://ftp.ncbi.nlm.nih.gov/geo/series/GSE111nnn/GSE111043/suppl",30006483,,"Yasunori Enomoto","Feb 24, 2018"
GSE111058,"Pervasive transcription-dependent chromatin remodeling influences the replication initiation program","Other;Genome binding/occupancy profiling by high throughput sequencing","Saccharomyces cerevisiae",16,,"BIGWIG;BW;SRA Run Selector","ftp://ftp.ncbi.nlm.nih.gov/geo/series/GSE111nnn/GSE111058/suppl;https://www.ncbi.nlm.nih.gov/Traces/study/?acc=PRJNA435729",30401734,SRP133384,"Julien Soudet","Feb 24, 2018"
GSE111059,"Gene expression of cardiac fibroblasts post-MI","Expression profiling by array","Mus musculus",14,,"CEL","ftp://ftp.ncbi.nlm.nih.gov/geo/series/GSE111nnn/GSE111059/suppl",29664017,,"Vikram Prasad","Feb 24, 2018"
GSE111069,"Patterns of IgH rearrangement stratify prognosis of diffuse large B-cell lymphoma, which could be associated with CDC25A","Expression profiling by array","Homo sapiens",6,,"TXT","ftp://ftp.ncbi.nlm.nih.gov/geo/series/GSE111nnn/GSE111069/suppl",,,"Tetsumi Yoshida","Feb 24, 2018"
GSE69810,"Integrated microRNA-mRNA transcript analysis reveals microRNAs regulating therapy resistant diffuse large B-cell lymphoma","Non-coding RNA profiling by high throughput sequencing","Homo sapiens",13,,"CSV;SRA Run Selector","ftp://ftp.ncbi.nlm.nih.gov/geo/series/GSE69nnn/GSE69810/suppl;https://www.ncbi.nlm.nih.gov/Traces/study/?acc=PRJNA286849",29242506,SRP059416,"Suvi-Katri Leivonen","Feb 23, 2018"
GSE79375,"dsRNAs expressed in C. elegans development","Expression profiling by high throughput sequencing","Caenorhabditis elegans",8,,"BED;BW;TXT;SRA Run Selector","ftp://ftp.ncbi.nlm.nih.gov/geo/series/GSE79nnn/GSE79375/suppl;https://www.ncbi.nlm.nih.gov/Traces/study/?acc=PRJNA315629",29483152,SRP071967,"Brenda L Bass","Feb 23, 2018"
GSE80437,"RNA-sequencing of mouse knockout models for Cnp, Plp1, and Ugt8 in the frontal cortex and cerebellum","Expression profiling by high throughput sequencing","Mus musculus",58,,"TXT;SRA Run Selector","ftp://ftp.ncbi.nlm.nih.gov/geo/series/GSE80nnn/GSE80437/suppl;https://www.ncbi.nlm.nih.gov/Traces/study/?acc=PRJNA318901",29110684,SRP073495,"Yongzhong Zhao","Feb 23, 2018"
GSE89765,"ADARs regulate small RNAs mapped to edited sequences","Non-coding RNA profiling by high throughput sequencing;Third-party reanalysis","Caenorhabditis elegans",0,,"TXT;XLS","ftp://ftp.ncbi.nlm.nih.gov/geo/series/GSE89nnn/GSE89765/suppl",29483152,,"Brenda L Bass","Feb 23, 2018"
GSE89890,"Gene regulation by small RNAs and ADAR RNA editing","Expression profiling by high throughput sequencing;Third-party reanalysis;Non-coding RNA profiling by high throughput sequencing","Caenorhabditis elegans",32,,,,29483152,,"Brenda L Bass","Feb 23, 2018"
GSE92458,"Characterizing the epigenome of glioma stem cells (ChIP-Seq)","Genome binding/occupancy profiling by high throughput sequencing","Homo sapiens",42,,"BED;SRA Run Selector","ftp://ftp.ncbi.nlm.nih.gov/geo/series/GSE92nnn/GSE92458/suppl;https://www.ncbi.nlm.nih.gov/Traces/study/?acc=PRJNA357611",29587824,SRP095192,"Keith Robertson","Feb 23, 2018"
GSE92459,"Characterizing the epigenome of glioma stem cells (RNA-Seq)","Expression profiling by high throughput sequencing","Homo sapiens",21,,"BW;FPKM_TRACKING;SRA Run Selector","ftp://ftp.ncbi.nlm.nih.gov/geo/series/GSE92nnn/GSE92459/suppl;https://www.ncbi.nlm.nih.gov/Traces/study/?acc=PRJNA357610",29587824,SRP095193,"Keith Robertson","Feb 23, 2018"
GSE92460,"Characterizing the epigenome of glioma stem cells (RRBS)","Methylation profiling by high throughput sequencing","Homo sapiens",46,,"TXT;SRA Run Selector","ftp://ftp.ncbi.nlm.nih.gov/geo/series/GSE92nnn/GSE92460/suppl;https://www.ncbi.nlm.nih.gov/Traces/study/?acc=PRJNA357626",29587824,SRP095205,"Keith Robertson","Feb 23, 2018"
GSE92462,"Characterizing the epigenome of glioma stem cells (Methylation BeadChip)","Methylation profiling by array","Homo sapiens",48,,"IDAT","ftp://ftp.ncbi.nlm.nih.gov/geo/series/GSE92nnn/GSE92462/suppl",29587824,,"Keith Robertson","Feb 23, 2018"
GSE92469,"Characterizing the epigenome of glioma stem cells","Expression profiling by high throughput sequencing;Genome binding/occupancy profiling by high throughput sequencing;Methylation profiling by array;Methylation profiling by high throughput sequencing","Homo sapiens",157,,"BED;BW;FPKM_TRACKING;IDAT;TXT","ftp://ftp.ncbi.nlm.nih.gov/geo/series/GSE92nnn/GSE92469/suppl",29587824,,"Keith Robertson","Feb 23, 2018"
GSE94240,"Peptidomimetic blockade of MYB in acute myeloid leukemia [MYB ChIP-seq]","Genome binding/occupancy profiling by high throughput sequencing","Homo sapiens",10,,"BW;SRA Run Selector","ftp://ftp.ncbi.nlm.nih.gov/geo/series/GSE94nnn/GSE94240/suppl;https://www.ncbi.nlm.nih.gov/Traces/study/?acc=PRJNA369116",29317678,SRP098163,"Richard Koche","Feb 23, 2018"
GSE94241,"Peptidomimetic blockade of MYB in acute myeloid leukemia [RNA-seq]","Expression profiling by high throughput sequencing","Homo sapiens",9,,"TXT;SRA Run Selector","ftp://ftp.ncbi.nlm.nih.gov/geo/series/GSE94nnn/GSE94241/suppl;https://www.ncbi.nlm.nih.gov/Traces/study/?acc=PRJNA369119",29317678,SRP098166,"Richard Koche","Feb 23, 2018"
GSE94242,"Peptidomimetic blockade of MYB in acute myeloid leukemia","Expression profiling by high throughput sequencing;Genome binding/occupancy profiling by high throughput sequencing","Homo sapiens",29,,"BW","ftp://ftp.ncbi.nlm.nih.gov/geo/series/GSE94nnn/GSE94242/suppl",29317678,,"Richard Koche","Feb 23, 2018"
GSE94557,"Whole blood gene expression from lung transplanted patients with chronic lung allograft dysfunction","Expression profiling by array","Homo sapiens",162,,"TXT","ftp://ftp.ncbi.nlm.nih.gov/geo/series/GSE94nnn/GSE94557/suppl",29375549,,"Richard Danger","Feb 23, 2018"
GSE95157,"PDGF-driven glioblastoma mouse model scRNA-Seq","Expression profiling by high throughput sequencing","Mus musculus",85,,"TXT;SRA Run Selector","ftp://ftp.ncbi.nlm.nih.gov/geo/series/GSE95nnn/GSE95157/suppl;https://www.ncbi.nlm.nih.gov/Traces/study/?acc=PRJNA376203",,SRP100482,"Hongxu Ding","Feb 23, 2018"
GSE95386,"TRIM24 is an oncogenic transcriptional co-activator of STAT3 in glioblastoma","Expression profiling by high throughput sequencing","Homo sapiens",8,,"TXT;SRA Run Selector","ftp://ftp.ncbi.nlm.nih.gov/geo/series/GSE95nnn/GSE95386/suppl;https://www.ncbi.nlm.nih.gov/Traces/study/?acc=PRJNA376867",29129908,SRP100743,"Haizhong Feng","Feb 23, 2018"
GSE95660,"Genome wide identification of chromatin modifications in the hypothalamus during pubertal development","Genome binding/occupancy profiling by high throughput sequencing","Rattus norvegicus",18,,"BEDGRAPH;SRA Run Selector","ftp://ftp.ncbi.nlm.nih.gov/geo/series/GSE95nnn/GSE95660/suppl;https://www.ncbi.nlm.nih.gov/Traces/study/?acc=PRJNA377859",29302059,SRP101335,"Hollis Wright","Feb 23, 2018"
GSE96101,"Murine Kidney Tissue: Unilateral ureteral obstructed (UUO) mice vs. Sham control","Expression profiling by array","Mus musculus",120,,"TXT","ftp://ftp.ncbi.nlm.nih.gov/geo/series/GSE96nnn/GSE96101/suppl",,,"Bo Wu","Feb 23, 2018"
GSE96102,"Murine Kidney Tissue: Reversible unilateral ureteral obstructed mice (RUUO) vs. Sham control","Expression profiling by array","Mus musculus",75,,"TXT","ftp://ftp.ncbi.nlm.nih.gov/geo/series/GSE96nnn/GSE96102/suppl",,,"Bo Wu","Feb 23, 2018"
GSE96556,"Murine Kidney Tissue: Calcineurin beta 1 knockout mice vs wild type control","Expression profiling by array","Mus musculus",36,,"TXT","ftp://ftp.ncbi.nlm.nih.gov/geo/series/GSE96nnn/GSE96556/suppl",,,"Bo Wu","Feb 23, 2018"
GSE97074,"Improvements in health, not survival, by late-onset metformin treatment","Expression profiling by array","Mus musculus",16,,"TXT","ftp://ftp.ncbi.nlm.nih.gov/geo/series/GSE97nnn/GSE97074/suppl",29167747,,"Kevin G Becker","Feb 23, 2018"
GSE97111,"Ubiquitin C-terminal hydrolase isozyme L1 (UCHL1) is associated with shelterin complex at interstitial telomeric sites","Genome binding/occupancy profiling by high throughput sequencing","Homo sapiens",6,,"TXT;SRA Run Selector","ftp://ftp.ncbi.nlm.nih.gov/geo/series/GSE97nnn/GSE97111/suppl;https://www.ncbi.nlm.nih.gov/Traces/study/?acc=PRJNA380736",29126443,SRP102576,"wayne xu","Feb 23, 2018"
GSE98029,"Ribosomal protein S6 phospho-deficient mice display altered novelty-induced locomotion, synaptic plasticity, and specific mRNA translation","Expression profiling by high throughput sequencing","Mus musculus",24,,"TXT;SRA Run Selector","ftp://ftp.ncbi.nlm.nih.gov/geo/series/GSE98nnn/GSE98029/suppl;https://www.ncbi.nlm.nih.gov/Traces/study/?acc=PRJNA383726",29311811,SRP104453,"Emmanuel Valjent","Feb 23, 2018"
GSE98330,"Changes in chromatin state reveal a central role for the transcription factor ARNT2, in the control of glioblastoma stem cell tumorigenicity","Genome binding/occupancy profiling by high throughput sequencing","Homo sapiens",6,,"BED;SRA Run Selector","ftp://ftp.ncbi.nlm.nih.gov/geo/series/GSE98nnn/GSE98330/suppl;https://www.ncbi.nlm.nih.gov/Traces/study/?acc=PRJNA384724",29149419,SRP105406,"Alexandra Bogeas","Feb 23, 2018"
GSE99228,"Early events during the interaction between wheat and cereal cyst nematode as revealed by transcriptomic analysis","Expression profiling by high throughput sequencing","Heterodera avenae;Triticum aestivum",12,,"FA;XLSX;SRA Run Selector","ftp://ftp.ncbi.nlm.nih.gov/geo/series/GSE99nnn/GSE99228/suppl;https://www.ncbi.nlm.nih.gov/Traces/study/?acc=PRJNA387602",29101332,SRP107869,"Changlong Chen","Feb 23, 2018"
GSE99399,"A transcriptomic study of myogenic differentiation under the overexpression of PPARγ by RNA-Seq","Expression profiling by high throughput sequencing","Mus musculus",12,,"XLS;SRA Run Selector","ftp://ftp.ncbi.nlm.nih.gov/geo/series/GSE99nnn/GSE99399/suppl;https://www.ncbi.nlm.nih.gov/Traces/study/?acc=PRJNA388391",29127356,SRP108250,"Kan He","Feb 23, 2018"
GSE101612,"Microarray analysis of CCAR2-responsive gene expression in the presence of hydrogen peroxide","Expression profiling by array","Homo sapiens",12,,"TXT","ftp://ftp.ncbi.nlm.nih.gov/geo/series/GSE101nnn/GSE101612/suppl",29416683,,"Ja-Eun Kim","Feb 23, 2018"
GSE103012,"A seven-helix protein acts as a key regulator of translation during human-to-mosquito transmission of Plasmodium falciparum","Expression profiling by array","Plasmodium falciparum",2,,"TXT","ftp://ftp.ncbi.nlm.nih.gov/geo/series/GSE103nnn/GSE103012/suppl",,,"Manuel Llinas","Feb 23, 2018"
GSE103357,"Characterization of a novel breast cancer cell line derived from a metastatic bone lesion of a breast cancer patient [gene expression]","Expression profiling by array","Homo sapiens",5,,"TXT","ftp://ftp.ncbi.nlm.nih.gov/geo/series/GSE103nnn/GSE103357/suppl",29468485,,"Fares Al-Ejeh","Feb 23, 2018"
GSE104249,"Expression data from C57/6J mice (Normal), APP/PS1 mice and APP/PS1 mice treatment with HPYD","Expression profiling by array","Mus musculus",9,,"CEL","ftp://ftp.ncbi.nlm.nih.gov/geo/series/GSE104nnn/GSE104249/suppl",29358920,,"Weiying Liu","Feb 23, 2018"
GSE104301,"Dual Blockade of the Lipid Kinase PIP4Ks and Mitotic Pathways Leads to Cancer-selective Lethality","Expression profiling by array","Homo sapiens",23,,"IDAT;TXT","ftp://ftp.ncbi.nlm.nih.gov/geo/series/GSE104nnn/GSE104301/suppl",29259156,,"Manvendra K. Singh","Feb 23, 2018"
GSE104786,"Expression data from Neuroendocrine  Prostate  Cancer  and Primary Small Cell Prostatic Carcinoma","Expression profiling by array","Homo sapiens",33,,"CEL","ftp://ftp.ncbi.nlm.nih.gov/geo/series/GSE104nnn/GSE104786/suppl",29132337,,"Elai Davicioni","Feb 23, 2018"
GSE106589,"Transcriptional signatures of schizophrenia in hiPSC-derived NPCs and neurons are concordant with signatures from post mortem adult brains","Expression profiling by high throughput sequencing","Homo sapiens",94,,"CSV;SRA Run Selector","ftp://ftp.ncbi.nlm.nih.gov/geo/series/GSE106nnn/GSE106589/suppl;https://www.ncbi.nlm.nih.gov/Traces/study/?acc=PRJNA417295",29263384,SRP124299,"Gabriel E Hofman","Feb 23, 2018"
GSE106647,"Transcriptome analysis of C. elegans embryos lacking ADARs and the 26G pathway","Expression profiling by high throughput sequencing","Caenorhabditis elegans",24,,"TXT;SRA Run Selector","ftp://ftp.ncbi.nlm.nih.gov/geo/series/GSE106nnn/GSE106647/suppl;https://www.ncbi.nlm.nih.gov/Traces/study/?acc=PRJNA417502",29483152,SRP124524,"Brenda L Bass","Feb 23, 2018"
GSE107078,"Peptidomimetic blockade of MYB in acute myeloid leukemia [H3K27ac ChIP-seq]","Genome binding/occupancy profiling by high throughput sequencing","Homo sapiens",10,,"BW;SRA Run Selector","ftp://ftp.ncbi.nlm.nih.gov/geo/series/GSE107nnn/GSE107078/suppl;https://www.ncbi.nlm.nih.gov/Traces/study/?acc=PRJNA418963",29317678,SRP125218,"Richard Koche","Feb 23, 2018"
GSE107210,"Expression data from hippocampus of Phf8 knock out and wild type mice","Expression profiling by array","Mus musculus",6,,"CEL","ftp://ftp.ncbi.nlm.nih.gov/geo/series/GSE107nnn/GSE107210/suppl",29317619,,"Xuemei Chen","Feb 23, 2018"
GSE107267,"Genome-wide maps of chromatin in Phf8 knock out and wild type mice [ChIP-seq]","Genome binding/occupancy profiling by high throughput sequencing","Mus musculus",2,,"BW;SRA Run Selector","ftp://ftp.ncbi.nlm.nih.gov/geo/series/GSE107nnn/GSE107267/suppl;https://www.ncbi.nlm.nih.gov/Traces/study/?acc=PRJNA419495",29317619,SRP125473,"Xuemei Chen","Feb 23, 2018"
GSE107292,"Expression data and genome-wide maps of chromatin in Phf8 knock out and wild type mice","Expression profiling by array;Genome binding/occupancy profiling by high throughput sequencing","Mus musculus",8,,"BW;CEL","ftp://ftp.ncbi.nlm.nih.gov/geo/series/GSE107nnn/GSE107292/suppl",29317619,,"Xuemei Chen","Feb 23, 2018"
GSE107381,"In-nodule transcriptome analysis of Paraburkholderia phymatum during symbiosis with Phaseolus vulgaris","Expression profiling by high throughput sequencing","Paraburkholderia phymatum STM815",9,,"TXT;SRA Run Selector","ftp://ftp.ncbi.nlm.nih.gov/geo/series/GSE107nnn/GSE107381/suppl;https://www.ncbi.nlm.nih.gov/Traces/study/?acc=PRJNA419927",29244728,SRP125686,"Gabriella Pessi","Feb 23, 2018"
GSE107488,"Influenza A virus infection impacts systemic microbiota dynamics and causes quantitative enteric dysbiosis","Expression profiling by high throughput sequencing","Mus musculus",14,,"TXT;SRA Run Selector","ftp://ftp.ncbi.nlm.nih.gov/geo/series/GSE107nnn/GSE107488/suppl;https://www.ncbi.nlm.nih.gov/Traces/study/?acc=PRJNA420348",29321057,SRP125820,"Mirco Schmolke","Feb 23, 2018"
GSE108011,"Transcriptomic profiling of rhesus macaques vaccinated with Ad26/ALVAC+gp120 or DNA/ALVAC+gp120","Expression profiling by array","Homo sapiens;Macaca mulatta",115,,"IDAT;TXT","ftp://ftp.ncbi.nlm.nih.gov/geo/series/GSE108nnn/GSE108011/suppl",29785023,,"Slim Fourati","Feb 23, 2018"
GSE108016,"RNAseq of hypnozoites and schizonts in the MPCC system","Expression profiling by high throughput sequencing","Plasmodium vivax",4,,"TXT;SRA Run Selector","ftp://ftp.ncbi.nlm.nih.gov/geo/series/GSE108nnn/GSE108016/suppl;https://www.ncbi.nlm.nih.gov/Traces/study/?acc=PRJNA422240",29478773,SRP126641,"Sangeeta N. Bhatia","Feb 23, 2018"
GSE109042,"DNA methylation as a predictor of fetal alcohol spectrum disorder","Methylation profiling by genome tiling array","Homo sapiens",53,,"CSV;IDAT","ftp://ftp.ncbi.nlm.nih.gov/geo/series/GSE109nnn/GSE109042/suppl",29344313,,"Michael S. Kobor","Feb 23, 2018"
GSE109467,"Developmental analysis of bone marrow neutrophil reveals populations specialised in expansion, trafficking and effector functions","Expression profiling by high throughput sequencing","Mus musculus",18,,"TXT;SRA Run Selector","ftp://ftp.ncbi.nlm.nih.gov/geo/series/GSE109nnn/GSE109467/suppl;https://www.ncbi.nlm.nih.gov/Traces/study/?acc=PRJNA431153",29466759,SRP131109,"jinmiao chen","Feb 23, 2018"
GSE109510,"The transcriptional regulator CCCTC-binding factor limits oxidative stress in endothelial cells","Expression profiling by high throughput sequencing","Mus musculus",6,,"TXT;SRA Run Selector","ftp://ftp.ncbi.nlm.nih.gov/geo/series/GSE109nnn/GSE109510/suppl;https://www.ncbi.nlm.nih.gov/Traces/study/?acc=PRJNA431261",29610276,SRP131150,"Paul Delgado-Olguin","Feb 23, 2018"
GSE109652,"Transcription elongation rate affects nascent histone pre-mRNA folding and 3’ end processing","Expression profiling by high throughput sequencing;Genome binding/occupancy profiling by high throughput sequencing;Other","Homo sapiens",16,,"BW;TXT;SRA Run Selector","ftp://ftp.ncbi.nlm.nih.gov/geo/series/GSE109nnn/GSE109652/suppl;https://www.ncbi.nlm.nih.gov/Traces/study/?acc=PRJNA435673",29483154,SRP133353,"David L. Bentley","Feb 23, 2018"
GSE110992,"Microarray study of tumoral tissue transcriptome of breast cancer in mexican women who are overweight or obese","Expression profiling by array","Homo sapiens",6,,"TXT","ftp://ftp.ncbi.nlm.nih.gov/geo/series/GSE110nnn/GSE110992/suppl",,,"Esau Floriano Sanchez","Feb 23, 2018"
GSE110997,"Expression data from doxorubicin-treated Myxoid Liposarcoma cells and untreated control cells","Expression profiling by array","Homo sapiens",6,,"CEL","ftp://ftp.ncbi.nlm.nih.gov/geo/series/GSE110nnn/GSE110997/suppl",,,"Emma Jonasson","Feb 23, 2018"
GSE110999,"RNA sequencing of B cell subsets (CD11c hi IgD+ B cells, CD11c hi IgD- B cells, Memory B cells and Naïve B cells) from healthy subjects and subjects with Systemic lupus erythematosus (SLE) or Rheumatoid arthritis (RA)","Expression profiling by high throughput sequencing","Homo sapiens",48,,"TXT;SRA Run Selector","ftp://ftp.ncbi.nlm.nih.gov/geo/series/GSE110nnn/GSE110999/suppl;https://www.ncbi.nlm.nih.gov/Traces/study/?acc=PRJNA435554",29717110,SRP133278,"Jingya Wang","Feb 23, 2018"
GSE111019,"Gene expression data obtained from Oryza sativa adventitious roots (2-6 cm behind the root tip) grown in nutrient solution with (30 mgL-1) and without (3 mgL-1) Si","Expression profiling by array","Oryza sativa;Oryza sativa Japonica Group",16,,"CEL;XLS","ftp://ftp.ncbi.nlm.nih.gov/geo/series/GSE111nnn/GSE111019/suppl",,,"Martin Hinrichs","Feb 23, 2018"
GSE111028,"Expression in ENO2DeltaFosB mouse hypothalamus","Expression profiling by array","Mus musculus",4,,"CEL;XLSX","ftp://ftp.ncbi.nlm.nih.gov/geo/series/GSE111nnn/GSE111028/suppl",,,"Anna Idelevich","Feb 23, 2018"
GSE111046,"Transcriptomic response of Drosophila melanogaster whole bodies or dissected brains to Entomophthora muscae 'Berkeley'","Expression profiling by high throughput sequencing","Drosophila melanogaster",59,,"TXT;SRA Run Selector","ftp://ftp.ncbi.nlm.nih.gov/geo/series/GSE111nnn/GSE111046/suppl;https://www.ncbi.nlm.nih.gov/Traces/study/?acc=PRJNA435715",,SRP133370,"Carolyn Elya","Feb 23, 2018"
GSE111070,"Single cell transcriptomic analysis (10x Genomics) of mouse splenic CD4+ T cells","Expression profiling by high throughput sequencing","Mus musculus",1,,"TXT;SRA Run Selector","ftp://ftp.ncbi.nlm.nih.gov/geo/series/GSE111nnn/GSE111070/suppl;https://www.ncbi.nlm.nih.gov/Traces/study/?acc=PRJNA435745",29434354,SRP133395,"CBDM Lab","Feb 23, 2018"
GSE66467,"Genome-wide transcriptome analysis during dehydration and recovery in gametophores of  Physcomitrella patens","Expression profiling by high throughput sequencing","Physcomitrella patens",15,,"TXT;XLS;SRA Run Selector","ftp://ftp.ncbi.nlm.nih.gov/geo/series/GSE66nnn/GSE66467/suppl;https://www.ncbi.nlm.nih.gov/Traces/study/?acc=PRJNA277025",,SRP055763,"Lihong Xiao","Feb 22, 2018"
GSE66474,"Genome-wide transcriptome analysis during dehydration in leaf tissues of Boea hygrometrica (10%, 50% and 100%)","Expression profiling by high throughput sequencing","Dorcoceras hygrometricum",9,,"TXT;XLS;SRA Run Selector","ftp://ftp.ncbi.nlm.nih.gov/geo/series/GSE66nnn/GSE66474/suppl;https://www.ncbi.nlm.nih.gov/Traces/study/?acc=PRJNA277046",,SRP055775,"Lihong Xiao","Feb 22, 2018"
GSE66485,"Genome-wide DNA methylation maps during rehydration in gametophores of Physcomitrella patens.","Methylation profiling by high throughput sequencing","Physcomitrella patens",5,,"XLS;SRA Run Selector","ftp://ftp.ncbi.nlm.nih.gov/geo/series/GSE66nnn/GSE66485/suppl;https://www.ncbi.nlm.nih.gov/Traces/study/?acc=PRJNA277055",,SRP055780,"Lihong Xiao","Feb 22, 2018"
GSE66589,"Genome-wide small RNAtranscriptome analysis during dehydration and recovery in gametophores of  Physcomitrella patens","Non-coding RNA profiling by high throughput sequencing","Physcomitrella patens",10,,"TXT;XLS;SRA Run Selector","ftp://ftp.ncbi.nlm.nih.gov/geo/series/GSE66nnn/GSE66589/suppl;https://www.ncbi.nlm.nih.gov/Traces/study/?acc=PRJNA277372",,SRP055886,"Lihong Xiao","Feb 22, 2018"
GSE67170,"The signature of liver cancer in host peripheral blood mononuclear cells and T cells DNA methylation","Methylation profiling by array","Homo sapiens",89,,"IDAT","ftp://ftp.ncbi.nlm.nih.gov/geo/series/GSE67nnn/GSE67170/suppl",29375724,,"Moshe Szyf","Feb 22, 2018"
GSE74205,"microRNA data in cardiomyocytes isolated from rat at 1 versus 10 day of age","Non-coding RNA profiling by array","Rattus norvegicus",8,,"TXT","ftp://ftp.ncbi.nlm.nih.gov/geo/series/GSE74nnn/GSE74205/suppl",29053138,,"Yihua Bei","Feb 22, 2018"
GSE77096,"Genome wide DNA methylation analysis of C3(1) SV40TAg mouse model of breast cancer","Methylation profiling by high throughput sequencing","Mus musculus",12,,"BEDGRAPH;SRA Run Selector","ftp://ftp.ncbi.nlm.nih.gov/geo/series/GSE77nnn/GSE77096/suppl;https://www.ncbi.nlm.nih.gov/Traces/study/?acc=PRJNA309428",28759043,SRP068729,"Katharina Heilmann","Feb 22, 2018"
GSE77143,"Foxc1 ablated mice are anhidrotic and recapitulate features of human miliaria sweat retention disorder","Expression profiling by array","Mus musculus",8,,"TXT","ftp://ftp.ncbi.nlm.nih.gov/geo/series/GSE77nnn/GSE77143/suppl",27592801,,"Chang-Yi Cui","Feb 22, 2018"
GSE77355,"mRNA expression profile in Al2O3 nanoparticle treated A549 cells","Expression profiling by array","Homo sapiens",6,,"TXT","ftp://ftp.ncbi.nlm.nih.gov/geo/series/GSE77nnn/GSE77355/suppl",29233151,,"Shizhi Wang","Feb 22, 2018"
GSE78789,"Human NPY/AgRP hypothalamic cell lines for study of obesity susceptibility","Expression profiling by array","Homo sapiens",18,,"TXT","ftp://ftp.ncbi.nlm.nih.gov/geo/series/GSE78nnn/GSE78789/suppl",28071834,,"Yidong Chen","Feb 22, 2018"
GSE78812,"Human NPY/AgRP hypothalamic cell lines for study of obesity susceptibility (miRNA-Seq)","Non-coding RNA profiling by high throughput sequencing","Homo sapiens",10,,"TXT;SRA Run Selector","ftp://ftp.ncbi.nlm.nih.gov/geo/series/GSE78nnn/GSE78812/suppl;https://www.ncbi.nlm.nih.gov/Traces/study/?acc=PRJNA314028",28071834,SRP071051,"Yidong Chen","Feb 22, 2018"
GSE80033,"Somatic PRDM2 c.4459delA mutations in colorectal cancers control histone methylation and tumor growth","Expression profiling by high throughput sequencing","Homo sapiens",12,,"TXT;SRA Run Selector","ftp://ftp.ncbi.nlm.nih.gov/geo/series/GSE80nnn/GSE80033/suppl;https://www.ncbi.nlm.nih.gov/Traces/study/?acc=PRJNA317667",29228717,SRP072990,"Liqun He","Feb 22, 2018"
GSE84503,"Activity-Dependent Regulation of Alternative Cleavage and Polyadenylation (APA) During Hippocampal Long-Term Potentiation (LTP) [RNA-Seq]","Expression profiling by high throughput sequencing","Mus musculus",12,,"TXT;SRA Run Selector","ftp://ftp.ncbi.nlm.nih.gov/geo/series/GSE84nnn/GSE84503/suppl;https://www.ncbi.nlm.nih.gov/Traces/study/?acc=PRJNA329505",29234016,SRP078808,"Riki Kawaguchi","Feb 22, 2018"
GSE84643,"Activity-Dependent Regulation of Alternative Cleavage and Polyadenylation (APA) during hippocampal Long-Term Potentiation (LTP) [3'READS]","Expression profiling by high throughput sequencing","Mus musculus",12,,"TXT;SRA Run Selector","ftp://ftp.ncbi.nlm.nih.gov/geo/series/GSE84nnn/GSE84643/suppl;https://www.ncbi.nlm.nih.gov/Traces/study/?acc=PRJNA330722",29234016,SRP079009,"Riki Kawaguchi","Feb 22, 2018"
GSE84644,"Activity-Dependent Regulation of Alternative Cleavage and Polyadenylation (APA) During Hippocampal Long-Term Potentiation (LTP)","Expression profiling by high throughput sequencing","Mus musculus",24,,,,29234016,,"Riki Kawaguchi","Feb 22, 2018"
GSE85213,"Astrocyte-specific deletion of SOX2 promotes recovery after traumatic brain injury","Genome binding/occupancy profiling by high throughput sequencing","Mus musculus",4,,"BEDGRAPH;TXT;SRA Run Selector","ftp://ftp.ncbi.nlm.nih.gov/geo/series/GSE85nnn/GSE85213/suppl;https://www.ncbi.nlm.nih.gov/Traces/study/?acc=PRJNA336563",29161339,SRP080952,"Derek K Smith","Feb 22, 2018"
GSE85221,"Developmental Exposure to 2,2’,4, 4’ –Tetrabromodiphenyl Ether Induces Long-Lasting Changes in Liver Metabolism in Male Mice","Expression profiling by high throughput sequencing","Mus musculus",18,,"XLSX;SRA Run Selector","ftp://ftp.ncbi.nlm.nih.gov/geo/series/GSE85nnn/GSE85221/suppl;https://www.ncbi.nlm.nih.gov/Traces/study/?acc=PRJNA336571",29264491,SRP080961,"Alexander Suvorov","Feb 22, 2018"
GSE87643,"O antigen acts as a shield to delay early plant immune recognition of the pathogenic bacterium, Xylella fastidiosa","Expression profiling by high throughput sequencing","Vitis vinifera",99,,"TXT;SRA Run Selector","ftp://ftp.ncbi.nlm.nih.gov/geo/series/GSE87nnn/GSE87643/suppl;https://www.ncbi.nlm.nih.gov/Traces/study/?acc=PRJNA345471",29374171,SRP090869,"Dario Cantu","Feb 22, 2018"
GSE93229,"RET Ligands Mediate Endocrine Sensitivity via a Bi-stable Feedback Loop with ERα","Other","Homo sapiens",22,,"BED;BW;SRA Run Selector","ftp://ftp.ncbi.nlm.nih.gov/geo/series/GSE93nnn/GSE93229/suppl;https://www.ncbi.nlm.nih.gov/Traces/study/?acc=PRJNA360380",29608602;29614078,SRP096173,"Charles G Danko","Feb 22, 2018"
GSE94958,"Identification of the RB loss-induced E2F1 cistrome in prostate cancer [ChIP-seq]","Genome binding/occupancy profiling by high throughput sequencing","Homo sapiens",2,,"BED;SRA Run Selector","ftp://ftp.ncbi.nlm.nih.gov/geo/series/GSE94nnn/GSE94958/suppl;https://www.ncbi.nlm.nih.gov/Traces/study/?acc=PRJNA374919",29202480,SRP099930,"Christopher McNair","Feb 22, 2018"
GSE94959,"Identification of the RB loss-induced transcriptome and E2F1 cistrome in prostate cancer","Expression profiling by high throughput sequencing;Genome binding/occupancy profiling by high throughput sequencing","Homo sapiens",14,,"BED","ftp://ftp.ncbi.nlm.nih.gov/geo/series/GSE94nnn/GSE94959/suppl",29202480,,"Christopher McNair","Feb 22, 2018"
GSE95243,"Transcriptomes of iPSC-derived and post-mortum Hypothalamus Neurons from obese and control donors","Expression profiling by high throughput sequencing","Homo sapiens",20,,"CSV;SRA Run Selector","ftp://ftp.ncbi.nlm.nih.gov/geo/series/GSE95nnn/GSE95243/suppl;https://www.ncbi.nlm.nih.gov/Traces/study/?acc=PRJNA376498",29681516,SRP100603,"Dhruv Sareen","Feb 22, 2018"
GSE95369,"RNA sequencing of prostate cancers reveal insights on the prognostic significance of visibility on multi-parametric MRI","Expression profiling by high throughput sequencing","Homo sapiens",16,,"TXT;SRA Run Selector","ftp://ftp.ncbi.nlm.nih.gov/geo/series/GSE95nnn/GSE95369/suppl;https://www.ncbi.nlm.nih.gov/Traces/study/?acc=PRJNA376773",,SRP100706,"Sungyong You","Feb 22, 2018"
GSE95460,"DNA methylation signature defines genes modulated by stromal cell contents of human breast tumors [MethylationEPIC]","Methylation profiling by genome tiling array","Homo sapiens",16,,"IDAT","ftp://ftp.ncbi.nlm.nih.gov/geo/series/GSE95nnn/GSE95460/suppl",29058695,,"Robert Dante","Feb 22, 2018"
GSE95461,"DNA methylation signature defines genes modulated by stromal cell contents of human breast tumors [RNA-seq]","Expression profiling by high throughput sequencing","Homo sapiens",34,,"TXT;SRA Run Selector","ftp://ftp.ncbi.nlm.nih.gov/geo/series/GSE95nnn/GSE95461/suppl;https://www.ncbi.nlm.nih.gov/Traces/study/?acc=PRJNA377162",29058695,SRP100803,"Robert Dante","Feb 22, 2018"
GSE95462,"DNA methylation signature defines genes modulated by stromal cell contents of human breast tumors","Methylation profiling by genome tiling array;Expression profiling by high throughput sequencing","Homo sapiens",50,,"IDAT","ftp://ftp.ncbi.nlm.nih.gov/geo/series/GSE95nnn/GSE95462/suppl",29058695,,"Robert Dante","Feb 22, 2018"
GSE95771,"AG221 and Ruxolitinib Treatment Effects on LSKs in IDH2-R140Q JAK2-V617F Transplant Recipients","Expression profiling by high throughput sequencing","Mus musculus",15,,"TSV;SRA Run Selector","ftp://ftp.ncbi.nlm.nih.gov/geo/series/GSE95nnn/GSE95771/suppl;https://www.ncbi.nlm.nih.gov/Traces/study/?acc=PRJNA378381",29355841,SRP101495,"Barbara Spitzer","Feb 22, 2018"
GSE96571,"Identification of Transcripts Associated with Renal Damage Due to Ureteral Obstruction as Candidate Urinary Biomarkers","Expression profiling by array","Mus musculus",231,,"TXT","ftp://ftp.ncbi.nlm.nih.gov/geo/series/GSE96nnn/GSE96571/suppl",29488389,,"Bo Wu","Feb 22, 2018"
GSE96641,"Genome-wide Screen for Differentially Methylated Long Noncoding RNAs identifies Esrp2 and lncRNA Esrp2-as Regulated by Enhancer DNA Methylation with Prognostic Relevance for Human Breast Cancer","Expression profiling by high throughput sequencing","Mus musculus",21,,"CSV;TXT;SRA Run Selector","ftp://ftp.ncbi.nlm.nih.gov/geo/series/GSE96nnn/GSE96641/suppl;https://www.ncbi.nlm.nih.gov/Traces/study/?acc=PRJNA379281",28759043,SRP101942,"Reka Toth","Feb 22, 2018"
GSE97015,"The Evolutionarily Conserved AU-Dinucleotide at the 5’ End of U1 snRNA is Critical for the Biogenesis and Functionality of U1 snRNP","Expression profiling by array","Saccharomyces cerevisiae",2,,"GPR","ftp://ftp.ncbi.nlm.nih.gov/geo/series/GSE97nnn/GSE97015/suppl",28934473,,"Jeffrey A Pleiss","Feb 22, 2018"
GSE97767,"Transcriptome analysis of secreted proteins responding to nutrient-selection pressure","Expression profiling by high throughput sequencing","Pochonia chlamydosporia",10,,"TXT;SRA Run Selector","ftp://ftp.ncbi.nlm.nih.gov/geo/series/GSE97nnn/GSE97767/suppl;https://www.ncbi.nlm.nih.gov/Traces/study/?acc=PRJNA382835",29348510,SRP103877,"Runmao Lin","Feb 22, 2018"
GSE98230,"RNA-Seq of treatment response of platinum sensitive and platinum resistant ovarian cancer cells","Expression profiling by high throughput sequencing","Homo sapiens",24,,"TXT;SRA Run Selector","ftp://ftp.ncbi.nlm.nih.gov/geo/series/GSE98nnn/GSE98230/suppl;https://www.ncbi.nlm.nih.gov/Traces/study/?acc=PRJNA384352",29100359,SRP105266,"Konrad Grützmann","Feb 22, 2018"
GSE98266,"TFEB target in epithelial cells during DSS colitis","Expression profiling by high throughput sequencing","Mus musculus",12,,"TXT;SRA Run Selector","ftp://ftp.ncbi.nlm.nih.gov/geo/series/GSE98nnn/GSE98266/suppl;https://www.ncbi.nlm.nih.gov/Traces/study/?acc=PRJNA384508",29066772,SRP105321,"Javier Elbio Irazoqui","Feb 22, 2018"
GSE98427," Epigenetic activation during Th17 cell differentiation is impaired after TRIM28 deletion","Expression profiling by high throughput sequencing;Genome binding/occupancy profiling by high throughput sequencing","Mus musculus",8,,"TDF;TXT;WIG;SRA Run Selector","ftp://ftp.ncbi.nlm.nih.gov/geo/series/GSE98nnn/GSE98427/suppl;https://www.ncbi.nlm.nih.gov/Traces/study/?acc=PRJNA385079",29651155,SRP106014,"Huiping Lu","Feb 22, 2018"
GSE98639,"CD300E is activated by Helicobacter pylori macrophages infection","Expression profiling by array","Homo sapiens",23,,"TXT","ftp://ftp.ncbi.nlm.nih.gov/geo/series/GSE98nnn/GSE98639/suppl",29085364,,"Gerolamo Lanfranchi","Feb 22, 2018"
GSE98641,"The expression of miRNAs is influenced by the infection of Helicobacter Pylori","Non-coding RNA profiling by array","Homo sapiens",16,,"TXT","ftp://ftp.ncbi.nlm.nih.gov/geo/series/GSE98nnn/GSE98641/suppl",29085364,,"Gerolamo Lanfranchi","Feb 22, 2018"
GSE98888,"Underestimation of inadvertent morpholino RNA targets: evidence from the study of Danio rerio Ser/Arg-rich splicing factors using gene editing tools","Expression profiling by high throughput sequencing","Danio rerio",4,,"TXT;XLSX;SRA Run Selector","ftp://ftp.ncbi.nlm.nih.gov/geo/series/GSE98nnn/GSE98888/suppl;https://www.ncbi.nlm.nih.gov/Traces/study/?acc=PRJNA386501",28934490,SRP107008,"Marine Joris","Feb 22, 2018"
GSE99422,"KH-type splicing regulatory protein (KHSRP) is involved in esophageal squamous cell carcinoma progression through regulating a subset of microRNAs [mRNA]","Expression profiling by array","Homo sapiens",8,,"TXT","ftp://ftp.ncbi.nlm.nih.gov/geo/series/GSE99nnn/GSE99422/suppl",29254151,,"Kiyoshi Masuda","Feb 22, 2018"
GSE99423,"KH-type splicing regulatory protein (KHSRP) is involved in esophageal squamous cell carcinoma progression through regulating a subset of microRNAs [miRNA]","Non-coding RNA profiling by array","Homo sapiens",4,,"TXT","ftp://ftp.ncbi.nlm.nih.gov/geo/series/GSE99nnn/GSE99423/suppl",29254151,,"Kiyoshi Masuda","Feb 22, 2018"
GSE99424,"KH-type splicing regulatory protein (KHSRP) is involved in esophageal squamous cell carcinoma progression through regulating a subset of microRNAs","Expression profiling by array;Non-coding RNA profiling by array","Homo sapiens",12,,"TXT","ftp://ftp.ncbi.nlm.nih.gov/geo/series/GSE99nnn/GSE99424/suppl",29254151,,"Kiyoshi Masuda","Feb 22, 2018"
GSE99985,"RNA-seq reveals abundant circRNA, lncRNA and mRNA in blood exosomes of patients with coronary heart disease","Non-coding RNA profiling by high throughput sequencing;Expression profiling by high throughput sequencing","Homo sapiens",6,,"TXT;SRA Run Selector","ftp://ftp.ncbi.nlm.nih.gov/geo/series/GSE99nnn/GSE99985/suppl;https://www.ncbi.nlm.nih.gov/Traces/study/?acc=PRJNA390278",,SRP109105,"Shengli Li","Feb 22, 2018"
GSE100063,"RNA-seq reveals abundant circRNA, lncRNA and mRNA in blood exosomes of patients with colorectal carcinoma","Expression profiling by high throughput sequencing;Non-coding RNA profiling by high throughput sequencing","Homo sapiens",12,,"TXT;SRA Run Selector","ftp://ftp.ncbi.nlm.nih.gov/geo/series/GSE100nnn/GSE100063/suppl;https://www.ncbi.nlm.nih.gov/Traces/study/?acc=PRJNA390615",,SRP109272,"Shengli Li","Feb 22, 2018"
GSE100207,"RNA-seq reveals abundant circRNA, lncRNA and mRNA in blood exosomes of patients with hepatocellular carcinoma","Expression profiling by high throughput sequencing;Non-coding RNA profiling by high throughput sequencing","Homo sapiens",21,,"TXT;SRA Run Selector","ftp://ftp.ncbi.nlm.nih.gov/geo/series/GSE100nnn/GSE100207/suppl;https://www.ncbi.nlm.nih.gov/Traces/study/?acc=PRJNA390991",,SRP109668,"Shengli Li","Feb 22, 2018"
GSE100232,"RNA-seq reveals abundant circRNA, lncRNA and mRNA in blood exosomes of patients with pancreatic carcinoma","Expression profiling by high throughput sequencing","Homo sapiens",14,,"TXT;SRA Run Selector","ftp://ftp.ncbi.nlm.nih.gov/geo/series/GSE100nnn/GSE100232/suppl;https://www.ncbi.nlm.nih.gov/Traces/study/?acc=PRJNA391134",,SRP109786,"Shengli Li","Feb 22, 2018"
GSE100882,"SAMHD1 is recurrently mutated in T-cell prolymphocytic leukemia [RNA-seq]","Expression profiling by high throughput sequencing","Homo sapiens",15,,"TXT;SRA Run Selector","ftp://ftp.ncbi.nlm.nih.gov/geo/series/GSE100nnn/GSE100882/suppl;https://www.ncbi.nlm.nih.gov/Traces/study/?acc=PRJNA395211",29352181,SRP113226,"Ludger Klein-Hitpass","Feb 22, 2018"
GSE102264,"Electrochemically active bacteria sense electrode potentials for regulating catabolic pathways","Expression profiling by array","Shewanella oneidensis;Shewanella oneidensis MR-1",22,,"TXT","ftp://ftp.ncbi.nlm.nih.gov/geo/series/GSE102nnn/GSE102264/suppl",,,"Atsushi Kouzuma","Feb 22, 2018"
GSE102873,"Genome-wide transcriptome analysis of NIPBL iPSC and commited cardiomyoctes","Expression profiling by high throughput sequencing","Homo sapiens",13,,"TXT;SRA Run Selector","ftp://ftp.ncbi.nlm.nih.gov/geo/series/GSE102nnn/GSE102873/suppl;https://www.ncbi.nlm.nih.gov/Traces/study/?acc=PRJNA399158",29348408,SRP115907,"Jason Adam Mills","Feb 22, 2018"
GSE102895,"Modulation of human dendritic cell (DC) activity by Ascaris suum body fluid or cocoa procyanidins","Expression profiling by array","Homo sapiens",9,,"IDAT;TXT","ftp://ftp.ncbi.nlm.nih.gov/geo/series/GSE102nnn/GSE102895/suppl",29136163,,"Andrew Williams","Feb 22, 2018"
GSE103546,"Expression data from HPV 11E6 and HPV18E6 infected cells","Expression profiling by array","Homo sapiens",9,,"CEL","ftp://ftp.ncbi.nlm.nih.gov/geo/series/GSE103nnn/GSE103546/suppl",29164058,,"Lamech Mwapagha","Feb 22, 2018"
GSE103666,"Human primary macrophages derived in vitro from circulating monocytes comprise adherent and non-adherent subsets with differential expression of Siglec-1 and CD4 and permissiveness to HIV-1 infection","Expression profiling by high throughput sequencing","Homo sapiens",12,,"TXT;SRA Run Selector","ftp://ftp.ncbi.nlm.nih.gov/geo/series/GSE103nnn/GSE103666/suppl;https://www.ncbi.nlm.nih.gov/Traces/study/?acc=PRJNA403862",29123518,SRP117184,"Mangala Rao","Feb 22, 2018"
GSE104059,"Bivalent complexes of PRC1 with orthologs of BRD4 and MOZ/MORF target developmental genes in Drosophila","Genome binding/occupancy profiling by high throughput sequencing","Drosophila melanogaster;Homo sapiens",36,,"BIGWIG;TDF;SRA Run Selector","ftp://ftp.ncbi.nlm.nih.gov/geo/series/GSE104nnn/GSE104059/suppl;https://www.ncbi.nlm.nih.gov/Traces/study/?acc=PRJNA408128",29070704,SRP118320,"Mitzi Kuroda","Feb 22, 2018"
GSE104090,"Migrating interneuron transcriptomes in Wt and CCP1 cKO mouse embryos","Expression profiling by high throughput sequencing","Mus musculus",6,,"XLSX;SRA Run Selector","ftp://ftp.ncbi.nlm.nih.gov/geo/series/GSE104nnn/GSE104090/suppl;https://www.ncbi.nlm.nih.gov/Traces/study/?acc=PRJNA408229",29474907,SRP118465,"Elise PEYRE","Feb 22, 2018"
GSE104092,"Expression data from mucosa of pigs","Expression profiling by array","Sus scrofa",19,,"CEL","ftp://ftp.ncbi.nlm.nih.gov/geo/series/GSE104nnn/GSE104092/suppl",29136163,,"Andrew Williams","Feb 22, 2018"
GSE104097,"RNA-Seq analysis of murine splenic B cells with deletion of YY1","Expression profiling by high throughput sequencing","Mus musculus",18,,"TXT;SRA Run Selector","ftp://ftp.ncbi.nlm.nih.gov/geo/series/GSE104nnn/GSE104097/suppl;https://www.ncbi.nlm.nih.gov/Traces/study/?acc=PRJNA408238",28991910,SRP118469,"Guanxiang Liang","Feb 22, 2018"
GSE104397,"Expression data from MMTV-PyMT Induced Tumors","Expression profiling by array","Mus musculus",80,,"CEL","ftp://ftp.ncbi.nlm.nih.gov/geo/series/GSE104nnn/GSE104397/suppl",29346386,,"Daniel Patrick Hollern","Feb 22, 2018"
GSE104614,"Global transcriptome analysis of colon tissues from AOM/DSS mouse models treated with anti-S100a9 antibody","Expression profiling by high throughput sequencing","Mus musculus",9,,"TXT;SRA Run Selector","ftp://ftp.ncbi.nlm.nih.gov/geo/series/GSE104nnn/GSE104614/suppl;https://www.ncbi.nlm.nih.gov/Traces/study/?acc=PRJNA413301",29326691,SRP119445,"Jian Ma","Feb 22, 2018"
GSE104663,"Characterization of transcriptomics landscape in HUVEC cells exposed to oxidative stress (Small RNA)","Non-coding RNA profiling by high throughput sequencing","Homo sapiens",12,,"TXT;SRA Run Selector","ftp://ftp.ncbi.nlm.nih.gov/geo/series/GSE104nnn/GSE104663/suppl;https://www.ncbi.nlm.nih.gov/Traces/study/?acc=PRJNA413425",29242407,SRP119486,"Fabio Martelli","Feb 22, 2018"
GSE104664,"Characterization of transcriptomics landscape in HUVEC cells exposed to oxidative stress (Total RNA)","Expression profiling by high throughput sequencing","Homo sapiens",9,,"TXT;SRA Run Selector","ftp://ftp.ncbi.nlm.nih.gov/geo/series/GSE104nnn/GSE104664/suppl;https://www.ncbi.nlm.nih.gov/Traces/study/?acc=PRJNA413424",29242407,SRP119487,"Fabio Martelli","Feb 22, 2018"
GSE104666,"Characterization of transcriptomics landscape in HUVEC cells exposed to oxidative stress","Expression profiling by high throughput sequencing;Non-coding RNA profiling by high throughput sequencing","Homo sapiens",21,,,,29242407,,"Fabio Martelli","Feb 22, 2018"
GSE105050,"A Pipeline for High Throughput Concentration Response Modeling of Gene Expression for Toxicogenomics","Other","Homo sapiens",48,,"CSV;TXT;SRA Run Selector","ftp://ftp.ncbi.nlm.nih.gov/geo/series/GSE105nnn/GSE105050/suppl;https://www.ncbi.nlm.nih.gov/Traces/study/?acc=PRJNA414472",29163636,SRP120049,"Dereje D. Jima","Feb 22, 2018"
GSE105116,"Identification of the impact of RB status on chromatin accessibility [ATAC-seq]","Genome binding/occupancy profiling by high throughput sequencing","Homo sapiens",6,,"BED;SRA Run Selector","ftp://ftp.ncbi.nlm.nih.gov/geo/series/GSE105nnn/GSE105116/suppl;https://www.ncbi.nlm.nih.gov/Traces/study/?acc=PRJNA414727",29202480,SRP120306,"Christopher McNair","Feb 22, 2018"
GSE106101,"Secretoneurin A regulates neurogenic and inflammatory transcriptional networks in radial glia of the goldfish brain","Expression profiling by high throughput sequencing","Carassius auratus",10,,"FASTA;XLSX;SRA Run Selector","ftp://ftp.ncbi.nlm.nih.gov/geo/series/GSE106nnn/GSE106101/suppl;https://www.ncbi.nlm.nih.gov/Traces/study/?acc=PRJNA415604",29097753,SRP121283,"Christopher Martyniuk","Feb 22, 2018"
GSE107088,"Edited miR-378a-3p target genes","Expression profiling by array","Homo sapiens",6,,"CEL","ftp://ftp.ncbi.nlm.nih.gov/geo/series/GSE107nnn/GSE107088/suppl",29386624,,"Enrique Fuentes-Mattei","Feb 22, 2018"
GSE107175,"Quantitating transcription factor redundancy: The relative roles of the ELT-2 and ELT-7 GATA factors in the C. elegans endoderm","Expression profiling by high throughput sequencing","Caenorhabditis elegans",15,,"BW;GTF;XLSX;SRA Run Selector","ftp://ftp.ncbi.nlm.nih.gov/geo/series/GSE107nnn/GSE107175/suppl;https://www.ncbi.nlm.nih.gov/Traces/study/?acc=PRJNA419208",29360433,SRP125327,"Erin Osborne Nishimura","Feb 22, 2018"
GSE108060,"Mouse Obox and CrxOS modulate pre-implantation transcriptional profiles revealing similarity between paralogous mouse and human homeobox genes","Expression profiling by high throughput sequencing","Mus musculus",15,,"XLSX;SRA Run Selector","ftp://ftp.ncbi.nlm.nih.gov/geo/series/GSE108nnn/GSE108060/suppl;https://www.ncbi.nlm.nih.gov/Traces/study/?acc=PRJNA422372",29423137,SRP126732,"Amy Royall","Feb 22, 2018"
GSE108775,"Graded arrays of spinal and supraspinal V2a interneuron subtypes underlie forelimb and hindlimb motor control [RNA-seq]","Expression profiling by high throughput sequencing","Mus musculus",12,,"TXT;SRA Run Selector","ftp://ftp.ncbi.nlm.nih.gov/geo/series/GSE108nnn/GSE108775/suppl;https://www.ncbi.nlm.nih.gov/Traces/study/?acc=PRJNA428528",29398364,SRP130937,"Shawn Driscoll","Feb 22, 2018"
GSE108778,"Pervasive, coordinated protein level changes driven by transcript isoform switching during meiosis","Expression profiling by high throughput sequencing;Other","Saccharomyces cerevisiae",54,,"TXT;SRA Run Selector","ftp://ftp.ncbi.nlm.nih.gov/geo/series/GSE108nnn/GSE108778/suppl;https://www.ncbi.nlm.nih.gov/Traces/study/?acc=PRJNA428526",29474919,SRP128065,"Gloria Brar","Feb 22, 2018"
GSE108788,"Graded arrays of spinal and supraspinal V2a interneuron subtypes underlie forelimb and hindlimb motor control [scRNA-seq]","Expression profiling by high throughput sequencing","Mus musculus",1,,"CSV;SRA Run Selector","ftp://ftp.ncbi.nlm.nih.gov/geo/series/GSE108nnn/GSE108788/suppl;https://www.ncbi.nlm.nih.gov/Traces/study/?acc=PRJNA428534",29398364,SRP128071,"Shawn Driscoll","Feb 22, 2018"
GSE108790,"Graded arrays of spinal and supraspinal V2a interneuron subtypes underlie forelimb and hindlimb motor control","Expression profiling by high throughput sequencing","Mus musculus",13,,"CSV","ftp://ftp.ncbi.nlm.nih.gov/geo/series/GSE108nnn/GSE108790/suppl",29398364,,"Shawn Driscoll","Feb 22, 2018"
GSE109474,"Endurance training remodels sperm-borne small RNA expression and methylation at neurological gene hotspots [RRBS]","Methylation profiling by high throughput sequencing","Homo sapiens",36,,"CSV;SRA Run Selector","ftp://ftp.ncbi.nlm.nih.gov/geo/series/GSE109nnn/GSE109474/suppl;https://www.ncbi.nlm.nih.gov/Traces/study/?acc=PRJNA431164",29416570,SRP131112,"Lars Roed Ingerslev","Feb 22, 2018"
GSE109475,"Endurance training remodels sperm-borne small RNA expression and methylation at neurological gene hotspots [sncRNA]","Non-coding RNA profiling by high throughput sequencing","Homo sapiens",24,,"CSV;SRA Run Selector","ftp://ftp.ncbi.nlm.nih.gov/geo/series/GSE109nnn/GSE109475/suppl;https://www.ncbi.nlm.nih.gov/Traces/study/?acc=PRJNA431173",29416570,SRP131114,"Lars Roed Ingerslev","Feb 22, 2018"
GSE109478,"Endurance training remodels sperm-borne small RNA expression and methylation at neurological gene hotspots","Methylation profiling by high throughput sequencing;Non-coding RNA profiling by high throughput sequencing","Homo sapiens",60,,,,29416570,,"Lars Roed Ingerslev","Feb 22, 2018"
GSE110932,"The lateral cerebellum is preferentially sensitive to high sonic hedgehog signaling and medulloblastoma formation","Expression profiling by array","Mus musculus",12,,"CEL","ftp://ftp.ncbi.nlm.nih.gov/geo/series/GSE110nnn/GSE110932/suppl",29531057,,"Alexandra Joyner","Feb 22, 2018"
GSE110936,"14q32 and let-7 microRNAs regulate transcriptional networks in fetal and adult human erythroblasts","Non-coding RNA profiling by high throughput sequencing","Homo sapiens",24,,"TXT;SRA Run Selector","ftp://ftp.ncbi.nlm.nih.gov/geo/series/GSE110nnn/GSE110936/suppl;https://www.ncbi.nlm.nih.gov/Traces/study/?acc=PRJNA434869",28570605,SRP133212,"Guillaume Lettre","Feb 22, 2018"
GSE110993,"RNA-seq identifies circulating miR-125a-5p, miR-125b-5p and miR-143-3p as potential biomarkers for acute ischemic stroke","Non-coding RNA profiling by high throughput sequencing","Homo sapiens",40,,"CSV;SRA Run Selector","ftp://ftp.ncbi.nlm.nih.gov/geo/series/GSE110nnn/GSE110993/suppl;https://www.ncbi.nlm.nih.gov/Traces/study/?acc=PRJNA435535",28724745,SRP133275,"Bernd Henrik Northoff","Feb 22, 2018"
GSE74245,"Activation of the pyruvate dehydrogenase complex dictates tumour progression in prostate cancer","Expression profiling by array","Mus musculus",8,,"TXT","ftp://ftp.ncbi.nlm.nih.gov/geo/series/GSE74nnn/GSE74245/suppl",29335542,,"Francesco Bertoni","Feb 21, 2018"
GSE84569,"Transcriptomic analyses of IXR1 gene deletion in Saccharomyces cerevisiae and its increased resistance to cisplatin treatment.","Expression profiling by array","Saccharomyces cerevisiae;Schizosaccharomyces pombe",12,,"CEL;XLS","ftp://ftp.ncbi.nlm.nih.gov/geo/series/GSE84nnn/GSE84569/suppl",29449612,,"Angel Vizoso-Vázquez","Feb 21, 2018"
GSE88953,"Impact of hypothermic preservation of mouse kidney resident immune cells","Expression profiling by high throughput sequencing","Mus musculus",502,,"CSV;SRA Run Selector","ftp://ftp.ncbi.nlm.nih.gov/geo/series/GSE88nnn/GSE88953/suppl;https://www.ncbi.nlm.nih.gov/Traces/study/?acc=PRJNA349178",29439658,SRP091780,"Wanxin Wang","Feb 21, 2018"
GSE89754,"Population snapshots predict early haematopoietic and erythroid hierarchies","Expression profiling by high throughput sequencing","Mus musculus",9,,"CSV;TXT;SRA Run Selector","ftp://ftp.ncbi.nlm.nih.gov/geo/series/GSE89nnn/GSE89754/suppl;https://www.ncbi.nlm.nih.gov/Traces/study/?acc=PRJNA353098",29466336,SRP093236,"Merav Socolovsky","Feb 21, 2018"
GSE90468,"Retinoic Acid Induced Transcriptional Repressor HIC1 is Required for Suppressive Function of Human Induced Regulatory T cells [RNA-Seq 1]","Expression profiling by high throughput sequencing","Homo sapiens",12,,"TXT;SRA Run Selector","ftp://ftp.ncbi.nlm.nih.gov/geo/series/GSE90nnn/GSE90468/suppl;https://www.ncbi.nlm.nih.gov/Traces/study/?acc=PRJNA354730",29466736,SRP093834,"Sini Rautio","Feb 21, 2018"
GSE90569,"Retinoic Acid Induced Transcriptional Repressor HIC1 is Required for Suppressive Function of Human Induced Regulatory T cells [RNA-Seq 2]","Expression profiling by high throughput sequencing","Homo sapiens",57,,"TXT;SRA Run Selector","ftp://ftp.ncbi.nlm.nih.gov/geo/series/GSE90nnn/GSE90569/suppl;https://www.ncbi.nlm.nih.gov/Traces/study/?acc=PRJNA355078",29466736,SRP093990,"Sini Rautio","Feb 21, 2018"
GSE93990,"The FlbA-regulated transcription factor FusR of Aspergillus niger is involved in production of fumonisin","Expression profiling by high throughput sequencing","Aspergillus niger",4,,"DIFF;SRA Run Selector","ftp://ftp.ncbi.nlm.nih.gov/geo/series/GSE93nnn/GSE93990/suppl;https://www.ncbi.nlm.nih.gov/Traces/study/?acc=PRJNA363016",28965153,SRP097665,"Robin Ohm","Feb 21, 2018"
GSE94128,"Transcriptome profile in INT cells modulated by Cryptosporidium parvum RNA transcripts","Expression profiling by array","Homo sapiens",9,,"TXT","ftp://ftp.ncbi.nlm.nih.gov/geo/series/GSE94nnn/GSE94128/suppl",29426472,,"Xianming Chen","Feb 21, 2018"
GSE94359,"Gene expression profiling of CD45+ leukocytes infiltrating the prostate of TRAMP and TRAMP-Jα18-/- (iNKT cell-deficient) mice","Expression profiling by array","Mus musculus",18,,"CEL","ftp://ftp.ncbi.nlm.nih.gov/geo/series/GSE94nnn/GSE94359/suppl",29539427,,"Silvio Bicciato","Feb 21, 2018"
GSE95853,"Metallothionein I as a direct link between therapeutic hematopoietic stem/progenitor cells and cerebral protection in stroke","Expression profiling by high throughput sequencing","Mus musculus",12,,"XLSX;SRA Run Selector","ftp://ftp.ncbi.nlm.nih.gov/geo/series/GSE95nnn/GSE95853/suppl;https://www.ncbi.nlm.nih.gov/Traces/study/?acc=PRJNA378600",29269399,SRP101617,"Seiichi Omura","Feb 21, 2018"
GSE96655,"Innate Immune Response and Off-Target Mis-splicing Are Common Morpholino-Induced Side Effects in Xenopus","Expression profiling by high throughput sequencing","Xenopus tropicalis",36,,"GFF3;TXT;SRA Run Selector","ftp://ftp.ncbi.nlm.nih.gov/geo/series/GSE96nnn/GSE96655/suppl;https://www.ncbi.nlm.nih.gov/Traces/study/?acc=PRJNA379304",29478923,SRP101960,"George E. Gentsch","Feb 21, 2018"
GSE96935,"Coral larvae of A. gemmifera in responses to elevated CO2","Expression profiling by high throughput sequencing","Acropora gemmifera",18,,"FA;TXT;SRA Run Selector","ftp://ftp.ncbi.nlm.nih.gov/geo/series/GSE96nnn/GSE96935/suppl;https://www.ncbi.nlm.nih.gov/Traces/study/?acc=PRJNA380146",29434364,SRP102323,"Xiangcheng Yuan","Feb 21, 2018"
GSE97045,"Expression data from leaflets of domesticated tomato and wild-related Solanum pennellii plants subjected to water stress","Expression profiling by array","Solanum lycopersicum;Solanum pennellii",12,,"CEL","ftp://ftp.ncbi.nlm.nih.gov/geo/series/GSE97nnn/GSE97045/suppl",29434236,,"Francisco Borja Flores","Feb 21, 2018"
GSE97220,"CpdA is involved in amino acid metabolism in Shewanella oneidensis MR-1","Expression profiling by array","Shewanella oneidensis;Shewanella oneidensis MR-1",8,,"TXT","ftp://ftp.ncbi.nlm.nih.gov/geo/series/GSE97nnn/GSE97220/suppl",,,"Atsushi Kouzuma","Feb 21, 2018"
GSE98080,"Genome-wide analysis of gene expression in mouse embryonic stem cells when individual glycogen synthase kinase 3 (GSK3) paralog is inhibited via chemical genetic approach","Expression profiling by high throughput sequencing","Mus musculus",8,,"TXT;XLSX;SRA Run Selector","ftp://ftp.ncbi.nlm.nih.gov/geo/series/GSE98nnn/GSE98080/suppl;https://www.ncbi.nlm.nih.gov/Traces/study/?acc=PRJNA383903",29207259,SRP104904,"Liang Hu","Feb 21, 2018"
GSE99159,"Tcf-1 shapes the chromatin landscape of naive T cells","Expression profiling by high throughput sequencing;Genome binding/occupancy profiling by high throughput sequencing","Mus musculus",321,,"BED;BW;SRA Run Selector","ftp://ftp.ncbi.nlm.nih.gov/geo/series/GSE99nnn/GSE99159/suppl;https://www.ncbi.nlm.nih.gov/Traces/study/?acc=PRJNA387446",29466756,SRP107772,"Golnaz Vahedi","Feb 21, 2018"
GSE99189,"Prepubertal vs pubertal lung gene expression during influenza in female mice","Expression profiling by array","Mus musculus",31,,"CEL","ftp://ftp.ncbi.nlm.nih.gov/geo/series/GSE99nnn/GSE99189/suppl",28882815,,"Lester Kobzik","Feb 21, 2018"
GSE99190,"Prepubertal vs pubertal lung gene expression during influenza in male mice","Expression profiling by array","Mus musculus",36,,"CEL","ftp://ftp.ncbi.nlm.nih.gov/geo/series/GSE99nnn/GSE99190/suppl",28882815,,"Lester Kobzik","Feb 21, 2018"
GSE99191,"Prepubertal vs pubertal whole blood gene expression in male and female mice","Expression profiling by array","Mus musculus",15,,"CEL","ftp://ftp.ncbi.nlm.nih.gov/geo/series/GSE99nnn/GSE99191/suppl",28882815,,"Lester Kobzik","Feb 21, 2018"
GSE99192,"Influenza and gene expression in lungs and blood of prepubertal vs pubertal mice","Expression profiling by array","Mus musculus",82,,"CEL","ftp://ftp.ncbi.nlm.nih.gov/geo/series/GSE99nnn/GSE99192/suppl",28882815,,"Lester Kobzik","Feb 21, 2018"
GSE99248,"Comparsion of the transcriptome profiles in normal and age-related macular degneration in retina and RPE-Choroid-Scleral (RCS) tissues","Expression profiling by high throughput sequencing","Homo sapiens",31,,"TXT;SRA Run Selector","ftp://ftp.ncbi.nlm.nih.gov/geo/series/GSE99nnn/GSE99248/suppl;https://www.ncbi.nlm.nih.gov/Traces/study/?acc=PRJNA387704",29445097,SRP107937,"Venkata Ramana Murthy Chavali","Feb 21, 2018"
GSE99350,"A Signaling and Transcription Architecture for the Specification of Human Germ Cell Lineage","Expression profiling by high throughput sequencing","Homo sapiens",230,,"TXT;SRA Run Selector","ftp://ftp.ncbi.nlm.nih.gov/geo/series/GSE99nnn/GSE99350/suppl;https://www.ncbi.nlm.nih.gov/Traces/study/?acc=PRJNA388179",28985527,SRP108121,"Yukihiro Yabuta","Feb 21, 2018"
GSE99889,"Genome-wide maps of HIC1 binding sites in human induced regulatory T (iTreg) cells after 72h post polarization","Genome binding/occupancy profiling by high throughput sequencing","Homo sapiens",4,,"BED;SRA Run Selector","ftp://ftp.ncbi.nlm.nih.gov/geo/series/GSE99nnn/GSE99889/suppl;https://www.ncbi.nlm.nih.gov/Traces/study/?acc=PRJNA389910",29466736,SRP108907,"Kartiek Kanduri","Feb 21, 2018"
GSE100334,"Natural and molecular history of prolactinoma: insights from a Prlr -/- mouse model","Expression profiling by array","Mus musculus",14,,"TXT","ftp://ftp.ncbi.nlm.nih.gov/geo/series/GSE100nnn/GSE100334/suppl",29464061,,"Nadine Binart","Feb 21, 2018"
GSE101080,"Genome-wide profiling of Ixr1 binding to the chromatin in Saccharomyces cerevisiae and the changes associated to cisplatin treatment.","Genome binding/occupancy profiling by genome tiling array","Saccharomyces cerevisiae",10,,"CEL;CHP","ftp://ftp.ncbi.nlm.nih.gov/geo/series/GSE101nnn/GSE101080/suppl",29449612,,"Angel Vizoso-Vázquez","Feb 21, 2018"
GSE101733,"Assessment of DNA methylation patterns in osteoarthritic baboon bone and cartilage using the 450K array","Methylation profiling by genome tiling array","Homo sapiens;Papio sp.",20,,"CSV;IDAT","ftp://ftp.ncbi.nlm.nih.gov/geo/series/GSE101nnn/GSE101733/suppl",29457464,,"Genevieve Housman","Feb 21, 2018"
GSE102247,"Autosomal dominant retinitis pigmentosa rhodopsin mutation Q344X drives specific alterations in gene transcription","Expression profiling by high throughput sequencing","Mus musculus",4,,"CSV;SRA Run Selector","ftp://ftp.ncbi.nlm.nih.gov/geo/series/GSE102nnn/GSE102247/suppl;https://www.ncbi.nlm.nih.gov/Traces/study/?acc=PRJNA397079",29463953,SRP114796,"Katie Leigh Bales","Feb 21, 2018"
GSE103339,"Gene expression profiling of skin melanophages and macrophages positive or negative for MHC class II expression","Expression profiling by array","Mus musculus",12,,"CEL","ftp://ftp.ncbi.nlm.nih.gov/geo/series/GSE103nnn/GSE103339/suppl",29511065,,"Thien-Phong Vu Manh","Feb 21, 2018"
GSE103888,"Transcriptomic study of bronchoalveolar lavage cells in the local environment of non-small cell lung cancer","Expression profiling by array","Homo sapiens",19,,"CEL","ftp://ftp.ncbi.nlm.nih.gov/geo/series/GSE103nnn/GSE103888/suppl",29483918,,"Chih-hsi Scott Kuo","Feb 21, 2018"
GSE103945,"Differentiation of functional endothelial cells from human iPS cells","Expression profiling by high throughput sequencing","Homo sapiens",26,,"BEDGRAPH;TXT;SRA Run Selector","ftp://ftp.ncbi.nlm.nih.gov/geo/series/GSE103nnn/GSE103945/suppl;https://www.ncbi.nlm.nih.gov/Traces/study/?acc=PRJNA407756",29594149,SRP117905,"Minna U Kaikkonen","Feb 21, 2018"
GSE104518,"RNA-Seq analysis comparing gene expression changes between Col-0 wild-type (WT) and sig2-2 mutant lines at the whole genome level","Expression profiling by high throughput sequencing","Arabidopsis thaliana",12,,"TXT;SRA Run Selector","ftp://ftp.ncbi.nlm.nih.gov/geo/series/GSE104nnn/GSE104518/suppl;https://www.ncbi.nlm.nih.gov/Traces/study/?acc=PRJNA412889",,SRP119267,"Sookyung Oh","Feb 21, 2018"
GSE106297,"Effects on gene expression of doxorubicin in human stem cells-derived cardiomyocytes","Expression profiling by high throughput sequencing","Homo sapiens",12,,"FPKM_TRACKING;SRA Run Selector","ftp://ftp.ncbi.nlm.nih.gov/geo/series/GSE106nnn/GSE106297/suppl;https://www.ncbi.nlm.nih.gov/Traces/study/?acc=PRJNA416140",27142468,SRP122540,"Manvendra K. Singh","Feb 21, 2018"
GSE107538,"Transcriptomics and Real-Time PCR analysis reveals a cross-modulatory effect between riboflavin and iron and outlines common and specific responses to riboflavin biosynthesis and uptake in Vibrio cholerae","Expression profiling by high throughput sequencing","Vibrio cholerae",15,,"TXT;SRA Run Selector","ftp://ftp.ncbi.nlm.nih.gov/geo/series/GSE107nnn/GSE107538/suppl;https://www.ncbi.nlm.nih.gov/Traces/study/?acc=PRJNA420494",29453341,SRP125892,"Luis Fernando Lozano","Feb 21, 2018"
GSE108844,"Transcriptional profiles of lung macrophage subsets in Mycobacterium Tuberculosis infection","Expression profiling by high throughput sequencing","Mus musculus",12,,"DIFF;TXT;SRA Run Selector","ftp://ftp.ncbi.nlm.nih.gov/geo/series/GSE108nnn/GSE108844/suppl;https://www.ncbi.nlm.nih.gov/Traces/study/?acc=PRJNA428925",29500179,SRP130944,"Lu Huang","Feb 21, 2018"
GSE109171,"RNA sequencing of sorted microglia from NEFH-tTa/tetO-hTDP43 transgenic mouse whole spinal cord","Expression profiling by high throughput sequencing","Mus musculus",35,,"CSV;PDF;TXT;SRA Run Selector","ftp://ftp.ncbi.nlm.nih.gov/geo/series/GSE109nnn/GSE109171/suppl;https://www.ncbi.nlm.nih.gov/Traces/study/?acc=PRJNA429917",29463850,SRP130961,"Chris Roberts","Feb 21, 2018"
GSE109298,"Enzymatic or in vivo installation of propargyl groups in combination with click chemistry enables enrichment and detection of methyltransferase target sites in RNA ","Other","Homo sapiens;synthetic construct",19,,"BED;SRA Run Selector","ftp://ftp.ncbi.nlm.nih.gov/geo/series/GSE109nnn/GSE109298/suppl;https://www.ncbi.nlm.nih.gov/Traces/study/?acc=PRJNA430372",29461645,SRP131073,"Benedikt Sebastian Nilges","Feb 21, 2018"
GSE109608,"RNA-Guided Transcriptional Silencing In Vivo with S. aureus CRISPR-Cas9 Repressors","Expression profiling by high throughput sequencing","Mus musculus",28,,"TXT;SRA Run Selector","ftp://ftp.ncbi.nlm.nih.gov/geo/series/GSE109nnn/GSE109608/suppl;https://www.ncbi.nlm.nih.gov/Traces/study/?acc=PRJNA431468",29700298,SRP131248,"Charles Gersbach","Feb 21, 2018"
GSE110090,"Sequential enhancer sequestration dysregulates recombination center formation at the IgH locus","Other","Mus musculus",11,,"TXT;SRA Run Selector","ftp://ftp.ncbi.nlm.nih.gov/geo/series/GSE110nnn/GSE110090/suppl;https://www.ncbi.nlm.nih.gov/Traces/study/?acc=PRJNA432738",,SRP132092,"Kevin G Becker","Feb 21, 2018"
GSE110687,"Chromatine immunoprecipation of atonal binding sites in Drosophila L3 Brains","Genome binding/occupancy profiling by high throughput sequencing","Drosophila melanogaster",4,,"BED;SRA Run Selector","ftp://ftp.ncbi.nlm.nih.gov/geo/series/GSE110nnn/GSE110687/suppl;https://www.ncbi.nlm.nih.gov/Traces/study/?acc=PRJNA434661",29576424,SRP133106,"Mark Fiers","Feb 21, 2018"
GSE110814,"Transcriptomic analysis of Pancreatic Stellate Cells (PSC) and pancreatic cancer cells","Expression profiling by array","Mus musculus",15,,"TXT","ftp://ftp.ncbi.nlm.nih.gov/geo/series/GSE110nnn/GSE110814/suppl",,,"Eva C Vaquero","Feb 21, 2018"
GSE110815,"miRNA expression of gefitinib-resistant cell lines","Non-coding RNA profiling by array","Homo sapiens",4,,"TXT;XLSX","ftp://ftp.ncbi.nlm.nih.gov/geo/series/GSE110nnn/GSE110815/suppl",29717264,,"Lu Xu","Feb 21, 2018"
GSE110816,"Resident macrophage enhances an autoimmune lesion in Sjögren's syndrome","Expression profiling by RT-PCR","Mus musculus",2,,"XLS","ftp://ftp.ncbi.nlm.nih.gov/geo/series/GSE110nnn/GSE110816/suppl",30467506,,"Aya Ushio","Feb 21, 2018"
GSE110817,"A kinome-wide RNAi screen identifies ALK as a target to sensitize neuroblastoma cells for HDAC8-inhibitor treatment","Expression profiling by array","Homo sapiens",6,,"IDAT","ftp://ftp.ncbi.nlm.nih.gov/geo/series/GSE110nnn/GSE110817/suppl",29515255,,"Emily Koeneke","Feb 21, 2018"
GSE110819,"Gene expression profile of Candida albicans SC5314 in response to sanguinarine exposure","Expression profiling by array","Candida albicans",3,,"LSR","ftp://ftp.ncbi.nlm.nih.gov/geo/series/GSE110nnn/GSE110819/suppl",,,"Hua Zhong","Feb 21, 2018"
GSE110823,"Single cell profiling of the developing mouse brain and spinal cord with split-pool barcoding","Expression profiling by high throughput sequencing","Homo sapiens;Mus musculus",6,,"MAT;SRA Run Selector","ftp://ftp.ncbi.nlm.nih.gov/geo/series/GSE110nnn/GSE110823/suppl;https://www.ncbi.nlm.nih.gov/Traces/study/?acc=PRJNA434658",29545511,SRP133097,"Alexander B Rosenberg","Feb 21, 2018"
GSE110824,"Parallel-factor ER ChIP-seq of Breast Cancer PDX Material","Genome binding/occupancy profiling by high throughput sequencing","Homo sapiens",10,,"NARROWPEAK;SRA Run Selector","ftp://ftp.ncbi.nlm.nih.gov/geo/series/GSE110nnn/GSE110824/suppl;https://www.ncbi.nlm.nih.gov/Traces/study/?acc=PRJNA434662",29672735;27641504,SRP133098,"Andrew Nicholas Holding","Feb 21, 2018"
GSE110884,"The SCN9A channel and plasma membrane depolarization promote cellular senescence through Rb pathway","Expression profiling by array","Homo sapiens",15,,"TXT","ftp://ftp.ncbi.nlm.nih.gov/geo/series/GSE110nnn/GSE110884/suppl",29446526,,"jean-michel flaman","Feb 21, 2018"
GSE110886,"Comparison of Gene Expression between stromal vascular cells (SVC) and newly identified adipose precursor (SPA)","Expression profiling by array","Mus musculus",3,,"TXT","ftp://ftp.ncbi.nlm.nih.gov/geo/series/GSE110nnn/GSE110886/suppl",,,"Kazuo Kajita","Feb 21, 2018"
GSE110890,"Gene expression profiles of mouse glioblastoma tissues following anti-PD-1 and/or temozolomide treatment","Expression profiling by array","Mus musculus",12,,"CEL","ftp://ftp.ncbi.nlm.nih.gov/geo/series/GSE110nnn/GSE110890/suppl",,,"Junseong Park","Feb 21, 2018"
GSE110893,"Morphological and transcriptomic analyses reveal three discrete primary stages of postembryonic development in the common fire salamander, Salamandra salamandra","Expression profiling by array","Salamandra salamandra",23,,"TXT","ftp://ftp.ncbi.nlm.nih.gov/geo/series/GSE110nnn/GSE110893/suppl",29504232,,"Eugenia Sanchez","Feb 21, 2018"
GSE110903,"RNA-seq profiling identifies Androgen Receptor-regulated genes in prostate cancer cells","Expression profiling by high throughput sequencing","Homo sapiens",17,,"CSV;TXT;SRA Run Selector","ftp://ftp.ncbi.nlm.nih.gov/geo/series/GSE110nnn/GSE110903/suppl;https://www.ncbi.nlm.nih.gov/Traces/study/?acc=PRJNA434757",29808028,SRP133187,"Marcin Piotr Cieslik","Feb 21, 2018"
GSE110904,"Gene expression in chicken embryo liver","Expression profiling by array","Gallus gallus",8,,"TXT","ftp://ftp.ncbi.nlm.nih.gov/geo/series/GSE110nnn/GSE110904/suppl",30102407,,"Dumitru Andrei Iacobas","Feb 21, 2018"
GSE110905,"Androgen Receptor-regulated genes in prostate cancer cells","Expression profiling by array;Expression profiling by high throughput sequencing","Homo sapiens",30,,"TXT","ftp://ftp.ncbi.nlm.nih.gov/geo/series/GSE110nnn/GSE110905/suppl",29808028,,"Marcin Piotr Cieslik","Feb 21, 2018"
GSE110906,"Genotoxicity of nitrosamines","Expression profiling by array","Gallus gallus",8,,"TXT","ftp://ftp.ncbi.nlm.nih.gov/geo/series/GSE110nnn/GSE110906/suppl",30102407,,"Dumitru Andrei Iacobas","Feb 21, 2018"
GSE71206,"Deciphering the direct transcriptional targets of the Drosophila Activating transcription factor 3 (Atf3) via ChIp-seq: Atf3 bridges the gap between cell polarity and the nucleus","Genome binding/occupancy profiling by high throughput sequencing","Drosophila melanogaster",8,,"TXT;SRA Run Selector","ftp://ftp.ncbi.nlm.nih.gov/geo/series/GSE71nnn/GSE71206/suppl;https://www.ncbi.nlm.nih.gov/Traces/study/?acc=PRJNA290578",29494583,SRP061423,"Mirka Uhlirova","Feb 20, 2018"
GSE78198,"Hela cell line microRNA profiles following CFIm25 knockdown","Non-coding RNA profiling by high throughput sequencing","Homo sapiens",2,,"TXT;SRA Run Selector","ftp://ftp.ncbi.nlm.nih.gov/geo/series/GSE78nnn/GSE78198/suppl;https://www.ncbi.nlm.nih.gov/Traces/study/?acc=PRJNA312905",,SRP070693,"Hyun Jung Park","Feb 20, 2018"
GSE79422,"Integrative analysis of 3D nucleome and chromatin accessibility reveals a chromatin barrier established for T-lineage commitment during early T cell development [Dnase-Seq, HiC-Seq, Mnase-Seq, RNA-Seq]","Expression profiling by high throughput sequencing;Genome binding/occupancy profiling by high throughput sequencing;Other","Mus musculus",80,,"BEDGRAPH;TXT;SRA Run Selector","ftp://ftp.ncbi.nlm.nih.gov/geo/series/GSE79nnn/GSE79422/suppl;https://www.ncbi.nlm.nih.gov/Traces/study/?acc=PRJNA315817",29466755,SRP072095,"Gangqing Hu","Feb 20, 2018"
GSE79874,"Integrative analysis of 3D nucleome and chromatin accessibility reveals a chromatin barrier established for T-lineage commitment during early T cell development [ChIP-Seq]","Genome binding/occupancy profiling by high throughput sequencing","Mus musculus",8,,"BED;SRA Run Selector","ftp://ftp.ncbi.nlm.nih.gov/geo/series/GSE79nnn/GSE79874/suppl;https://www.ncbi.nlm.nih.gov/Traces/study/?acc=PRJNA317302",29466755,SRP072826,"Satoshi Hirose","Feb 20, 2018"
GSE79875,"Integrative analysis of 3D nucleome and chromatin accessibility reveals a chromatin barrier established for T-lineage commitment during early T cell development","Expression profiling by high throughput sequencing;Genome binding/occupancy profiling by high throughput sequencing;Other","Mus musculus",88,,"BED;BEDGRAPH;TXT","ftp://ftp.ncbi.nlm.nih.gov/geo/series/GSE79nnn/GSE79875/suppl",29466755,,"Gangqing Hu","Feb 20, 2018"
GSE89845,"Transcriptional response to Activating transcription factor 3 (Atf3) activity in the Drosophila eye antenna imaginal disc (EAD) epithelium.","Expression profiling by high throughput sequencing","Drosophila melanogaster",8,,"TXT;SRA Run Selector","ftp://ftp.ncbi.nlm.nih.gov/geo/series/GSE89nnn/GSE89845/suppl;https://www.ncbi.nlm.nih.gov/Traces/study/?acc=PRJNA353592",29494583,SRP093352,"Mirka Uhlirova","Feb 20, 2018"
GSE90570,"Transcriptional repressor HIC1 contributes to suppressive function of human induced regulatory T cells","Expression profiling by high throughput sequencing","Homo sapiens",69,,,,29466736,,"Sini Rautio","Feb 20, 2018"
GSE93700,"Genome-wide small RNAs expression analysis of Y-chromosome aneuploidy strains of Drosophila melanogaster","Non-coding RNA profiling by high throughput sequencing","Drosophila melanogaster",12,,"TXT;SRA Run Selector","ftp://ftp.ncbi.nlm.nih.gov/geo/series/GSE93nnn/GSE93700/suppl;https://www.ncbi.nlm.nih.gov/Traces/study/?acc=PRJNA361578",29237855,SRP096879,"Bernardo Lemos","Feb 20, 2018"
